imagen,caracteristica_1,caracteristica_2,caracteristica_3,caracteristica_4,caracteristica_5,caracteristica_6,caracteristica_7,caracteristica_8,caracteristica_9,caracteristica_10,caracteristica_11,caracteristica_12,caracteristica_13,caracteristica_14,caracteristica_15,caracteristica_16,caracteristica_17,caracteristica_18,caracteristica_19,caracteristica_20,caracteristica_21,caracteristica_22,caracteristica_23,caracteristica_24,caracteristica_25,caracteristica_26,caracteristica_27,caracteristica_28,caracteristica_29,caracteristica_30,caracteristica_31,caracteristica_32,caracteristica_33,caracteristica_34,caracteristica_35,caracteristica_36,caracteristica_37,caracteristica_38,caracteristica_39,caracteristica_40,caracteristica_41,caracteristica_42,caracteristica_43,caracteristica_44,caracteristica_45,caracteristica_46,caracteristica_47,caracteristica_48,caracteristica_49,caracteristica_50,caracteristica_51,caracteristica_52,caracteristica_53,caracteristica_54,caracteristica_55,caracteristica_56,caracteristica_57,caracteristica_58,caracteristica_59,caracteristica_60,caracteristica_61,caracteristica_62,caracteristica_63,caracteristica_64,caracteristica_65,caracteristica_66,caracteristica_67,caracteristica_68,caracteristica_69,caracteristica_70,caracteristica_71,caracteristica_72,caracteristica_73,caracteristica_74,caracteristica_75,caracteristica_76,caracteristica_77,caracteristica_78,caracteristica_79,caracteristica_80,caracteristica_81,caracteristica_82,caracteristica_83,caracteristica_84,caracteristica_85,caracteristica_86,caracteristica_87,caracteristica_88,caracteristica_89,caracteristica_90,caracteristica_91,caracteristica_92,caracteristica_93,caracteristica_94,caracteristica_95,caracteristica_96,caracteristica_97,caracteristica_98,caracteristica_99,caracteristica_100,caracteristica_101,caracteristica_102,caracteristica_103,caracteristica_104,caracteristica_105,caracteristica_106,caracteristica_107,caracteristica_108,caracteristica_109,caracteristica_110,caracteristica_111,caracteristica_112,caracteristica_113,caracteristica_114,caracteristica_115,caracteristica_116,caracteristica_117,caracteristica_118,caracteristica_119,caracteristica_120,caracteristica_121,caracteristica_122,caracteristica_123,caracteristica_124,caracteristica_125,caracteristica_126,caracteristica_127,caracteristica_128,caracteristica_129,caracteristica_130,caracteristica_131,caracteristica_132,caracteristica_133,caracteristica_134,caracteristica_135,caracteristica_136,caracteristica_137,caracteristica_138,caracteristica_139,caracteristica_140,caracteristica_141,caracteristica_142,caracteristica_143,caracteristica_144,caracteristica_145,caracteristica_146,caracteristica_147,caracteristica_148,caracteristica_149,caracteristica_150,caracteristica_151,caracteristica_152,caracteristica_153,caracteristica_154,caracteristica_155,caracteristica_156,caracteristica_157,caracteristica_158,caracteristica_159,caracteristica_160,caracteristica_161,caracteristica_162,caracteristica_163,caracteristica_164,caracteristica_165,caracteristica_166,caracteristica_167,caracteristica_168,caracteristica_169,caracteristica_170,caracteristica_171,caracteristica_172,caracteristica_173,caracteristica_174,caracteristica_175,caracteristica_176,caracteristica_177,caracteristica_178,caracteristica_179,caracteristica_180,caracteristica_181,caracteristica_182,caracteristica_183,caracteristica_184,caracteristica_185,caracteristica_186,caracteristica_187,caracteristica_188,caracteristica_189,caracteristica_190,caracteristica_191,caracteristica_192,caracteristica_193,caracteristica_194,caracteristica_195,caracteristica_196,caracteristica_197,caracteristica_198,caracteristica_199,caracteristica_200,caracteristica_201,caracteristica_202,caracteristica_203,caracteristica_204,caracteristica_205,caracteristica_206,caracteristica_207,caracteristica_208,caracteristica_209,caracteristica_210,caracteristica_211,caracteristica_212,caracteristica_213,caracteristica_214,caracteristica_215,caracteristica_216,caracteristica_217,caracteristica_218,caracteristica_219,caracteristica_220,caracteristica_221,caracteristica_222,caracteristica_223,caracteristica_224,caracteristica_225,caracteristica_226,caracteristica_227,caracteristica_228,caracteristica_229,caracteristica_230,caracteristica_231,caracteristica_232,caracteristica_233,caracteristica_234,caracteristica_235,caracteristica_236,caracteristica_237,caracteristica_238,caracteristica_239,caracteristica_240,caracteristica_241,caracteristica_242,caracteristica_243,caracteristica_244,caracteristica_245,caracteristica_246,caracteristica_247,caracteristica_248,caracteristica_249,caracteristica_250,caracteristica_251,caracteristica_252,caracteristica_253,caracteristica_254,caracteristica_255,caracteristica_256,caracteristica_257,caracteristica_258,caracteristica_259,caracteristica_260,caracteristica_261,caracteristica_262,caracteristica_263,caracteristica_264,caracteristica_265,caracteristica_266,caracteristica_267,caracteristica_268,caracteristica_269,caracteristica_270,caracteristica_271,caracteristica_272,caracteristica_273,caracteristica_274,caracteristica_275,caracteristica_276,caracteristica_277,caracteristica_278,caracteristica_279,caracteristica_280,caracteristica_281,caracteristica_282,caracteristica_283,caracteristica_284,caracteristica_285,caracteristica_286,caracteristica_287,caracteristica_288,caracteristica_289,caracteristica_290,caracteristica_291,caracteristica_292,caracteristica_293,caracteristica_294,caracteristica_295,caracteristica_296,caracteristica_297,caracteristica_298,caracteristica_299,caracteristica_300,caracteristica_301,caracteristica_302,caracteristica_303,caracteristica_304,caracteristica_305,caracteristica_306,caracteristica_307,caracteristica_308,caracteristica_309,caracteristica_310,caracteristica_311,caracteristica_312,caracteristica_313,caracteristica_314,caracteristica_315,caracteristica_316,caracteristica_317,caracteristica_318,caracteristica_319,caracteristica_320,caracteristica_321,caracteristica_322,caracteristica_323,caracteristica_324,caracteristica_325,caracteristica_326,caracteristica_327,caracteristica_328,caracteristica_329,caracteristica_330,caracteristica_331,caracteristica_332,caracteristica_333,caracteristica_334,caracteristica_335,caracteristica_336,caracteristica_337,caracteristica_338,caracteristica_339,caracteristica_340,caracteristica_341,caracteristica_342,caracteristica_343,caracteristica_344,caracteristica_345,caracteristica_346,caracteristica_347,caracteristica_348,caracteristica_349,caracteristica_350,caracteristica_351,caracteristica_352,caracteristica_353,caracteristica_354,caracteristica_355,caracteristica_356,caracteristica_357,caracteristica_358,caracteristica_359,caracteristica_360,caracteristica_361,caracteristica_362,caracteristica_363,caracteristica_364,caracteristica_365,caracteristica_366,caracteristica_367,caracteristica_368,caracteristica_369,caracteristica_370,caracteristica_371,caracteristica_372,caracteristica_373,caracteristica_374,caracteristica_375,caracteristica_376,caracteristica_377,caracteristica_378,caracteristica_379,caracteristica_380,caracteristica_381,caracteristica_382,caracteristica_383,caracteristica_384,caracteristica_385,caracteristica_386,caracteristica_387,caracteristica_388,caracteristica_389,caracteristica_390,caracteristica_391,caracteristica_392,caracteristica_393,caracteristica_394,caracteristica_395,caracteristica_396,caracteristica_397,caracteristica_398,caracteristica_399,caracteristica_400,caracteristica_401,caracteristica_402,caracteristica_403,caracteristica_404,caracteristica_405,caracteristica_406,caracteristica_407,caracteristica_408,caracteristica_409,caracteristica_410,caracteristica_411,caracteristica_412,caracteristica_413,caracteristica_414,caracteristica_415,caracteristica_416,caracteristica_417,caracteristica_418,caracteristica_419,caracteristica_420,caracteristica_421,caracteristica_422,caracteristica_423,caracteristica_424,caracteristica_425,caracteristica_426,caracteristica_427,caracteristica_428,caracteristica_429,caracteristica_430,caracteristica_431,caracteristica_432,caracteristica_433,caracteristica_434,caracteristica_435,caracteristica_436,caracteristica_437,caracteristica_438,caracteristica_439,caracteristica_440,caracteristica_441,caracteristica_442,caracteristica_443,caracteristica_444,caracteristica_445,caracteristica_446,caracteristica_447,caracteristica_448,caracteristica_449,caracteristica_450,caracteristica_451,caracteristica_452,caracteristica_453,caracteristica_454,caracteristica_455,caracteristica_456,caracteristica_457,caracteristica_458,caracteristica_459,caracteristica_460,caracteristica_461,caracteristica_462,caracteristica_463,caracteristica_464,caracteristica_465,caracteristica_466,caracteristica_467,caracteristica_468,caracteristica_469,caracteristica_470,caracteristica_471,caracteristica_472,caracteristica_473,caracteristica_474,caracteristica_475,caracteristica_476,caracteristica_477,caracteristica_478,caracteristica_479,caracteristica_480,caracteristica_481,caracteristica_482,caracteristica_483,caracteristica_484,caracteristica_485,caracteristica_486,caracteristica_487,caracteristica_488,caracteristica_489,caracteristica_490,caracteristica_491,caracteristica_492,caracteristica_493,caracteristica_494,caracteristica_495,caracteristica_496,caracteristica_497,caracteristica_498,caracteristica_499,caracteristica_500,caracteristica_501,caracteristica_502,caracteristica_503,caracteristica_504,caracteristica_505,caracteristica_506,caracteristica_507,caracteristica_508,caracteristica_509,caracteristica_510,caracteristica_511,caracteristica_512,caracteristica_513,caracteristica_514,caracteristica_515,caracteristica_516,caracteristica_517,caracteristica_518,caracteristica_519,caracteristica_520,caracteristica_521,caracteristica_522,caracteristica_523,caracteristica_524,caracteristica_525,caracteristica_526,caracteristica_527,caracteristica_528,caracteristica_529,caracteristica_530,caracteristica_531,caracteristica_532,caracteristica_533,caracteristica_534,caracteristica_535,caracteristica_536,caracteristica_537,caracteristica_538,caracteristica_539,caracteristica_540,caracteristica_541,caracteristica_542,caracteristica_543,caracteristica_544,caracteristica_545,caracteristica_546,caracteristica_547,caracteristica_548,caracteristica_549,caracteristica_550,caracteristica_551,caracteristica_552,caracteristica_553,caracteristica_554,caracteristica_555,caracteristica_556,caracteristica_557,caracteristica_558,caracteristica_559,caracteristica_560,caracteristica_561,caracteristica_562,caracteristica_563,caracteristica_564,caracteristica_565,caracteristica_566,caracteristica_567,caracteristica_568,caracteristica_569,caracteristica_570,caracteristica_571,caracteristica_572,caracteristica_573,caracteristica_574,caracteristica_575,caracteristica_576,caracteristica_577,caracteristica_578,caracteristica_579,caracteristica_580,caracteristica_581,caracteristica_582,caracteristica_583,caracteristica_584,caracteristica_585,caracteristica_586,caracteristica_587,caracteristica_588,caracteristica_589,caracteristica_590,caracteristica_591,caracteristica_592,caracteristica_593,caracteristica_594,caracteristica_595,caracteristica_596,caracteristica_597,caracteristica_598,caracteristica_599,caracteristica_600,caracteristica_601,caracteristica_602,caracteristica_603,caracteristica_604,caracteristica_605,caracteristica_606,caracteristica_607,caracteristica_608,caracteristica_609,caracteristica_610,caracteristica_611,caracteristica_612,caracteristica_613,caracteristica_614,caracteristica_615,caracteristica_616,caracteristica_617,caracteristica_618,caracteristica_619,caracteristica_620,caracteristica_621,caracteristica_622,caracteristica_623,caracteristica_624,caracteristica_625,caracteristica_626,caracteristica_627,caracteristica_628,caracteristica_629,caracteristica_630,caracteristica_631,caracteristica_632,caracteristica_633,caracteristica_634,caracteristica_635,caracteristica_636,caracteristica_637,caracteristica_638,caracteristica_639,caracteristica_640,caracteristica_641,caracteristica_642,caracteristica_643,caracteristica_644,caracteristica_645,caracteristica_646,caracteristica_647,caracteristica_648,caracteristica_649,caracteristica_650,caracteristica_651,caracteristica_652,caracteristica_653,caracteristica_654,caracteristica_655,caracteristica_656,caracteristica_657,caracteristica_658,caracteristica_659,caracteristica_660,caracteristica_661,caracteristica_662,caracteristica_663,caracteristica_664,caracteristica_665,caracteristica_666,caracteristica_667,caracteristica_668,caracteristica_669,caracteristica_670,caracteristica_671,caracteristica_672,caracteristica_673,caracteristica_674,caracteristica_675,caracteristica_676,caracteristica_677,caracteristica_678,caracteristica_679,caracteristica_680,caracteristica_681,caracteristica_682,caracteristica_683,caracteristica_684,caracteristica_685,caracteristica_686,caracteristica_687,caracteristica_688,caracteristica_689,caracteristica_690,caracteristica_691,caracteristica_692,caracteristica_693,caracteristica_694,caracteristica_695,caracteristica_696,caracteristica_697,caracteristica_698,caracteristica_699,caracteristica_700,caracteristica_701,caracteristica_702,caracteristica_703,caracteristica_704,caracteristica_705,caracteristica_706,caracteristica_707,caracteristica_708,caracteristica_709,caracteristica_710,caracteristica_711,caracteristica_712,caracteristica_713,caracteristica_714,caracteristica_715,caracteristica_716,caracteristica_717,caracteristica_718,caracteristica_719,caracteristica_720,caracteristica_721,caracteristica_722,caracteristica_723,caracteristica_724,caracteristica_725,caracteristica_726,caracteristica_727,caracteristica_728,caracteristica_729,caracteristica_730,caracteristica_731,caracteristica_732,caracteristica_733,caracteristica_734,caracteristica_735,caracteristica_736,caracteristica_737,caracteristica_738,caracteristica_739,caracteristica_740,caracteristica_741,caracteristica_742,caracteristica_743,caracteristica_744,caracteristica_745,caracteristica_746,caracteristica_747,caracteristica_748,caracteristica_749,caracteristica_750,caracteristica_751,caracteristica_752,caracteristica_753,caracteristica_754,caracteristica_755,caracteristica_756,caracteristica_757,caracteristica_758,caracteristica_759,caracteristica_760,caracteristica_761,caracteristica_762,caracteristica_763,caracteristica_764,caracteristica_765,caracteristica_766,caracteristica_767,caracteristica_768,caracteristica_769,caracteristica_770,caracteristica_771,caracteristica_772,caracteristica_773,caracteristica_774,caracteristica_775,caracteristica_776,caracteristica_777,caracteristica_778,caracteristica_779,caracteristica_780,caracteristica_781,caracteristica_782,caracteristica_783,caracteristica_784,caracteristica_785,caracteristica_786,caracteristica_787,caracteristica_788,caracteristica_789,caracteristica_790,caracteristica_791,caracteristica_792,caracteristica_793,caracteristica_794,caracteristica_795,caracteristica_796,caracteristica_797,caracteristica_798,caracteristica_799,caracteristica_800,caracteristica_801,caracteristica_802,caracteristica_803,caracteristica_804,caracteristica_805,caracteristica_806,caracteristica_807,caracteristica_808,caracteristica_809,caracteristica_810,caracteristica_811,caracteristica_812,caracteristica_813,caracteristica_814,caracteristica_815,caracteristica_816,caracteristica_817,caracteristica_818,caracteristica_819,caracteristica_820,caracteristica_821,caracteristica_822,caracteristica_823,caracteristica_824,caracteristica_825,caracteristica_826,caracteristica_827,caracteristica_828,caracteristica_829,caracteristica_830,caracteristica_831,caracteristica_832,caracteristica_833,caracteristica_834,caracteristica_835,caracteristica_836,caracteristica_837,caracteristica_838,caracteristica_839,caracteristica_840,caracteristica_841,caracteristica_842,caracteristica_843,caracteristica_844,caracteristica_845,caracteristica_846,caracteristica_847,caracteristica_848,caracteristica_849,caracteristica_850,caracteristica_851,caracteristica_852,caracteristica_853,caracteristica_854,caracteristica_855,caracteristica_856,caracteristica_857,caracteristica_858,caracteristica_859,caracteristica_860,caracteristica_861,caracteristica_862,caracteristica_863,caracteristica_864,caracteristica_865,caracteristica_866,caracteristica_867,caracteristica_868,caracteristica_869,caracteristica_870,caracteristica_871,caracteristica_872,caracteristica_873,caracteristica_874,caracteristica_875,caracteristica_876,caracteristica_877,caracteristica_878,caracteristica_879,caracteristica_880,caracteristica_881,caracteristica_882,caracteristica_883,caracteristica_884,caracteristica_885,caracteristica_886,caracteristica_887,caracteristica_888,caracteristica_889,caracteristica_890,caracteristica_891,caracteristica_892,caracteristica_893,caracteristica_894,caracteristica_895,caracteristica_896,caracteristica_897,caracteristica_898,caracteristica_899,caracteristica_900,caracteristica_901,caracteristica_902,caracteristica_903,caracteristica_904,caracteristica_905,caracteristica_906,caracteristica_907,caracteristica_908,caracteristica_909,caracteristica_910,caracteristica_911,caracteristica_912,caracteristica_913,caracteristica_914,caracteristica_915,caracteristica_916,caracteristica_917,caracteristica_918,caracteristica_919,caracteristica_920,caracteristica_921,caracteristica_922,caracteristica_923,caracteristica_924,caracteristica_925,caracteristica_926,caracteristica_927,caracteristica_928,caracteristica_929,caracteristica_930,caracteristica_931,caracteristica_932,caracteristica_933,caracteristica_934,caracteristica_935,caracteristica_936,caracteristica_937,caracteristica_938,caracteristica_939,caracteristica_940,caracteristica_941,caracteristica_942,caracteristica_943,caracteristica_944,caracteristica_945,caracteristica_946,caracteristica_947,caracteristica_948,caracteristica_949,caracteristica_950,caracteristica_951,caracteristica_952,caracteristica_953,caracteristica_954,caracteristica_955,caracteristica_956,caracteristica_957,caracteristica_958,caracteristica_959,caracteristica_960,caracteristica_961,caracteristica_962,caracteristica_963,caracteristica_964,caracteristica_965,caracteristica_966,caracteristica_967,caracteristica_968,caracteristica_969,caracteristica_970,caracteristica_971,caracteristica_972,caracteristica_973,caracteristica_974,caracteristica_975,caracteristica_976,caracteristica_977,caracteristica_978,caracteristica_979,caracteristica_980,caracteristica_981,caracteristica_982,caracteristica_983,caracteristica_984,caracteristica_985,caracteristica_986,caracteristica_987,caracteristica_988,caracteristica_989,caracteristica_990,caracteristica_991,caracteristica_992,caracteristica_993,caracteristica_994,caracteristica_995,caracteristica_996,caracteristica_997,caracteristica_998,caracteristica_999,caracteristica_1000,caracteristica_1001,caracteristica_1002,caracteristica_1003,caracteristica_1004,caracteristica_1005,caracteristica_1006,caracteristica_1007,caracteristica_1008,caracteristica_1009,caracteristica_1010,caracteristica_1011,caracteristica_1012,caracteristica_1013,caracteristica_1014,caracteristica_1015,caracteristica_1016,caracteristica_1017,caracteristica_1018,caracteristica_1019,caracteristica_1020,caracteristica_1021,caracteristica_1022,caracteristica_1023,caracteristica_1024,caracteristica_1025,caracteristica_1026,caracteristica_1027,caracteristica_1028,caracteristica_1029,caracteristica_1030,caracteristica_1031,caracteristica_1032,caracteristica_1033,caracteristica_1034,caracteristica_1035,caracteristica_1036,caracteristica_1037,caracteristica_1038,caracteristica_1039,caracteristica_1040,caracteristica_1041,caracteristica_1042,caracteristica_1043,caracteristica_1044,caracteristica_1045,caracteristica_1046,caracteristica_1047,caracteristica_1048,caracteristica_1049,caracteristica_1050,caracteristica_1051,caracteristica_1052,caracteristica_1053,caracteristica_1054,caracteristica_1055,caracteristica_1056,caracteristica_1057,caracteristica_1058,caracteristica_1059,caracteristica_1060,caracteristica_1061,caracteristica_1062,caracteristica_1063,caracteristica_1064,caracteristica_1065,caracteristica_1066,caracteristica_1067,caracteristica_1068,caracteristica_1069,caracteristica_1070,caracteristica_1071,caracteristica_1072,caracteristica_1073,caracteristica_1074,caracteristica_1075,caracteristica_1076,caracteristica_1077,caracteristica_1078,caracteristica_1079,caracteristica_1080,caracteristica_1081,caracteristica_1082,caracteristica_1083,caracteristica_1084,caracteristica_1085,caracteristica_1086,caracteristica_1087,caracteristica_1088,caracteristica_1089,caracteristica_1090,caracteristica_1091,caracteristica_1092,caracteristica_1093,caracteristica_1094,caracteristica_1095,caracteristica_1096,caracteristica_1097,caracteristica_1098,caracteristica_1099,caracteristica_1100,caracteristica_1101,caracteristica_1102,caracteristica_1103,caracteristica_1104,caracteristica_1105,caracteristica_1106,caracteristica_1107,caracteristica_1108,caracteristica_1109,caracteristica_1110,caracteristica_1111,caracteristica_1112,caracteristica_1113,caracteristica_1114,caracteristica_1115,caracteristica_1116,caracteristica_1117,caracteristica_1118,caracteristica_1119,caracteristica_1120,caracteristica_1121,caracteristica_1122,caracteristica_1123,caracteristica_1124,caracteristica_1125,caracteristica_1126,caracteristica_1127,caracteristica_1128,caracteristica_1129,caracteristica_1130,caracteristica_1131,caracteristica_1132,caracteristica_1133,caracteristica_1134,caracteristica_1135,caracteristica_1136,caracteristica_1137,caracteristica_1138,caracteristica_1139,caracteristica_1140,caracteristica_1141,caracteristica_1142,caracteristica_1143,caracteristica_1144,caracteristica_1145,caracteristica_1146,caracteristica_1147,caracteristica_1148,caracteristica_1149,caracteristica_1150,caracteristica_1151,caracteristica_1152,caracteristica_1153,caracteristica_1154,caracteristica_1155,caracteristica_1156,caracteristica_1157,caracteristica_1158,caracteristica_1159,caracteristica_1160,caracteristica_1161,caracteristica_1162,caracteristica_1163,caracteristica_1164,caracteristica_1165,caracteristica_1166,caracteristica_1167,caracteristica_1168,caracteristica_1169,caracteristica_1170,caracteristica_1171,caracteristica_1172,caracteristica_1173,caracteristica_1174,caracteristica_1175,caracteristica_1176,caracteristica_1177,caracteristica_1178,caracteristica_1179,caracteristica_1180,caracteristica_1181,caracteristica_1182,caracteristica_1183,caracteristica_1184,caracteristica_1185,caracteristica_1186,caracteristica_1187,caracteristica_1188,caracteristica_1189,caracteristica_1190,caracteristica_1191,caracteristica_1192,caracteristica_1193,caracteristica_1194,caracteristica_1195,caracteristica_1196,caracteristica_1197,caracteristica_1198,caracteristica_1199,caracteristica_1200,caracteristica_1201,caracteristica_1202,caracteristica_1203,caracteristica_1204,caracteristica_1205,caracteristica_1206,caracteristica_1207,caracteristica_1208,caracteristica_1209,caracteristica_1210,caracteristica_1211,caracteristica_1212,caracteristica_1213,caracteristica_1214,caracteristica_1215,caracteristica_1216,caracteristica_1217,caracteristica_1218,caracteristica_1219,caracteristica_1220,caracteristica_1221,caracteristica_1222,caracteristica_1223,caracteristica_1224,caracteristica_1225,caracteristica_1226,caracteristica_1227,caracteristica_1228,caracteristica_1229,caracteristica_1230,caracteristica_1231,caracteristica_1232,caracteristica_1233,caracteristica_1234,caracteristica_1235,caracteristica_1236,caracteristica_1237,caracteristica_1238,caracteristica_1239,caracteristica_1240,caracteristica_1241,caracteristica_1242,caracteristica_1243,caracteristica_1244,caracteristica_1245,caracteristica_1246,caracteristica_1247,caracteristica_1248,caracteristica_1249,caracteristica_1250,caracteristica_1251,caracteristica_1252,caracteristica_1253,caracteristica_1254,caracteristica_1255,caracteristica_1256,caracteristica_1257,caracteristica_1258,caracteristica_1259,caracteristica_1260,caracteristica_1261,caracteristica_1262,caracteristica_1263,caracteristica_1264,caracteristica_1265,caracteristica_1266,caracteristica_1267,caracteristica_1268,caracteristica_1269,caracteristica_1270,caracteristica_1271,caracteristica_1272,caracteristica_1273,caracteristica_1274,caracteristica_1275,caracteristica_1276,caracteristica_1277,caracteristica_1278,caracteristica_1279,caracteristica_1280,caracteristica_1281,caracteristica_1282,caracteristica_1283,caracteristica_1284,caracteristica_1285,caracteristica_1286,caracteristica_1287,caracteristica_1288,caracteristica_1289,caracteristica_1290,caracteristica_1291,caracteristica_1292,caracteristica_1293,caracteristica_1294,caracteristica_1295,caracteristica_1296,caracteristica_1297,caracteristica_1298,caracteristica_1299,caracteristica_1300,caracteristica_1301,caracteristica_1302,caracteristica_1303,caracteristica_1304,caracteristica_1305,caracteristica_1306,caracteristica_1307,caracteristica_1308,caracteristica_1309,caracteristica_1310,caracteristica_1311,caracteristica_1312,caracteristica_1313,caracteristica_1314,caracteristica_1315,caracteristica_1316,caracteristica_1317,caracteristica_1318,caracteristica_1319,caracteristica_1320,caracteristica_1321,caracteristica_1322,caracteristica_1323,caracteristica_1324,caracteristica_1325,caracteristica_1326,caracteristica_1327,caracteristica_1328,caracteristica_1329,caracteristica_1330,caracteristica_1331,caracteristica_1332,caracteristica_1333,caracteristica_1334,caracteristica_1335,caracteristica_1336,caracteristica_1337,caracteristica_1338,caracteristica_1339,caracteristica_1340,caracteristica_1341,caracteristica_1342,caracteristica_1343,caracteristica_1344,caracteristica_1345,caracteristica_1346,caracteristica_1347,caracteristica_1348,caracteristica_1349,caracteristica_1350,caracteristica_1351,caracteristica_1352,caracteristica_1353,caracteristica_1354,caracteristica_1355,caracteristica_1356,caracteristica_1357,caracteristica_1358,caracteristica_1359,caracteristica_1360,caracteristica_1361,caracteristica_1362,caracteristica_1363,caracteristica_1364,caracteristica_1365,caracteristica_1366,caracteristica_1367,caracteristica_1368,caracteristica_1369,caracteristica_1370,caracteristica_1371,caracteristica_1372,caracteristica_1373,caracteristica_1374,caracteristica_1375,caracteristica_1376,caracteristica_1377,caracteristica_1378,caracteristica_1379,caracteristica_1380,caracteristica_1381,caracteristica_1382,caracteristica_1383,caracteristica_1384,caracteristica_1385,caracteristica_1386,caracteristica_1387,caracteristica_1388,caracteristica_1389,caracteristica_1390,caracteristica_1391,caracteristica_1392,caracteristica_1393,caracteristica_1394,caracteristica_1395,caracteristica_1396,caracteristica_1397,caracteristica_1398,caracteristica_1399,caracteristica_1400,caracteristica_1401,caracteristica_1402,caracteristica_1403,caracteristica_1404,caracteristica_1405,caracteristica_1406,caracteristica_1407,caracteristica_1408,caracteristica_1409,caracteristica_1410,caracteristica_1411,caracteristica_1412,caracteristica_1413,caracteristica_1414,caracteristica_1415,caracteristica_1416,caracteristica_1417,caracteristica_1418,caracteristica_1419,caracteristica_1420,caracteristica_1421,caracteristica_1422,caracteristica_1423,caracteristica_1424,caracteristica_1425,caracteristica_1426,caracteristica_1427,caracteristica_1428,caracteristica_1429,caracteristica_1430,caracteristica_1431,caracteristica_1432,caracteristica_1433,caracteristica_1434,caracteristica_1435,caracteristica_1436,caracteristica_1437,caracteristica_1438,caracteristica_1439,caracteristica_1440,caracteristica_1441,caracteristica_1442,caracteristica_1443,caracteristica_1444,caracteristica_1445,caracteristica_1446,caracteristica_1447,caracteristica_1448,caracteristica_1449,caracteristica_1450,caracteristica_1451,caracteristica_1452,caracteristica_1453,caracteristica_1454,caracteristica_1455,caracteristica_1456,caracteristica_1457,caracteristica_1458,caracteristica_1459,caracteristica_1460,caracteristica_1461,caracteristica_1462,caracteristica_1463,caracteristica_1464,caracteristica_1465,caracteristica_1466,caracteristica_1467,caracteristica_1468,caracteristica_1469,caracteristica_1470,caracteristica_1471,caracteristica_1472,caracteristica_1473,caracteristica_1474,caracteristica_1475,caracteristica_1476,caracteristica_1477,caracteristica_1478,caracteristica_1479,caracteristica_1480,caracteristica_1481,caracteristica_1482,caracteristica_1483,caracteristica_1484,caracteristica_1485,caracteristica_1486,caracteristica_1487,caracteristica_1488,caracteristica_1489,caracteristica_1490,caracteristica_1491,caracteristica_1492,caracteristica_1493,caracteristica_1494,caracteristica_1495,caracteristica_1496,caracteristica_1497,caracteristica_1498,caracteristica_1499,caracteristica_1500,caracteristica_1501,caracteristica_1502,caracteristica_1503,caracteristica_1504,caracteristica_1505,caracteristica_1506,caracteristica_1507,caracteristica_1508,caracteristica_1509,caracteristica_1510,caracteristica_1511,caracteristica_1512,caracteristica_1513,caracteristica_1514,caracteristica_1515,caracteristica_1516,caracteristica_1517,caracteristica_1518,caracteristica_1519,caracteristica_1520,caracteristica_1521,caracteristica_1522,caracteristica_1523,caracteristica_1524,caracteristica_1525,caracteristica_1526,caracteristica_1527,caracteristica_1528,caracteristica_1529,caracteristica_1530,caracteristica_1531,caracteristica_1532,caracteristica_1533,caracteristica_1534,caracteristica_1535,caracteristica_1536,caracteristica_1537,caracteristica_1538,caracteristica_1539,caracteristica_1540,caracteristica_1541,caracteristica_1542,caracteristica_1543,caracteristica_1544,caracteristica_1545,caracteristica_1546,caracteristica_1547,caracteristica_1548,caracteristica_1549,caracteristica_1550,caracteristica_1551,caracteristica_1552,caracteristica_1553,caracteristica_1554,caracteristica_1555,caracteristica_1556,caracteristica_1557,caracteristica_1558,caracteristica_1559,caracteristica_1560,caracteristica_1561,caracteristica_1562,caracteristica_1563,caracteristica_1564,caracteristica_1565,caracteristica_1566,caracteristica_1567,caracteristica_1568,caracteristica_1569,caracteristica_1570,caracteristica_1571,caracteristica_1572,caracteristica_1573,caracteristica_1574,caracteristica_1575,caracteristica_1576,caracteristica_1577,caracteristica_1578,caracteristica_1579,caracteristica_1580,caracteristica_1581,caracteristica_1582,caracteristica_1583,caracteristica_1584,caracteristica_1585,caracteristica_1586,caracteristica_1587,caracteristica_1588,caracteristica_1589,caracteristica_1590,caracteristica_1591,caracteristica_1592,caracteristica_1593,caracteristica_1594,caracteristica_1595,caracteristica_1596,caracteristica_1597,caracteristica_1598,caracteristica_1599,caracteristica_1600,caracteristica_1601,caracteristica_1602,caracteristica_1603,caracteristica_1604,caracteristica_1605,caracteristica_1606,caracteristica_1607,caracteristica_1608,caracteristica_1609,caracteristica_1610,caracteristica_1611,caracteristica_1612,caracteristica_1613,caracteristica_1614,caracteristica_1615,caracteristica_1616,caracteristica_1617,caracteristica_1618,caracteristica_1619,caracteristica_1620,caracteristica_1621,caracteristica_1622,caracteristica_1623,caracteristica_1624,caracteristica_1625,caracteristica_1626,caracteristica_1627,caracteristica_1628,caracteristica_1629,caracteristica_1630,caracteristica_1631,caracteristica_1632,caracteristica_1633,caracteristica_1634,caracteristica_1635,caracteristica_1636,caracteristica_1637,caracteristica_1638,caracteristica_1639,caracteristica_1640,caracteristica_1641,caracteristica_1642,caracteristica_1643,caracteristica_1644,caracteristica_1645,caracteristica_1646,caracteristica_1647,caracteristica_1648,caracteristica_1649,caracteristica_1650,caracteristica_1651,caracteristica_1652,caracteristica_1653,caracteristica_1654,caracteristica_1655,caracteristica_1656,caracteristica_1657,caracteristica_1658,caracteristica_1659,caracteristica_1660,caracteristica_1661,caracteristica_1662,caracteristica_1663,caracteristica_1664,caracteristica_1665,caracteristica_1666,caracteristica_1667,caracteristica_1668,caracteristica_1669,caracteristica_1670,caracteristica_1671,caracteristica_1672,caracteristica_1673,caracteristica_1674,caracteristica_1675,caracteristica_1676,caracteristica_1677,caracteristica_1678,caracteristica_1679,caracteristica_1680,caracteristica_1681,caracteristica_1682,caracteristica_1683,caracteristica_1684,caracteristica_1685,caracteristica_1686,caracteristica_1687,caracteristica_1688,caracteristica_1689,caracteristica_1690,caracteristica_1691,caracteristica_1692,caracteristica_1693,caracteristica_1694,caracteristica_1695,caracteristica_1696,caracteristica_1697,caracteristica_1698,caracteristica_1699,caracteristica_1700,caracteristica_1701,caracteristica_1702,caracteristica_1703,caracteristica_1704,caracteristica_1705,caracteristica_1706,caracteristica_1707,caracteristica_1708,caracteristica_1709,caracteristica_1710,caracteristica_1711,caracteristica_1712,caracteristica_1713,caracteristica_1714,caracteristica_1715,caracteristica_1716,caracteristica_1717,caracteristica_1718,caracteristica_1719,caracteristica_1720,caracteristica_1721,caracteristica_1722,caracteristica_1723,caracteristica_1724,caracteristica_1725,caracteristica_1726,caracteristica_1727,caracteristica_1728,caracteristica_1729,caracteristica_1730,caracteristica_1731,caracteristica_1732,caracteristica_1733,caracteristica_1734,caracteristica_1735,caracteristica_1736,caracteristica_1737,caracteristica_1738,caracteristica_1739,caracteristica_1740,caracteristica_1741,caracteristica_1742,caracteristica_1743,caracteristica_1744,caracteristica_1745,caracteristica_1746,caracteristica_1747,caracteristica_1748,caracteristica_1749,caracteristica_1750,caracteristica_1751,caracteristica_1752,caracteristica_1753,caracteristica_1754,caracteristica_1755,caracteristica_1756,caracteristica_1757,caracteristica_1758,caracteristica_1759,caracteristica_1760,caracteristica_1761,caracteristica_1762,caracteristica_1763,caracteristica_1764,caracteristica_1765,caracteristica_1766,caracteristica_1767,caracteristica_1768,caracteristica_1769,caracteristica_1770,caracteristica_1771,caracteristica_1772,caracteristica_1773,caracteristica_1774,caracteristica_1775,caracteristica_1776,caracteristica_1777,caracteristica_1778,caracteristica_1779,caracteristica_1780,caracteristica_1781,caracteristica_1782,caracteristica_1783,caracteristica_1784,caracteristica_1785,caracteristica_1786,caracteristica_1787,caracteristica_1788,caracteristica_1789,caracteristica_1790,caracteristica_1791,caracteristica_1792,caracteristica_1793,caracteristica_1794,caracteristica_1795,caracteristica_1796,caracteristica_1797,caracteristica_1798,caracteristica_1799,caracteristica_1800,caracteristica_1801,caracteristica_1802,caracteristica_1803,caracteristica_1804,caracteristica_1805,caracteristica_1806,caracteristica_1807,caracteristica_1808,caracteristica_1809,caracteristica_1810,caracteristica_1811,caracteristica_1812,caracteristica_1813,caracteristica_1814,caracteristica_1815,caracteristica_1816,caracteristica_1817,caracteristica_1818,caracteristica_1819,caracteristica_1820,caracteristica_1821,caracteristica_1822,caracteristica_1823,caracteristica_1824,caracteristica_1825,caracteristica_1826,caracteristica_1827,caracteristica_1828,caracteristica_1829,caracteristica_1830,caracteristica_1831,caracteristica_1832,caracteristica_1833,caracteristica_1834,caracteristica_1835,caracteristica_1836,caracteristica_1837,caracteristica_1838,caracteristica_1839,caracteristica_1840,caracteristica_1841,caracteristica_1842,caracteristica_1843,caracteristica_1844,caracteristica_1845,caracteristica_1846,caracteristica_1847,caracteristica_1848,caracteristica_1849,caracteristica_1850,caracteristica_1851,caracteristica_1852,caracteristica_1853,caracteristica_1854,caracteristica_1855,caracteristica_1856,caracteristica_1857,caracteristica_1858,caracteristica_1859,caracteristica_1860,caracteristica_1861,caracteristica_1862,caracteristica_1863,caracteristica_1864,caracteristica_1865,caracteristica_1866,caracteristica_1867,caracteristica_1868,caracteristica_1869,caracteristica_1870,caracteristica_1871,caracteristica_1872,caracteristica_1873,caracteristica_1874,caracteristica_1875,caracteristica_1876,caracteristica_1877,caracteristica_1878,caracteristica_1879,caracteristica_1880,caracteristica_1881,caracteristica_1882,caracteristica_1883,caracteristica_1884,caracteristica_1885,caracteristica_1886,caracteristica_1887,caracteristica_1888,caracteristica_1889,caracteristica_1890,caracteristica_1891,caracteristica_1892,caracteristica_1893,caracteristica_1894,caracteristica_1895,caracteristica_1896,caracteristica_1897,caracteristica_1898,caracteristica_1899,caracteristica_1900,caracteristica_1901,caracteristica_1902,caracteristica_1903,caracteristica_1904,caracteristica_1905,caracteristica_1906,caracteristica_1907,caracteristica_1908,caracteristica_1909,caracteristica_1910,caracteristica_1911,caracteristica_1912,caracteristica_1913,caracteristica_1914,caracteristica_1915,caracteristica_1916,caracteristica_1917,caracteristica_1918,caracteristica_1919,caracteristica_1920,caracteristica_1921,caracteristica_1922,caracteristica_1923,caracteristica_1924,caracteristica_1925,caracteristica_1926,caracteristica_1927,caracteristica_1928,caracteristica_1929,caracteristica_1930,caracteristica_1931,caracteristica_1932,caracteristica_1933,caracteristica_1934,caracteristica_1935,caracteristica_1936,caracteristica_1937,caracteristica_1938,caracteristica_1939,caracteristica_1940,caracteristica_1941,caracteristica_1942,caracteristica_1943,caracteristica_1944,caracteristica_1945,caracteristica_1946,caracteristica_1947,caracteristica_1948,caracteristica_1949,caracteristica_1950,caracteristica_1951,caracteristica_1952,caracteristica_1953,caracteristica_1954,caracteristica_1955,caracteristica_1956,caracteristica_1957,caracteristica_1958,caracteristica_1959,caracteristica_1960,caracteristica_1961,caracteristica_1962,caracteristica_1963,caracteristica_1964,caracteristica_1965,caracteristica_1966,caracteristica_1967,caracteristica_1968,caracteristica_1969,caracteristica_1970,caracteristica_1971,caracteristica_1972,caracteristica_1973,caracteristica_1974,caracteristica_1975,caracteristica_1976,caracteristica_1977,caracteristica_1978,caracteristica_1979,caracteristica_1980,caracteristica_1981,caracteristica_1982,caracteristica_1983,caracteristica_1984,caracteristica_1985,caracteristica_1986,caracteristica_1987,caracteristica_1988,caracteristica_1989,caracteristica_1990,caracteristica_1991,caracteristica_1992,caracteristica_1993,caracteristica_1994,caracteristica_1995,caracteristica_1996,caracteristica_1997,caracteristica_1998,caracteristica_1999,caracteristica_2000,caracteristica_2001,caracteristica_2002,caracteristica_2003,caracteristica_2004,caracteristica_2005,caracteristica_2006,caracteristica_2007,caracteristica_2008,caracteristica_2009,caracteristica_2010,caracteristica_2011,caracteristica_2012,caracteristica_2013,caracteristica_2014,caracteristica_2015,caracteristica_2016,caracteristica_2017,caracteristica_2018,caracteristica_2019,caracteristica_2020,caracteristica_2021,caracteristica_2022,caracteristica_2023,caracteristica_2024,caracteristica_2025,caracteristica_2026,caracteristica_2027,caracteristica_2028,caracteristica_2029,caracteristica_2030,caracteristica_2031,caracteristica_2032,caracteristica_2033,caracteristica_2034,caracteristica_2035,caracteristica_2036,caracteristica_2037,caracteristica_2038,caracteristica_2039,caracteristica_2040,caracteristica_2041,caracteristica_2042,caracteristica_2043,caracteristica_2044,caracteristica_2045,caracteristica_2046,caracteristica_2047,caracteristica_2048,caracteristica_2049,caracteristica_2050,caracteristica_2051,caracteristica_2052,caracteristica_2053,caracteristica_2054,caracteristica_2055,caracteristica_2056,caracteristica_2057,caracteristica_2058,caracteristica_2059,caracteristica_2060,caracteristica_2061,caracteristica_2062,caracteristica_2063,caracteristica_2064,caracteristica_2065,caracteristica_2066,caracteristica_2067,caracteristica_2068,caracteristica_2069,caracteristica_2070,caracteristica_2071,caracteristica_2072,caracteristica_2073,caracteristica_2074,caracteristica_2075,caracteristica_2076,caracteristica_2077,caracteristica_2078,caracteristica_2079,caracteristica_2080,caracteristica_2081,caracteristica_2082,caracteristica_2083,caracteristica_2084,caracteristica_2085,caracteristica_2086,caracteristica_2087,caracteristica_2088,caracteristica_2089,caracteristica_2090,caracteristica_2091,caracteristica_2092,caracteristica_2093,caracteristica_2094,caracteristica_2095,caracteristica_2096,caracteristica_2097,caracteristica_2098,caracteristica_2099,caracteristica_2100,caracteristica_2101,caracteristica_2102,caracteristica_2103,caracteristica_2104,caracteristica_2105,caracteristica_2106,caracteristica_2107,caracteristica_2108,caracteristica_2109,caracteristica_2110,caracteristica_2111,caracteristica_2112,caracteristica_2113,caracteristica_2114,caracteristica_2115,caracteristica_2116,caracteristica_2117,caracteristica_2118,caracteristica_2119,caracteristica_2120,caracteristica_2121,caracteristica_2122,caracteristica_2123,caracteristica_2124,caracteristica_2125,caracteristica_2126,caracteristica_2127,caracteristica_2128,caracteristica_2129,caracteristica_2130,caracteristica_2131,caracteristica_2132,caracteristica_2133,caracteristica_2134,caracteristica_2135,caracteristica_2136,caracteristica_2137,caracteristica_2138,caracteristica_2139,caracteristica_2140,caracteristica_2141,caracteristica_2142,caracteristica_2143,caracteristica_2144,caracteristica_2145,caracteristica_2146,caracteristica_2147,caracteristica_2148,caracteristica_2149,caracteristica_2150,caracteristica_2151,caracteristica_2152,caracteristica_2153,caracteristica_2154,caracteristica_2155,caracteristica_2156,caracteristica_2157,caracteristica_2158,caracteristica_2159,caracteristica_2160,caracteristica_2161,caracteristica_2162,caracteristica_2163,caracteristica_2164,caracteristica_2165,caracteristica_2166,caracteristica_2167,caracteristica_2168,caracteristica_2169,caracteristica_2170,caracteristica_2171,caracteristica_2172,caracteristica_2173,caracteristica_2174,caracteristica_2175,caracteristica_2176,caracteristica_2177,caracteristica_2178,caracteristica_2179,caracteristica_2180,caracteristica_2181,caracteristica_2182,caracteristica_2183,caracteristica_2184,caracteristica_2185,caracteristica_2186,caracteristica_2187,caracteristica_2188,caracteristica_2189,caracteristica_2190,caracteristica_2191,caracteristica_2192,caracteristica_2193,caracteristica_2194,caracteristica_2195,caracteristica_2196,caracteristica_2197,caracteristica_2198,caracteristica_2199,caracteristica_2200,caracteristica_2201,caracteristica_2202,caracteristica_2203,caracteristica_2204,caracteristica_2205,caracteristica_2206,caracteristica_2207,caracteristica_2208,caracteristica_2209,caracteristica_2210,caracteristica_2211,caracteristica_2212,caracteristica_2213,caracteristica_2214,caracteristica_2215,caracteristica_2216,caracteristica_2217,caracteristica_2218,caracteristica_2219,caracteristica_2220,caracteristica_2221,caracteristica_2222,caracteristica_2223,caracteristica_2224,caracteristica_2225,caracteristica_2226,caracteristica_2227,caracteristica_2228,caracteristica_2229,caracteristica_2230,caracteristica_2231,caracteristica_2232,caracteristica_2233,caracteristica_2234,caracteristica_2235,caracteristica_2236,caracteristica_2237,caracteristica_2238,caracteristica_2239,caracteristica_2240,caracteristica_2241,caracteristica_2242,caracteristica_2243,caracteristica_2244,caracteristica_2245,caracteristica_2246,caracteristica_2247,caracteristica_2248,caracteristica_2249,caracteristica_2250,caracteristica_2251,caracteristica_2252,caracteristica_2253,caracteristica_2254,caracteristica_2255,caracteristica_2256,caracteristica_2257,caracteristica_2258,caracteristica_2259,caracteristica_2260,caracteristica_2261,caracteristica_2262,caracteristica_2263,caracteristica_2264,caracteristica_2265,caracteristica_2266,caracteristica_2267,caracteristica_2268,caracteristica_2269,caracteristica_2270,caracteristica_2271,caracteristica_2272,caracteristica_2273,caracteristica_2274,caracteristica_2275,caracteristica_2276,caracteristica_2277,caracteristica_2278,caracteristica_2279,caracteristica_2280,caracteristica_2281,caracteristica_2282,caracteristica_2283,caracteristica_2284,caracteristica_2285,caracteristica_2286,caracteristica_2287,caracteristica_2288,caracteristica_2289,caracteristica_2290,caracteristica_2291,caracteristica_2292,caracteristica_2293,caracteristica_2294,caracteristica_2295,caracteristica_2296,caracteristica_2297,caracteristica_2298,caracteristica_2299,caracteristica_2300,caracteristica_2301,caracteristica_2302,caracteristica_2303,caracteristica_2304,caracteristica_2305,caracteristica_2306,caracteristica_2307,caracteristica_2308,caracteristica_2309,caracteristica_2310,caracteristica_2311,caracteristica_2312,caracteristica_2313,caracteristica_2314,caracteristica_2315,caracteristica_2316,caracteristica_2317,caracteristica_2318,caracteristica_2319,caracteristica_2320,caracteristica_2321,caracteristica_2322,caracteristica_2323,caracteristica_2324,caracteristica_2325,caracteristica_2326,caracteristica_2327,caracteristica_2328,caracteristica_2329,caracteristica_2330,caracteristica_2331,caracteristica_2332,caracteristica_2333,caracteristica_2334,caracteristica_2335,caracteristica_2336,caracteristica_2337,caracteristica_2338,caracteristica_2339,caracteristica_2340,caracteristica_2341,caracteristica_2342,caracteristica_2343,caracteristica_2344,caracteristica_2345,caracteristica_2346,caracteristica_2347,caracteristica_2348,caracteristica_2349,caracteristica_2350,caracteristica_2351,caracteristica_2352,caracteristica_2353,caracteristica_2354,caracteristica_2355,caracteristica_2356,caracteristica_2357,caracteristica_2358,caracteristica_2359,caracteristica_2360,caracteristica_2361,caracteristica_2362,caracteristica_2363,caracteristica_2364,caracteristica_2365,caracteristica_2366,caracteristica_2367,caracteristica_2368,caracteristica_2369,caracteristica_2370,caracteristica_2371,caracteristica_2372,caracteristica_2373,caracteristica_2374,caracteristica_2375,caracteristica_2376,caracteristica_2377,caracteristica_2378,caracteristica_2379,caracteristica_2380,caracteristica_2381,caracteristica_2382,caracteristica_2383,caracteristica_2384,caracteristica_2385,caracteristica_2386,caracteristica_2387,caracteristica_2388,caracteristica_2389,caracteristica_2390,caracteristica_2391,caracteristica_2392,caracteristica_2393,caracteristica_2394,caracteristica_2395,caracteristica_2396,caracteristica_2397,caracteristica_2398,caracteristica_2399,caracteristica_2400,caracteristica_2401,caracteristica_2402,caracteristica_2403,caracteristica_2404,caracteristica_2405,caracteristica_2406,caracteristica_2407,caracteristica_2408,caracteristica_2409,caracteristica_2410,caracteristica_2411,caracteristica_2412,caracteristica_2413,caracteristica_2414,caracteristica_2415,caracteristica_2416,caracteristica_2417,caracteristica_2418,caracteristica_2419,caracteristica_2420,caracteristica_2421,caracteristica_2422,caracteristica_2423,caracteristica_2424,caracteristica_2425,caracteristica_2426,caracteristica_2427,caracteristica_2428,caracteristica_2429,caracteristica_2430,caracteristica_2431,caracteristica_2432,caracteristica_2433,caracteristica_2434,caracteristica_2435,caracteristica_2436,caracteristica_2437,caracteristica_2438,caracteristica_2439,caracteristica_2440,caracteristica_2441,caracteristica_2442,caracteristica_2443,caracteristica_2444,caracteristica_2445,caracteristica_2446,caracteristica_2447,caracteristica_2448,caracteristica_2449,caracteristica_2450,caracteristica_2451,caracteristica_2452,caracteristica_2453,caracteristica_2454,caracteristica_2455,caracteristica_2456,caracteristica_2457,caracteristica_2458,caracteristica_2459,caracteristica_2460,caracteristica_2461,caracteristica_2462,caracteristica_2463,caracteristica_2464,caracteristica_2465,caracteristica_2466,caracteristica_2467,caracteristica_2468,caracteristica_2469,caracteristica_2470,caracteristica_2471,caracteristica_2472,caracteristica_2473,caracteristica_2474,caracteristica_2475,caracteristica_2476,caracteristica_2477,caracteristica_2478,caracteristica_2479,caracteristica_2480,caracteristica_2481,caracteristica_2482,caracteristica_2483,caracteristica_2484,caracteristica_2485,caracteristica_2486,caracteristica_2487,caracteristica_2488,caracteristica_2489,caracteristica_2490,caracteristica_2491,caracteristica_2492,caracteristica_2493,caracteristica_2494,caracteristica_2495,caracteristica_2496,caracteristica_2497,caracteristica_2498,caracteristica_2499,caracteristica_2500,caracteristica_2501,caracteristica_2502,caracteristica_2503,caracteristica_2504,caracteristica_2505,caracteristica_2506,caracteristica_2507,caracteristica_2508,caracteristica_2509,caracteristica_2510,caracteristica_2511,caracteristica_2512,caracteristica_2513,caracteristica_2514,caracteristica_2515,caracteristica_2516,caracteristica_2517,caracteristica_2518,caracteristica_2519,caracteristica_2520,caracteristica_2521,caracteristica_2522,caracteristica_2523,caracteristica_2524,caracteristica_2525,caracteristica_2526,caracteristica_2527,caracteristica_2528,caracteristica_2529,caracteristica_2530,caracteristica_2531,caracteristica_2532,caracteristica_2533,caracteristica_2534,caracteristica_2535,caracteristica_2536,caracteristica_2537,caracteristica_2538,caracteristica_2539,caracteristica_2540,caracteristica_2541,caracteristica_2542,caracteristica_2543,caracteristica_2544,caracteristica_2545,caracteristica_2546,caracteristica_2547,caracteristica_2548,caracteristica_2549,caracteristica_2550,caracteristica_2551,caracteristica_2552,caracteristica_2553,caracteristica_2554,caracteristica_2555,caracteristica_2556,caracteristica_2557,caracteristica_2558,caracteristica_2559,caracteristica_2560,caracteristica_2561,caracteristica_2562,caracteristica_2563,caracteristica_2564,caracteristica_2565,caracteristica_2566,caracteristica_2567,caracteristica_2568,caracteristica_2569,caracteristica_2570,caracteristica_2571,caracteristica_2572,caracteristica_2573,caracteristica_2574,caracteristica_2575,caracteristica_2576,caracteristica_2577,caracteristica_2578,caracteristica_2579,caracteristica_2580,caracteristica_2581,caracteristica_2582,caracteristica_2583,caracteristica_2584,caracteristica_2585,caracteristica_2586,caracteristica_2587,caracteristica_2588,caracteristica_2589,caracteristica_2590,caracteristica_2591,caracteristica_2592,caracteristica_2593,caracteristica_2594,caracteristica_2595,caracteristica_2596,caracteristica_2597,caracteristica_2598,caracteristica_2599,caracteristica_2600,caracteristica_2601,caracteristica_2602,caracteristica_2603,caracteristica_2604,caracteristica_2605,caracteristica_2606,caracteristica_2607,caracteristica_2608,caracteristica_2609,caracteristica_2610,caracteristica_2611,caracteristica_2612,caracteristica_2613,caracteristica_2614,caracteristica_2615,caracteristica_2616,caracteristica_2617,caracteristica_2618,caracteristica_2619,caracteristica_2620,caracteristica_2621,caracteristica_2622,caracteristica_2623,caracteristica_2624,caracteristica_2625,caracteristica_2626,caracteristica_2627,caracteristica_2628,caracteristica_2629,caracteristica_2630,caracteristica_2631,caracteristica_2632,caracteristica_2633,caracteristica_2634,caracteristica_2635,caracteristica_2636,caracteristica_2637,caracteristica_2638,caracteristica_2639,caracteristica_2640,caracteristica_2641,caracteristica_2642,caracteristica_2643,caracteristica_2644,caracteristica_2645,caracteristica_2646,caracteristica_2647,caracteristica_2648,caracteristica_2649,caracteristica_2650,caracteristica_2651,caracteristica_2652,caracteristica_2653,caracteristica_2654,caracteristica_2655,caracteristica_2656,caracteristica_2657,caracteristica_2658,caracteristica_2659,caracteristica_2660,caracteristica_2661,caracteristica_2662,caracteristica_2663,caracteristica_2664,caracteristica_2665,caracteristica_2666,caracteristica_2667,caracteristica_2668,caracteristica_2669,caracteristica_2670,caracteristica_2671,caracteristica_2672,caracteristica_2673,caracteristica_2674,caracteristica_2675,caracteristica_2676,caracteristica_2677,caracteristica_2678,caracteristica_2679,caracteristica_2680,caracteristica_2681,caracteristica_2682,caracteristica_2683,caracteristica_2684,caracteristica_2685,caracteristica_2686,caracteristica_2687,caracteristica_2688,caracteristica_2689,caracteristica_2690,caracteristica_2691,caracteristica_2692,caracteristica_2693,caracteristica_2694,caracteristica_2695,caracteristica_2696,caracteristica_2697,caracteristica_2698,caracteristica_2699,caracteristica_2700,caracteristica_2701,caracteristica_2702,caracteristica_2703,caracteristica_2704,caracteristica_2705,caracteristica_2706,caracteristica_2707,caracteristica_2708,caracteristica_2709,caracteristica_2710,caracteristica_2711,caracteristica_2712,caracteristica_2713,caracteristica_2714,caracteristica_2715,caracteristica_2716,caracteristica_2717,caracteristica_2718,caracteristica_2719,caracteristica_2720,caracteristica_2721,caracteristica_2722,caracteristica_2723,caracteristica_2724,caracteristica_2725,caracteristica_2726,caracteristica_2727,caracteristica_2728,caracteristica_2729,caracteristica_2730,caracteristica_2731,caracteristica_2732,caracteristica_2733,caracteristica_2734,caracteristica_2735,caracteristica_2736,caracteristica_2737,caracteristica_2738,caracteristica_2739,caracteristica_2740,caracteristica_2741,caracteristica_2742,caracteristica_2743,caracteristica_2744,caracteristica_2745,caracteristica_2746,caracteristica_2747,caracteristica_2748,caracteristica_2749,caracteristica_2750,caracteristica_2751,caracteristica_2752,caracteristica_2753,caracteristica_2754,caracteristica_2755,caracteristica_2756,caracteristica_2757,caracteristica_2758,caracteristica_2759,caracteristica_2760,caracteristica_2761,caracteristica_2762,caracteristica_2763,caracteristica_2764,caracteristica_2765,caracteristica_2766,caracteristica_2767,caracteristica_2768,caracteristica_2769,caracteristica_2770,caracteristica_2771,caracteristica_2772,caracteristica_2773,caracteristica_2774,caracteristica_2775,caracteristica_2776,caracteristica_2777,caracteristica_2778,caracteristica_2779,caracteristica_2780,caracteristica_2781,caracteristica_2782,caracteristica_2783,caracteristica_2784,caracteristica_2785,caracteristica_2786,caracteristica_2787,caracteristica_2788,caracteristica_2789,caracteristica_2790,caracteristica_2791,caracteristica_2792,caracteristica_2793,caracteristica_2794,caracteristica_2795,caracteristica_2796,caracteristica_2797,caracteristica_2798,caracteristica_2799,caracteristica_2800,caracteristica_2801,caracteristica_2802,caracteristica_2803,caracteristica_2804,caracteristica_2805,caracteristica_2806,caracteristica_2807,caracteristica_2808,caracteristica_2809,caracteristica_2810,caracteristica_2811,caracteristica_2812,caracteristica_2813,caracteristica_2814,caracteristica_2815,caracteristica_2816,caracteristica_2817,caracteristica_2818,caracteristica_2819,caracteristica_2820,caracteristica_2821,caracteristica_2822,caracteristica_2823,caracteristica_2824,caracteristica_2825,caracteristica_2826,caracteristica_2827,caracteristica_2828,caracteristica_2829,caracteristica_2830,caracteristica_2831,caracteristica_2832,caracteristica_2833,caracteristica_2834,caracteristica_2835,caracteristica_2836,caracteristica_2837,caracteristica_2838,caracteristica_2839,caracteristica_2840,caracteristica_2841,caracteristica_2842,caracteristica_2843,caracteristica_2844,caracteristica_2845,caracteristica_2846,caracteristica_2847,caracteristica_2848,caracteristica_2849,caracteristica_2850,caracteristica_2851,caracteristica_2852,caracteristica_2853,caracteristica_2854,caracteristica_2855,caracteristica_2856,caracteristica_2857,caracteristica_2858,caracteristica_2859,caracteristica_2860,caracteristica_2861,caracteristica_2862,caracteristica_2863,caracteristica_2864,caracteristica_2865,caracteristica_2866,caracteristica_2867,caracteristica_2868,caracteristica_2869,caracteristica_2870,caracteristica_2871,caracteristica_2872,caracteristica_2873,caracteristica_2874,caracteristica_2875,caracteristica_2876,caracteristica_2877,caracteristica_2878,caracteristica_2879,caracteristica_2880,caracteristica_2881,caracteristica_2882,caracteristica_2883,caracteristica_2884,caracteristica_2885,caracteristica_2886,caracteristica_2887,caracteristica_2888,caracteristica_2889,caracteristica_2890,caracteristica_2891,caracteristica_2892,caracteristica_2893,caracteristica_2894,caracteristica_2895,caracteristica_2896,caracteristica_2897,caracteristica_2898,caracteristica_2899,caracteristica_2900,caracteristica_2901,caracteristica_2902,caracteristica_2903,caracteristica_2904,caracteristica_2905,caracteristica_2906,caracteristica_2907,caracteristica_2908,caracteristica_2909,caracteristica_2910,caracteristica_2911,caracteristica_2912,caracteristica_2913,caracteristica_2914,caracteristica_2915,caracteristica_2916,caracteristica_2917,caracteristica_2918,caracteristica_2919,caracteristica_2920,caracteristica_2921,caracteristica_2922,caracteristica_2923,caracteristica_2924,caracteristica_2925,caracteristica_2926,caracteristica_2927,caracteristica_2928,caracteristica_2929,caracteristica_2930,caracteristica_2931,caracteristica_2932,caracteristica_2933,caracteristica_2934,caracteristica_2935,caracteristica_2936,caracteristica_2937,caracteristica_2938,caracteristica_2939,caracteristica_2940,caracteristica_2941,caracteristica_2942,caracteristica_2943,caracteristica_2944,caracteristica_2945,caracteristica_2946,caracteristica_2947,caracteristica_2948,caracteristica_2949,caracteristica_2950,caracteristica_2951,caracteristica_2952,caracteristica_2953,caracteristica_2954,caracteristica_2955,caracteristica_2956,caracteristica_2957,caracteristica_2958,caracteristica_2959,caracteristica_2960,caracteristica_2961,caracteristica_2962,caracteristica_2963,caracteristica_2964,caracteristica_2965,caracteristica_2966,caracteristica_2967,caracteristica_2968,caracteristica_2969,caracteristica_2970,caracteristica_2971,caracteristica_2972,caracteristica_2973,caracteristica_2974,caracteristica_2975,caracteristica_2976,caracteristica_2977,caracteristica_2978,caracteristica_2979,caracteristica_2980,caracteristica_2981,caracteristica_2982,caracteristica_2983,caracteristica_2984,caracteristica_2985,caracteristica_2986,caracteristica_2987,caracteristica_2988,caracteristica_2989,caracteristica_2990,caracteristica_2991,caracteristica_2992,caracteristica_2993,caracteristica_2994,caracteristica_2995,caracteristica_2996,caracteristica_2997,caracteristica_2998,caracteristica_2999,caracteristica_3000,caracteristica_3001,caracteristica_3002,caracteristica_3003,caracteristica_3004,caracteristica_3005,caracteristica_3006,caracteristica_3007,caracteristica_3008,caracteristica_3009,caracteristica_3010,caracteristica_3011,caracteristica_3012,caracteristica_3013,caracteristica_3014,caracteristica_3015,caracteristica_3016,caracteristica_3017,caracteristica_3018,caracteristica_3019,caracteristica_3020,caracteristica_3021,caracteristica_3022,caracteristica_3023,caracteristica_3024,caracteristica_3025,caracteristica_3026,caracteristica_3027,caracteristica_3028,caracteristica_3029,caracteristica_3030,caracteristica_3031,caracteristica_3032,caracteristica_3033,caracteristica_3034,caracteristica_3035,caracteristica_3036,caracteristica_3037,caracteristica_3038,caracteristica_3039,caracteristica_3040,caracteristica_3041,caracteristica_3042,caracteristica_3043,caracteristica_3044,caracteristica_3045,caracteristica_3046,caracteristica_3047,caracteristica_3048,caracteristica_3049,caracteristica_3050,caracteristica_3051,caracteristica_3052,caracteristica_3053,caracteristica_3054,caracteristica_3055,caracteristica_3056,caracteristica_3057,caracteristica_3058,caracteristica_3059,caracteristica_3060,caracteristica_3061,caracteristica_3062,caracteristica_3063,caracteristica_3064,caracteristica_3065,caracteristica_3066,caracteristica_3067,caracteristica_3068,caracteristica_3069,caracteristica_3070,caracteristica_3071,caracteristica_3072,caracteristica_3073,caracteristica_3074,caracteristica_3075,caracteristica_3076,caracteristica_3077,caracteristica_3078,caracteristica_3079,caracteristica_3080,caracteristica_3081,caracteristica_3082,caracteristica_3083,caracteristica_3084,caracteristica_3085,caracteristica_3086,caracteristica_3087,caracteristica_3088,caracteristica_3089,caracteristica_3090,caracteristica_3091,caracteristica_3092,caracteristica_3093,caracteristica_3094,caracteristica_3095,caracteristica_3096,caracteristica_3097,caracteristica_3098,caracteristica_3099,caracteristica_3100,caracteristica_3101,caracteristica_3102,caracteristica_3103,caracteristica_3104,caracteristica_3105,caracteristica_3106,caracteristica_3107,caracteristica_3108,caracteristica_3109,caracteristica_3110,caracteristica_3111,caracteristica_3112,caracteristica_3113,caracteristica_3114,caracteristica_3115,caracteristica_3116,caracteristica_3117,caracteristica_3118,caracteristica_3119,caracteristica_3120,caracteristica_3121,caracteristica_3122,caracteristica_3123,caracteristica_3124,caracteristica_3125,caracteristica_3126,caracteristica_3127,caracteristica_3128,caracteristica_3129,caracteristica_3130,caracteristica_3131,caracteristica_3132,caracteristica_3133,caracteristica_3134,caracteristica_3135,caracteristica_3136,caracteristica_3137,caracteristica_3138,caracteristica_3139,caracteristica_3140,caracteristica_3141,caracteristica_3142,caracteristica_3143,caracteristica_3144,caracteristica_3145,caracteristica_3146,caracteristica_3147,caracteristica_3148,caracteristica_3149,caracteristica_3150,caracteristica_3151,caracteristica_3152,caracteristica_3153,caracteristica_3154,caracteristica_3155,caracteristica_3156,caracteristica_3157,caracteristica_3158,caracteristica_3159,caracteristica_3160,caracteristica_3161,caracteristica_3162,caracteristica_3163,caracteristica_3164,caracteristica_3165,caracteristica_3166,caracteristica_3167,caracteristica_3168,caracteristica_3169,caracteristica_3170,caracteristica_3171,caracteristica_3172,caracteristica_3173,caracteristica_3174,caracteristica_3175,caracteristica_3176,caracteristica_3177,caracteristica_3178,caracteristica_3179,caracteristica_3180,caracteristica_3181,caracteristica_3182,caracteristica_3183,caracteristica_3184,caracteristica_3185,caracteristica_3186,caracteristica_3187,caracteristica_3188,caracteristica_3189,caracteristica_3190,caracteristica_3191,caracteristica_3192,caracteristica_3193,caracteristica_3194,caracteristica_3195,caracteristica_3196,caracteristica_3197,caracteristica_3198,caracteristica_3199,caracteristica_3200,caracteristica_3201,caracteristica_3202,caracteristica_3203,caracteristica_3204,caracteristica_3205,caracteristica_3206,caracteristica_3207,caracteristica_3208,caracteristica_3209,caracteristica_3210,caracteristica_3211,caracteristica_3212,caracteristica_3213,caracteristica_3214,caracteristica_3215,caracteristica_3216,caracteristica_3217,caracteristica_3218,caracteristica_3219,caracteristica_3220,caracteristica_3221,caracteristica_3222,caracteristica_3223,caracteristica_3224,caracteristica_3225,caracteristica_3226,caracteristica_3227,caracteristica_3228,caracteristica_3229,caracteristica_3230,caracteristica_3231,caracteristica_3232,caracteristica_3233,caracteristica_3234,caracteristica_3235,caracteristica_3236,caracteristica_3237,caracteristica_3238,caracteristica_3239,caracteristica_3240,caracteristica_3241,caracteristica_3242,caracteristica_3243,caracteristica_3244,caracteristica_3245,caracteristica_3246,caracteristica_3247,caracteristica_3248,caracteristica_3249,caracteristica_3250,caracteristica_3251,caracteristica_3252,caracteristica_3253,caracteristica_3254,caracteristica_3255,caracteristica_3256,caracteristica_3257,caracteristica_3258,caracteristica_3259,caracteristica_3260,caracteristica_3261,caracteristica_3262,caracteristica_3263,caracteristica_3264,caracteristica_3265,caracteristica_3266,caracteristica_3267,caracteristica_3268,caracteristica_3269,caracteristica_3270,caracteristica_3271,caracteristica_3272,caracteristica_3273,caracteristica_3274,caracteristica_3275,caracteristica_3276,caracteristica_3277,caracteristica_3278,caracteristica_3279,caracteristica_3280,caracteristica_3281,caracteristica_3282,caracteristica_3283,caracteristica_3284,caracteristica_3285,caracteristica_3286,caracteristica_3287,caracteristica_3288,caracteristica_3289,caracteristica_3290,caracteristica_3291,caracteristica_3292,caracteristica_3293,caracteristica_3294,caracteristica_3295,caracteristica_3296,caracteristica_3297,caracteristica_3298,caracteristica_3299,caracteristica_3300,caracteristica_3301,caracteristica_3302,caracteristica_3303,caracteristica_3304,caracteristica_3305,caracteristica_3306,caracteristica_3307,caracteristica_3308,caracteristica_3309,caracteristica_3310,caracteristica_3311,caracteristica_3312,caracteristica_3313,caracteristica_3314,caracteristica_3315,caracteristica_3316,caracteristica_3317,caracteristica_3318,caracteristica_3319,caracteristica_3320,caracteristica_3321,caracteristica_3322,caracteristica_3323,caracteristica_3324,caracteristica_3325,caracteristica_3326,caracteristica_3327,caracteristica_3328,caracteristica_3329,caracteristica_3330,caracteristica_3331,caracteristica_3332,caracteristica_3333,caracteristica_3334,caracteristica_3335,caracteristica_3336,caracteristica_3337,caracteristica_3338,caracteristica_3339,caracteristica_3340,caracteristica_3341,caracteristica_3342,caracteristica_3343,caracteristica_3344,caracteristica_3345,caracteristica_3346,caracteristica_3347,caracteristica_3348,caracteristica_3349,caracteristica_3350,caracteristica_3351,caracteristica_3352,caracteristica_3353,caracteristica_3354,caracteristica_3355,caracteristica_3356,caracteristica_3357,caracteristica_3358,caracteristica_3359,caracteristica_3360,caracteristica_3361,caracteristica_3362,caracteristica_3363,caracteristica_3364,caracteristica_3365,caracteristica_3366,caracteristica_3367,caracteristica_3368,caracteristica_3369,caracteristica_3370,caracteristica_3371,caracteristica_3372,caracteristica_3373,caracteristica_3374,caracteristica_3375,caracteristica_3376,caracteristica_3377,caracteristica_3378,caracteristica_3379,caracteristica_3380,caracteristica_3381,caracteristica_3382,caracteristica_3383,caracteristica_3384,caracteristica_3385,caracteristica_3386,caracteristica_3387,caracteristica_3388,caracteristica_3389,caracteristica_3390,caracteristica_3391,caracteristica_3392,caracteristica_3393,caracteristica_3394,caracteristica_3395,caracteristica_3396,caracteristica_3397,caracteristica_3398,caracteristica_3399,caracteristica_3400,caracteristica_3401,caracteristica_3402,caracteristica_3403,caracteristica_3404,caracteristica_3405,caracteristica_3406,caracteristica_3407,caracteristica_3408,caracteristica_3409,caracteristica_3410,caracteristica_3411,caracteristica_3412,caracteristica_3413,caracteristica_3414,caracteristica_3415,caracteristica_3416,caracteristica_3417,caracteristica_3418,caracteristica_3419,caracteristica_3420,caracteristica_3421,caracteristica_3422,caracteristica_3423,caracteristica_3424,caracteristica_3425,caracteristica_3426,caracteristica_3427,caracteristica_3428,caracteristica_3429,caracteristica_3430,caracteristica_3431,caracteristica_3432,caracteristica_3433,caracteristica_3434,caracteristica_3435,caracteristica_3436,caracteristica_3437,caracteristica_3438,caracteristica_3439,caracteristica_3440,caracteristica_3441,caracteristica_3442,caracteristica_3443,caracteristica_3444,caracteristica_3445,caracteristica_3446,caracteristica_3447,caracteristica_3448,caracteristica_3449,caracteristica_3450,caracteristica_3451,caracteristica_3452,caracteristica_3453,caracteristica_3454,caracteristica_3455,caracteristica_3456,caracteristica_3457,caracteristica_3458,caracteristica_3459,caracteristica_3460,caracteristica_3461,caracteristica_3462,caracteristica_3463,caracteristica_3464,caracteristica_3465,caracteristica_3466,caracteristica_3467,caracteristica_3468,caracteristica_3469,caracteristica_3470,caracteristica_3471,caracteristica_3472,caracteristica_3473,caracteristica_3474,caracteristica_3475,caracteristica_3476,caracteristica_3477,caracteristica_3478,caracteristica_3479,caracteristica_3480,caracteristica_3481,caracteristica_3482,caracteristica_3483,caracteristica_3484,caracteristica_3485,caracteristica_3486,caracteristica_3487,caracteristica_3488,caracteristica_3489,caracteristica_3490,caracteristica_3491,caracteristica_3492,caracteristica_3493,caracteristica_3494,caracteristica_3495,caracteristica_3496,caracteristica_3497,caracteristica_3498,caracteristica_3499,caracteristica_3500,caracteristica_3501,caracteristica_3502,caracteristica_3503,caracteristica_3504,caracteristica_3505,caracteristica_3506,caracteristica_3507,caracteristica_3508,caracteristica_3509,caracteristica_3510,caracteristica_3511,caracteristica_3512,caracteristica_3513,caracteristica_3514,caracteristica_3515,caracteristica_3516,caracteristica_3517,caracteristica_3518,caracteristica_3519,caracteristica_3520,caracteristica_3521,caracteristica_3522,caracteristica_3523,caracteristica_3524,caracteristica_3525,caracteristica_3526,caracteristica_3527,caracteristica_3528,caracteristica_3529,caracteristica_3530,caracteristica_3531,caracteristica_3532,caracteristica_3533,caracteristica_3534,caracteristica_3535,caracteristica_3536,caracteristica_3537,caracteristica_3538,caracteristica_3539,caracteristica_3540,caracteristica_3541,caracteristica_3542,caracteristica_3543,caracteristica_3544,caracteristica_3545,caracteristica_3546,caracteristica_3547,caracteristica_3548,caracteristica_3549,caracteristica_3550,caracteristica_3551,caracteristica_3552,caracteristica_3553,caracteristica_3554,caracteristica_3555,caracteristica_3556,caracteristica_3557,caracteristica_3558,caracteristica_3559,caracteristica_3560,caracteristica_3561,caracteristica_3562,caracteristica_3563,caracteristica_3564,caracteristica_3565,caracteristica_3566,caracteristica_3567,caracteristica_3568,caracteristica_3569,caracteristica_3570,caracteristica_3571,caracteristica_3572,caracteristica_3573,caracteristica_3574,caracteristica_3575,caracteristica_3576,caracteristica_3577,caracteristica_3578,caracteristica_3579,caracteristica_3580,caracteristica_3581,caracteristica_3582,caracteristica_3583,caracteristica_3584,caracteristica_3585,caracteristica_3586,caracteristica_3587,caracteristica_3588,caracteristica_3589,caracteristica_3590,caracteristica_3591,caracteristica_3592,caracteristica_3593,caracteristica_3594,caracteristica_3595,caracteristica_3596,caracteristica_3597,caracteristica_3598,caracteristica_3599,caracteristica_3600,caracteristica_3601,caracteristica_3602,caracteristica_3603,caracteristica_3604,caracteristica_3605,caracteristica_3606,caracteristica_3607,caracteristica_3608,caracteristica_3609,caracteristica_3610,caracteristica_3611,caracteristica_3612,caracteristica_3613,caracteristica_3614,caracteristica_3615,caracteristica_3616,caracteristica_3617,caracteristica_3618,caracteristica_3619,caracteristica_3620,caracteristica_3621,caracteristica_3622,caracteristica_3623,caracteristica_3624,caracteristica_3625,caracteristica_3626,caracteristica_3627,caracteristica_3628,caracteristica_3629,caracteristica_3630,caracteristica_3631,caracteristica_3632,caracteristica_3633,caracteristica_3634,caracteristica_3635,caracteristica_3636,caracteristica_3637,caracteristica_3638,caracteristica_3639,caracteristica_3640,caracteristica_3641,caracteristica_3642,caracteristica_3643,caracteristica_3644,caracteristica_3645,caracteristica_3646,caracteristica_3647,caracteristica_3648,caracteristica_3649,caracteristica_3650,caracteristica_3651,caracteristica_3652,caracteristica_3653,caracteristica_3654,caracteristica_3655,caracteristica_3656,caracteristica_3657,caracteristica_3658,caracteristica_3659,caracteristica_3660,caracteristica_3661,caracteristica_3662,caracteristica_3663,caracteristica_3664,caracteristica_3665,caracteristica_3666,caracteristica_3667,caracteristica_3668,caracteristica_3669,caracteristica_3670,caracteristica_3671,caracteristica_3672,caracteristica_3673,caracteristica_3674,caracteristica_3675,caracteristica_3676,caracteristica_3677,caracteristica_3678,caracteristica_3679,caracteristica_3680,caracteristica_3681,caracteristica_3682,caracteristica_3683,caracteristica_3684,caracteristica_3685,caracteristica_3686,caracteristica_3687,caracteristica_3688,caracteristica_3689,caracteristica_3690,caracteristica_3691,caracteristica_3692,caracteristica_3693,caracteristica_3694,caracteristica_3695,caracteristica_3696,caracteristica_3697,caracteristica_3698,caracteristica_3699,caracteristica_3700,caracteristica_3701,caracteristica_3702,caracteristica_3703,caracteristica_3704,caracteristica_3705,caracteristica_3706,caracteristica_3707,caracteristica_3708,caracteristica_3709,caracteristica_3710,caracteristica_3711,caracteristica_3712,caracteristica_3713,caracteristica_3714,caracteristica_3715,caracteristica_3716,caracteristica_3717,caracteristica_3718,caracteristica_3719,caracteristica_3720,caracteristica_3721,caracteristica_3722,caracteristica_3723,caracteristica_3724,caracteristica_3725,caracteristica_3726,caracteristica_3727,caracteristica_3728,caracteristica_3729,caracteristica_3730,caracteristica_3731,caracteristica_3732,caracteristica_3733,caracteristica_3734,caracteristica_3735,caracteristica_3736,caracteristica_3737,caracteristica_3738,caracteristica_3739,caracteristica_3740,caracteristica_3741,caracteristica_3742,caracteristica_3743,caracteristica_3744,caracteristica_3745,caracteristica_3746,caracteristica_3747,caracteristica_3748,caracteristica_3749,caracteristica_3750,caracteristica_3751,caracteristica_3752,caracteristica_3753,caracteristica_3754,caracteristica_3755,caracteristica_3756,caracteristica_3757,caracteristica_3758,caracteristica_3759,caracteristica_3760,caracteristica_3761,caracteristica_3762,caracteristica_3763,caracteristica_3764,caracteristica_3765,caracteristica_3766,caracteristica_3767,caracteristica_3768,caracteristica_3769,caracteristica_3770,caracteristica_3771,caracteristica_3772,caracteristica_3773,caracteristica_3774,caracteristica_3775,caracteristica_3776,caracteristica_3777,caracteristica_3778,caracteristica_3779,caracteristica_3780,caracteristica_3781,caracteristica_3782,caracteristica_3783,caracteristica_3784,caracteristica_3785,caracteristica_3786,caracteristica_3787,caracteristica_3788,caracteristica_3789,caracteristica_3790,caracteristica_3791,caracteristica_3792,caracteristica_3793,caracteristica_3794,caracteristica_3795,caracteristica_3796,caracteristica_3797,caracteristica_3798,caracteristica_3799,caracteristica_3800,caracteristica_3801,caracteristica_3802,caracteristica_3803,caracteristica_3804,caracteristica_3805,caracteristica_3806,caracteristica_3807,caracteristica_3808,caracteristica_3809,caracteristica_3810,caracteristica_3811,caracteristica_3812,caracteristica_3813,caracteristica_3814,caracteristica_3815,caracteristica_3816,caracteristica_3817,caracteristica_3818,caracteristica_3819,caracteristica_3820,caracteristica_3821,caracteristica_3822,caracteristica_3823,caracteristica_3824,caracteristica_3825,caracteristica_3826,caracteristica_3827,caracteristica_3828,caracteristica_3829,caracteristica_3830,caracteristica_3831,caracteristica_3832,caracteristica_3833,caracteristica_3834,caracteristica_3835,caracteristica_3836,caracteristica_3837,caracteristica_3838,caracteristica_3839,caracteristica_3840,caracteristica_3841,caracteristica_3842,caracteristica_3843,caracteristica_3844,caracteristica_3845,caracteristica_3846,caracteristica_3847,caracteristica_3848,caracteristica_3849,caracteristica_3850,caracteristica_3851,caracteristica_3852,caracteristica_3853,caracteristica_3854,caracteristica_3855,caracteristica_3856,caracteristica_3857,caracteristica_3858,caracteristica_3859,caracteristica_3860,caracteristica_3861,caracteristica_3862,caracteristica_3863,caracteristica_3864,caracteristica_3865,caracteristica_3866,caracteristica_3867,caracteristica_3868,caracteristica_3869,caracteristica_3870,caracteristica_3871,caracteristica_3872,caracteristica_3873,caracteristica_3874,caracteristica_3875,caracteristica_3876,caracteristica_3877,caracteristica_3878,caracteristica_3879,caracteristica_3880,caracteristica_3881,caracteristica_3882,caracteristica_3883,caracteristica_3884,caracteristica_3885,caracteristica_3886,caracteristica_3887,caracteristica_3888,caracteristica_3889,caracteristica_3890,caracteristica_3891,caracteristica_3892,caracteristica_3893,caracteristica_3894,caracteristica_3895,caracteristica_3896,caracteristica_3897,caracteristica_3898,caracteristica_3899,caracteristica_3900,caracteristica_3901,caracteristica_3902,caracteristica_3903,caracteristica_3904,caracteristica_3905,caracteristica_3906,caracteristica_3907,caracteristica_3908,caracteristica_3909,caracteristica_3910,caracteristica_3911,caracteristica_3912,caracteristica_3913,caracteristica_3914,caracteristica_3915,caracteristica_3916,caracteristica_3917,caracteristica_3918,caracteristica_3919,caracteristica_3920,caracteristica_3921,caracteristica_3922,caracteristica_3923,caracteristica_3924,caracteristica_3925,caracteristica_3926,caracteristica_3927,caracteristica_3928,caracteristica_3929,caracteristica_3930,caracteristica_3931,caracteristica_3932,caracteristica_3933,caracteristica_3934,caracteristica_3935,caracteristica_3936,caracteristica_3937,caracteristica_3938,caracteristica_3939,caracteristica_3940,caracteristica_3941,caracteristica_3942,caracteristica_3943,caracteristica_3944,caracteristica_3945,caracteristica_3946,caracteristica_3947,caracteristica_3948,caracteristica_3949,caracteristica_3950,caracteristica_3951,caracteristica_3952,caracteristica_3953,caracteristica_3954,caracteristica_3955,caracteristica_3956,caracteristica_3957,caracteristica_3958,caracteristica_3959,caracteristica_3960,caracteristica_3961,caracteristica_3962,caracteristica_3963,caracteristica_3964,caracteristica_3965,caracteristica_3966,caracteristica_3967,caracteristica_3968,caracteristica_3969,caracteristica_3970,caracteristica_3971,caracteristica_3972,caracteristica_3973,caracteristica_3974,caracteristica_3975,caracteristica_3976,caracteristica_3977,caracteristica_3978,caracteristica_3979,caracteristica_3980,caracteristica_3981,caracteristica_3982,caracteristica_3983,caracteristica_3984,caracteristica_3985,caracteristica_3986,caracteristica_3987,caracteristica_3988,caracteristica_3989,caracteristica_3990,caracteristica_3991,caracteristica_3992,caracteristica_3993,caracteristica_3994,caracteristica_3995,caracteristica_3996,caracteristica_3997,caracteristica_3998,caracteristica_3999,caracteristica_4000,caracteristica_4001,caracteristica_4002,caracteristica_4003,caracteristica_4004,caracteristica_4005,caracteristica_4006,caracteristica_4007,caracteristica_4008,caracteristica_4009,caracteristica_4010,caracteristica_4011,caracteristica_4012,caracteristica_4013,caracteristica_4014,caracteristica_4015,caracteristica_4016,caracteristica_4017,caracteristica_4018,caracteristica_4019,caracteristica_4020,caracteristica_4021,caracteristica_4022,caracteristica_4023,caracteristica_4024,caracteristica_4025,caracteristica_4026,caracteristica_4027,caracteristica_4028,caracteristica_4029,caracteristica_4030,caracteristica_4031,caracteristica_4032,caracteristica_4033,caracteristica_4034,caracteristica_4035,caracteristica_4036,caracteristica_4037,caracteristica_4038,caracteristica_4039,caracteristica_4040,caracteristica_4041,caracteristica_4042,caracteristica_4043,caracteristica_4044,caracteristica_4045,caracteristica_4046,caracteristica_4047,caracteristica_4048,caracteristica_4049,caracteristica_4050,caracteristica_4051,caracteristica_4052,caracteristica_4053,caracteristica_4054,caracteristica_4055,caracteristica_4056,caracteristica_4057,caracteristica_4058,caracteristica_4059,caracteristica_4060,caracteristica_4061,caracteristica_4062,caracteristica_4063,caracteristica_4064,caracteristica_4065,caracteristica_4066,caracteristica_4067,caracteristica_4068,caracteristica_4069,caracteristica_4070,caracteristica_4071,caracteristica_4072,caracteristica_4073,caracteristica_4074,caracteristica_4075,caracteristica_4076,caracteristica_4077,caracteristica_4078,caracteristica_4079,caracteristica_4080,caracteristica_4081,caracteristica_4082,caracteristica_4083,caracteristica_4084,caracteristica_4085,caracteristica_4086,caracteristica_4087,caracteristica_4088,caracteristica_4089,caracteristica_4090,caracteristica_4091,caracteristica_4092,caracteristica_4093,caracteristica_4094,caracteristica_4095,caracteristica_4096,caracteristica_4097,caracteristica_4098,caracteristica_4099,caracteristica_4100,caracteristica_4101,caracteristica_4102,caracteristica_4103,caracteristica_4104,caracteristica_4105,caracteristica_4106,caracteristica_4107,caracteristica_4108,caracteristica_4109,caracteristica_4110,caracteristica_4111,caracteristica_4112,caracteristica_4113,caracteristica_4114,caracteristica_4115,caracteristica_4116,caracteristica_4117,caracteristica_4118,caracteristica_4119,caracteristica_4120,caracteristica_4121,caracteristica_4122,caracteristica_4123,caracteristica_4124,caracteristica_4125,caracteristica_4126,caracteristica_4127,caracteristica_4128,caracteristica_4129,caracteristica_4130,caracteristica_4131,caracteristica_4132,caracteristica_4133,caracteristica_4134,caracteristica_4135,caracteristica_4136,caracteristica_4137,caracteristica_4138,caracteristica_4139,caracteristica_4140,caracteristica_4141,caracteristica_4142,caracteristica_4143,caracteristica_4144,caracteristica_4145,caracteristica_4146,caracteristica_4147,caracteristica_4148,caracteristica_4149,caracteristica_4150,caracteristica_4151,caracteristica_4152,caracteristica_4153,caracteristica_4154,caracteristica_4155,caracteristica_4156,caracteristica_4157,caracteristica_4158,caracteristica_4159,caracteristica_4160,caracteristica_4161,caracteristica_4162,caracteristica_4163,caracteristica_4164,caracteristica_4165,caracteristica_4166,caracteristica_4167,caracteristica_4168,caracteristica_4169,caracteristica_4170,caracteristica_4171,caracteristica_4172,caracteristica_4173,caracteristica_4174,caracteristica_4175,caracteristica_4176,caracteristica_4177,caracteristica_4178,caracteristica_4179,caracteristica_4180,caracteristica_4181,caracteristica_4182,caracteristica_4183,caracteristica_4184,caracteristica_4185,caracteristica_4186,caracteristica_4187,caracteristica_4188,caracteristica_4189,caracteristica_4190,caracteristica_4191,caracteristica_4192,caracteristica_4193,caracteristica_4194,caracteristica_4195,caracteristica_4196,caracteristica_4197,caracteristica_4198,caracteristica_4199,caracteristica_4200,caracteristica_4201,caracteristica_4202,caracteristica_4203,caracteristica_4204,caracteristica_4205,caracteristica_4206,caracteristica_4207,caracteristica_4208,caracteristica_4209,caracteristica_4210,caracteristica_4211,caracteristica_4212,caracteristica_4213,caracteristica_4214,caracteristica_4215,caracteristica_4216,caracteristica_4217,caracteristica_4218,caracteristica_4219,caracteristica_4220,caracteristica_4221,caracteristica_4222,caracteristica_4223,caracteristica_4224,caracteristica_4225,caracteristica_4226,caracteristica_4227,caracteristica_4228,caracteristica_4229,caracteristica_4230,caracteristica_4231,caracteristica_4232,caracteristica_4233,caracteristica_4234,caracteristica_4235,caracteristica_4236,caracteristica_4237,caracteristica_4238,caracteristica_4239,caracteristica_4240,caracteristica_4241,caracteristica_4242,caracteristica_4243,caracteristica_4244,caracteristica_4245,caracteristica_4246,caracteristica_4247,caracteristica_4248,caracteristica_4249,caracteristica_4250,caracteristica_4251,caracteristica_4252,caracteristica_4253,caracteristica_4254,caracteristica_4255,caracteristica_4256,caracteristica_4257,caracteristica_4258,caracteristica_4259,caracteristica_4260,caracteristica_4261,caracteristica_4262,caracteristica_4263,caracteristica_4264,caracteristica_4265,caracteristica_4266,caracteristica_4267,caracteristica_4268,caracteristica_4269,caracteristica_4270,caracteristica_4271,caracteristica_4272,caracteristica_4273,caracteristica_4274,caracteristica_4275,caracteristica_4276,caracteristica_4277,caracteristica_4278,caracteristica_4279,caracteristica_4280,caracteristica_4281,caracteristica_4282,caracteristica_4283,caracteristica_4284,caracteristica_4285,caracteristica_4286,caracteristica_4287,caracteristica_4288,caracteristica_4289,caracteristica_4290,caracteristica_4291,caracteristica_4292,caracteristica_4293,caracteristica_4294,caracteristica_4295,caracteristica_4296,caracteristica_4297,caracteristica_4298,caracteristica_4299,caracteristica_4300,caracteristica_4301,caracteristica_4302,caracteristica_4303,caracteristica_4304,caracteristica_4305,caracteristica_4306,caracteristica_4307,caracteristica_4308,caracteristica_4309,caracteristica_4310,caracteristica_4311,caracteristica_4312,caracteristica_4313,caracteristica_4314,caracteristica_4315,caracteristica_4316,caracteristica_4317,caracteristica_4318,caracteristica_4319,caracteristica_4320,caracteristica_4321,caracteristica_4322,caracteristica_4323,caracteristica_4324,caracteristica_4325,caracteristica_4326,caracteristica_4327,caracteristica_4328,caracteristica_4329,caracteristica_4330,caracteristica_4331,caracteristica_4332,caracteristica_4333,caracteristica_4334,caracteristica_4335,caracteristica_4336,caracteristica_4337,caracteristica_4338,caracteristica_4339,caracteristica_4340,caracteristica_4341,caracteristica_4342,caracteristica_4343,caracteristica_4344,caracteristica_4345,caracteristica_4346,caracteristica_4347,caracteristica_4348,caracteristica_4349,caracteristica_4350,caracteristica_4351,caracteristica_4352,caracteristica_4353,caracteristica_4354,caracteristica_4355,caracteristica_4356,caracteristica_4357,caracteristica_4358,caracteristica_4359,caracteristica_4360,caracteristica_4361,caracteristica_4362,caracteristica_4363,caracteristica_4364,caracteristica_4365,caracteristica_4366,caracteristica_4367,caracteristica_4368,caracteristica_4369,caracteristica_4370,caracteristica_4371,caracteristica_4372,caracteristica_4373,caracteristica_4374,caracteristica_4375,caracteristica_4376,caracteristica_4377,caracteristica_4378,caracteristica_4379,caracteristica_4380,caracteristica_4381,caracteristica_4382,caracteristica_4383,caracteristica_4384,caracteristica_4385,caracteristica_4386,caracteristica_4387,caracteristica_4388,caracteristica_4389,caracteristica_4390,caracteristica_4391,caracteristica_4392,caracteristica_4393,caracteristica_4394,caracteristica_4395,caracteristica_4396,caracteristica_4397,caracteristica_4398,caracteristica_4399,caracteristica_4400,caracteristica_4401,caracteristica_4402,caracteristica_4403,caracteristica_4404,caracteristica_4405,caracteristica_4406,caracteristica_4407,caracteristica_4408,caracteristica_4409,caracteristica_4410,caracteristica_4411,caracteristica_4412,caracteristica_4413,caracteristica_4414,caracteristica_4415,caracteristica_4416,caracteristica_4417,caracteristica_4418,caracteristica_4419,caracteristica_4420,caracteristica_4421,caracteristica_4422,caracteristica_4423,caracteristica_4424,caracteristica_4425,caracteristica_4426,caracteristica_4427,caracteristica_4428,caracteristica_4429,caracteristica_4430,caracteristica_4431,caracteristica_4432,caracteristica_4433,caracteristica_4434,caracteristica_4435,caracteristica_4436,caracteristica_4437,caracteristica_4438,caracteristica_4439,caracteristica_4440,caracteristica_4441,caracteristica_4442,caracteristica_4443,caracteristica_4444,caracteristica_4445,caracteristica_4446,caracteristica_4447,caracteristica_4448,caracteristica_4449,caracteristica_4450,caracteristica_4451,caracteristica_4452,caracteristica_4453,caracteristica_4454,caracteristica_4455,caracteristica_4456,caracteristica_4457,caracteristica_4458,caracteristica_4459,caracteristica_4460,caracteristica_4461,caracteristica_4462,caracteristica_4463,caracteristica_4464,caracteristica_4465,caracteristica_4466,caracteristica_4467,caracteristica_4468,caracteristica_4469,caracteristica_4470,caracteristica_4471,caracteristica_4472,caracteristica_4473,caracteristica_4474,caracteristica_4475,caracteristica_4476,caracteristica_4477,caracteristica_4478,caracteristica_4479,caracteristica_4480,caracteristica_4481,caracteristica_4482,caracteristica_4483,caracteristica_4484,caracteristica_4485,caracteristica_4486,caracteristica_4487,caracteristica_4488,caracteristica_4489,caracteristica_4490,caracteristica_4491,caracteristica_4492,caracteristica_4493,caracteristica_4494,caracteristica_4495,caracteristica_4496,caracteristica_4497,caracteristica_4498,caracteristica_4499,caracteristica_4500,caracteristica_4501,caracteristica_4502,caracteristica_4503,caracteristica_4504,caracteristica_4505,caracteristica_4506,caracteristica_4507,caracteristica_4508,caracteristica_4509,caracteristica_4510,caracteristica_4511,caracteristica_4512,caracteristica_4513,caracteristica_4514,caracteristica_4515,caracteristica_4516,caracteristica_4517,caracteristica_4518,caracteristica_4519,caracteristica_4520,caracteristica_4521,caracteristica_4522,caracteristica_4523,caracteristica_4524,caracteristica_4525,caracteristica_4526,caracteristica_4527,caracteristica_4528,caracteristica_4529,caracteristica_4530,caracteristica_4531,caracteristica_4532,caracteristica_4533,caracteristica_4534,caracteristica_4535,caracteristica_4536,caracteristica_4537,caracteristica_4538,caracteristica_4539,caracteristica_4540,caracteristica_4541,caracteristica_4542,caracteristica_4543,caracteristica_4544,caracteristica_4545,caracteristica_4546,caracteristica_4547,caracteristica_4548,caracteristica_4549,caracteristica_4550,caracteristica_4551,caracteristica_4552,caracteristica_4553,caracteristica_4554,caracteristica_4555,caracteristica_4556,caracteristica_4557,caracteristica_4558,caracteristica_4559,caracteristica_4560,caracteristica_4561,caracteristica_4562,caracteristica_4563,caracteristica_4564,caracteristica_4565,caracteristica_4566,caracteristica_4567,caracteristica_4568,caracteristica_4569,caracteristica_4570,caracteristica_4571,caracteristica_4572,caracteristica_4573,caracteristica_4574,caracteristica_4575,caracteristica_4576,caracteristica_4577,caracteristica_4578,caracteristica_4579,caracteristica_4580,caracteristica_4581,caracteristica_4582,caracteristica_4583,caracteristica_4584,caracteristica_4585,caracteristica_4586,caracteristica_4587,caracteristica_4588,caracteristica_4589,caracteristica_4590,caracteristica_4591,caracteristica_4592,caracteristica_4593,caracteristica_4594,caracteristica_4595,caracteristica_4596,caracteristica_4597,caracteristica_4598,caracteristica_4599,caracteristica_4600,caracteristica_4601,caracteristica_4602,caracteristica_4603,caracteristica_4604,caracteristica_4605,caracteristica_4606,caracteristica_4607,caracteristica_4608,caracteristica_4609,caracteristica_4610,caracteristica_4611,caracteristica_4612,caracteristica_4613,caracteristica_4614,caracteristica_4615,caracteristica_4616,caracteristica_4617,caracteristica_4618,caracteristica_4619,caracteristica_4620,caracteristica_4621,caracteristica_4622,caracteristica_4623,caracteristica_4624,caracteristica_4625,caracteristica_4626,caracteristica_4627,caracteristica_4628,caracteristica_4629,caracteristica_4630,caracteristica_4631,caracteristica_4632,caracteristica_4633,caracteristica_4634,caracteristica_4635,caracteristica_4636,caracteristica_4637,caracteristica_4638,caracteristica_4639,caracteristica_4640,caracteristica_4641,caracteristica_4642,caracteristica_4643,caracteristica_4644,caracteristica_4645,caracteristica_4646,caracteristica_4647,caracteristica_4648,caracteristica_4649,caracteristica_4650,caracteristica_4651,caracteristica_4652,caracteristica_4653,caracteristica_4654,caracteristica_4655,caracteristica_4656,caracteristica_4657,caracteristica_4658,caracteristica_4659,caracteristica_4660,caracteristica_4661,caracteristica_4662,caracteristica_4663,caracteristica_4664,caracteristica_4665,caracteristica_4666,caracteristica_4667,caracteristica_4668,caracteristica_4669,caracteristica_4670,caracteristica_4671,caracteristica_4672,caracteristica_4673,caracteristica_4674,caracteristica_4675,caracteristica_4676,caracteristica_4677,caracteristica_4678,caracteristica_4679,caracteristica_4680,caracteristica_4681,caracteristica_4682,caracteristica_4683,caracteristica_4684,caracteristica_4685,caracteristica_4686,caracteristica_4687,caracteristica_4688,caracteristica_4689,caracteristica_4690,caracteristica_4691,caracteristica_4692,caracteristica_4693,caracteristica_4694,caracteristica_4695,caracteristica_4696,caracteristica_4697,caracteristica_4698,caracteristica_4699,caracteristica_4700,caracteristica_4701,caracteristica_4702,caracteristica_4703,caracteristica_4704,caracteristica_4705,caracteristica_4706,caracteristica_4707,caracteristica_4708,caracteristica_4709,caracteristica_4710,caracteristica_4711,caracteristica_4712,caracteristica_4713,caracteristica_4714,caracteristica_4715,caracteristica_4716,caracteristica_4717,caracteristica_4718,caracteristica_4719,caracteristica_4720,caracteristica_4721,caracteristica_4722,caracteristica_4723,caracteristica_4724,caracteristica_4725,caracteristica_4726,caracteristica_4727,caracteristica_4728,caracteristica_4729,caracteristica_4730,caracteristica_4731,caracteristica_4732,caracteristica_4733,caracteristica_4734,caracteristica_4735,caracteristica_4736,caracteristica_4737,caracteristica_4738,caracteristica_4739,caracteristica_4740,caracteristica_4741,caracteristica_4742,caracteristica_4743,caracteristica_4744,caracteristica_4745,caracteristica_4746,caracteristica_4747,caracteristica_4748,caracteristica_4749,caracteristica_4750,caracteristica_4751,caracteristica_4752,caracteristica_4753,caracteristica_4754,caracteristica_4755,caracteristica_4756,caracteristica_4757,caracteristica_4758,caracteristica_4759,caracteristica_4760,caracteristica_4761,caracteristica_4762,caracteristica_4763,caracteristica_4764,caracteristica_4765,caracteristica_4766,caracteristica_4767,caracteristica_4768,caracteristica_4769,caracteristica_4770,caracteristica_4771,caracteristica_4772,caracteristica_4773,caracteristica_4774,caracteristica_4775,caracteristica_4776,caracteristica_4777,caracteristica_4778,caracteristica_4779,caracteristica_4780,caracteristica_4781,caracteristica_4782,caracteristica_4783,caracteristica_4784,caracteristica_4785,caracteristica_4786,caracteristica_4787,caracteristica_4788,caracteristica_4789,caracteristica_4790,caracteristica_4791,caracteristica_4792,caracteristica_4793,caracteristica_4794,caracteristica_4795,caracteristica_4796,caracteristica_4797,caracteristica_4798,caracteristica_4799,caracteristica_4800,caracteristica_4801,caracteristica_4802,caracteristica_4803,caracteristica_4804,caracteristica_4805,caracteristica_4806,caracteristica_4807,caracteristica_4808,caracteristica_4809,caracteristica_4810,caracteristica_4811,caracteristica_4812,caracteristica_4813,caracteristica_4814,caracteristica_4815,caracteristica_4816,caracteristica_4817,caracteristica_4818,caracteristica_4819,caracteristica_4820,caracteristica_4821,caracteristica_4822,caracteristica_4823,caracteristica_4824,caracteristica_4825,caracteristica_4826,caracteristica_4827,caracteristica_4828,caracteristica_4829,caracteristica_4830,caracteristica_4831,caracteristica_4832,caracteristica_4833,caracteristica_4834,caracteristica_4835,caracteristica_4836,caracteristica_4837,caracteristica_4838,caracteristica_4839,caracteristica_4840,caracteristica_4841,caracteristica_4842,caracteristica_4843,caracteristica_4844,caracteristica_4845,caracteristica_4846,caracteristica_4847,caracteristica_4848,caracteristica_4849,caracteristica_4850,caracteristica_4851,caracteristica_4852,caracteristica_4853,caracteristica_4854,caracteristica_4855,caracteristica_4856,caracteristica_4857,caracteristica_4858,caracteristica_4859,caracteristica_4860,caracteristica_4861,caracteristica_4862,caracteristica_4863,caracteristica_4864,caracteristica_4865,caracteristica_4866,caracteristica_4867,caracteristica_4868,caracteristica_4869,caracteristica_4870,caracteristica_4871,caracteristica_4872,caracteristica_4873,caracteristica_4874,caracteristica_4875,caracteristica_4876,caracteristica_4877,caracteristica_4878,caracteristica_4879,caracteristica_4880,caracteristica_4881,caracteristica_4882,caracteristica_4883,caracteristica_4884,caracteristica_4885,caracteristica_4886,caracteristica_4887,caracteristica_4888,caracteristica_4889,caracteristica_4890,caracteristica_4891,caracteristica_4892,caracteristica_4893,caracteristica_4894,caracteristica_4895,caracteristica_4896,caracteristica_4897,caracteristica_4898,caracteristica_4899,caracteristica_4900,caracteristica_4901,caracteristica_4902,caracteristica_4903,caracteristica_4904,caracteristica_4905,caracteristica_4906,caracteristica_4907,caracteristica_4908,caracteristica_4909,caracteristica_4910,caracteristica_4911,caracteristica_4912,caracteristica_4913,caracteristica_4914,caracteristica_4915,caracteristica_4916,caracteristica_4917,caracteristica_4918,caracteristica_4919,caracteristica_4920,caracteristica_4921,caracteristica_4922,caracteristica_4923,caracteristica_4924,caracteristica_4925,caracteristica_4926,caracteristica_4927,caracteristica_4928,caracteristica_4929,caracteristica_4930,caracteristica_4931,caracteristica_4932,caracteristica_4933,caracteristica_4934,caracteristica_4935,caracteristica_4936,caracteristica_4937,caracteristica_4938,caracteristica_4939,caracteristica_4940,caracteristica_4941,caracteristica_4942,caracteristica_4943,caracteristica_4944,caracteristica_4945,caracteristica_4946,caracteristica_4947,caracteristica_4948,caracteristica_4949,caracteristica_4950,caracteristica_4951,caracteristica_4952,caracteristica_4953,caracteristica_4954,caracteristica_4955,caracteristica_4956,caracteristica_4957,caracteristica_4958,caracteristica_4959,caracteristica_4960,caracteristica_4961,caracteristica_4962,caracteristica_4963,caracteristica_4964,caracteristica_4965,caracteristica_4966,caracteristica_4967,caracteristica_4968,caracteristica_4969,caracteristica_4970,caracteristica_4971,caracteristica_4972,caracteristica_4973,caracteristica_4974,caracteristica_4975,caracteristica_4976,caracteristica_4977,caracteristica_4978,caracteristica_4979,caracteristica_4980,caracteristica_4981,caracteristica_4982,caracteristica_4983,caracteristica_4984,caracteristica_4985,caracteristica_4986,caracteristica_4987,caracteristica_4988,caracteristica_4989,caracteristica_4990,caracteristica_4991,caracteristica_4992,caracteristica_4993,caracteristica_4994,caracteristica_4995,caracteristica_4996,caracteristica_4997,caracteristica_4998,caracteristica_4999,caracteristica_5000,caracteristica_5001,caracteristica_5002,caracteristica_5003,caracteristica_5004,caracteristica_5005,caracteristica_5006,caracteristica_5007,caracteristica_5008,caracteristica_5009,caracteristica_5010,caracteristica_5011,caracteristica_5012,caracteristica_5013,caracteristica_5014,caracteristica_5015,caracteristica_5016,caracteristica_5017,caracteristica_5018,caracteristica_5019,caracteristica_5020,caracteristica_5021,caracteristica_5022,caracteristica_5023,caracteristica_5024,caracteristica_5025,caracteristica_5026,caracteristica_5027,caracteristica_5028,caracteristica_5029,caracteristica_5030,caracteristica_5031,caracteristica_5032,caracteristica_5033,caracteristica_5034,caracteristica_5035,caracteristica_5036,caracteristica_5037,caracteristica_5038,caracteristica_5039,caracteristica_5040,caracteristica_5041,caracteristica_5042,caracteristica_5043,caracteristica_5044,caracteristica_5045,caracteristica_5046,caracteristica_5047,caracteristica_5048,caracteristica_5049,caracteristica_5050,caracteristica_5051,caracteristica_5052,caracteristica_5053,caracteristica_5054,caracteristica_5055,caracteristica_5056,caracteristica_5057,caracteristica_5058,caracteristica_5059,caracteristica_5060,caracteristica_5061,caracteristica_5062,caracteristica_5063,caracteristica_5064,caracteristica_5065,caracteristica_5066,caracteristica_5067,caracteristica_5068,caracteristica_5069,caracteristica_5070,caracteristica_5071,caracteristica_5072,caracteristica_5073,caracteristica_5074,caracteristica_5075,caracteristica_5076,caracteristica_5077,caracteristica_5078,caracteristica_5079,caracteristica_5080,caracteristica_5081,caracteristica_5082,caracteristica_5083,caracteristica_5084,caracteristica_5085,caracteristica_5086,caracteristica_5087,caracteristica_5088,caracteristica_5089,caracteristica_5090,caracteristica_5091,caracteristica_5092,caracteristica_5093,caracteristica_5094,caracteristica_5095,caracteristica_5096,caracteristica_5097,caracteristica_5098,caracteristica_5099,caracteristica_5100,caracteristica_5101,caracteristica_5102,caracteristica_5103,caracteristica_5104,caracteristica_5105,caracteristica_5106,caracteristica_5107,caracteristica_5108,caracteristica_5109,caracteristica_5110,caracteristica_5111,caracteristica_5112,caracteristica_5113,caracteristica_5114,caracteristica_5115,caracteristica_5116,caracteristica_5117,caracteristica_5118,caracteristica_5119,caracteristica_5120,caracteristica_5121,caracteristica_5122,caracteristica_5123,caracteristica_5124,caracteristica_5125,caracteristica_5126,caracteristica_5127,caracteristica_5128,caracteristica_5129,caracteristica_5130,caracteristica_5131,caracteristica_5132,caracteristica_5133,caracteristica_5134,caracteristica_5135,caracteristica_5136,caracteristica_5137,caracteristica_5138,caracteristica_5139,caracteristica_5140,caracteristica_5141,caracteristica_5142,caracteristica_5143,caracteristica_5144,caracteristica_5145,caracteristica_5146,caracteristica_5147,caracteristica_5148,caracteristica_5149,caracteristica_5150,caracteristica_5151,caracteristica_5152,caracteristica_5153,caracteristica_5154,caracteristica_5155,caracteristica_5156,caracteristica_5157,caracteristica_5158,caracteristica_5159,caracteristica_5160,caracteristica_5161,caracteristica_5162,caracteristica_5163,caracteristica_5164,caracteristica_5165,caracteristica_5166,caracteristica_5167,caracteristica_5168,caracteristica_5169,caracteristica_5170,caracteristica_5171,caracteristica_5172,caracteristica_5173,caracteristica_5174,caracteristica_5175,caracteristica_5176,caracteristica_5177,caracteristica_5178,caracteristica_5179,caracteristica_5180,caracteristica_5181,caracteristica_5182,caracteristica_5183,caracteristica_5184,caracteristica_5185,caracteristica_5186,caracteristica_5187,caracteristica_5188,caracteristica_5189,caracteristica_5190,caracteristica_5191,caracteristica_5192,caracteristica_5193,caracteristica_5194,caracteristica_5195,caracteristica_5196,caracteristica_5197,caracteristica_5198,caracteristica_5199,caracteristica_5200,caracteristica_5201,caracteristica_5202,caracteristica_5203,caracteristica_5204,caracteristica_5205,caracteristica_5206,caracteristica_5207,caracteristica_5208,caracteristica_5209,caracteristica_5210,caracteristica_5211,caracteristica_5212,caracteristica_5213,caracteristica_5214,caracteristica_5215,caracteristica_5216,caracteristica_5217,caracteristica_5218,caracteristica_5219,caracteristica_5220,caracteristica_5221,caracteristica_5222,caracteristica_5223,caracteristica_5224,caracteristica_5225,caracteristica_5226,caracteristica_5227,caracteristica_5228,caracteristica_5229,caracteristica_5230,caracteristica_5231,caracteristica_5232,caracteristica_5233,caracteristica_5234,caracteristica_5235,caracteristica_5236,caracteristica_5237,caracteristica_5238,caracteristica_5239,caracteristica_5240,caracteristica_5241,caracteristica_5242,caracteristica_5243,caracteristica_5244,caracteristica_5245,caracteristica_5246,caracteristica_5247,caracteristica_5248,caracteristica_5249,caracteristica_5250,caracteristica_5251,caracteristica_5252,caracteristica_5253,caracteristica_5254,caracteristica_5255,caracteristica_5256,caracteristica_5257,caracteristica_5258,caracteristica_5259,caracteristica_5260,caracteristica_5261,caracteristica_5262,caracteristica_5263,caracteristica_5264,caracteristica_5265,caracteristica_5266,caracteristica_5267,caracteristica_5268,caracteristica_5269,caracteristica_5270,caracteristica_5271,caracteristica_5272,caracteristica_5273,caracteristica_5274,caracteristica_5275,caracteristica_5276,caracteristica_5277,caracteristica_5278,caracteristica_5279,caracteristica_5280,caracteristica_5281,caracteristica_5282,caracteristica_5283,caracteristica_5284,caracteristica_5285,caracteristica_5286,caracteristica_5287,caracteristica_5288,caracteristica_5289,caracteristica_5290,caracteristica_5291,caracteristica_5292,caracteristica_5293,caracteristica_5294,caracteristica_5295,caracteristica_5296,caracteristica_5297,caracteristica_5298,caracteristica_5299,caracteristica_5300,caracteristica_5301,caracteristica_5302,caracteristica_5303,caracteristica_5304,caracteristica_5305,caracteristica_5306,caracteristica_5307,caracteristica_5308,caracteristica_5309,caracteristica_5310,caracteristica_5311,caracteristica_5312,caracteristica_5313,caracteristica_5314,caracteristica_5315,caracteristica_5316,caracteristica_5317,caracteristica_5318,caracteristica_5319,caracteristica_5320,caracteristica_5321,caracteristica_5322,caracteristica_5323,caracteristica_5324,caracteristica_5325,caracteristica_5326,caracteristica_5327,caracteristica_5328,caracteristica_5329,caracteristica_5330,caracteristica_5331,caracteristica_5332,caracteristica_5333,caracteristica_5334,caracteristica_5335,caracteristica_5336,caracteristica_5337,caracteristica_5338,caracteristica_5339,caracteristica_5340,caracteristica_5341,caracteristica_5342,caracteristica_5343,caracteristica_5344,caracteristica_5345,caracteristica_5346,caracteristica_5347,caracteristica_5348,caracteristica_5349,caracteristica_5350,caracteristica_5351,caracteristica_5352,caracteristica_5353,caracteristica_5354,caracteristica_5355,caracteristica_5356,caracteristica_5357,caracteristica_5358,caracteristica_5359,caracteristica_5360,caracteristica_5361,caracteristica_5362,caracteristica_5363,caracteristica_5364,caracteristica_5365,caracteristica_5366,caracteristica_5367,caracteristica_5368,caracteristica_5369,caracteristica_5370,caracteristica_5371,caracteristica_5372,caracteristica_5373,caracteristica_5374,caracteristica_5375,caracteristica_5376,caracteristica_5377,caracteristica_5378,caracteristica_5379,caracteristica_5380,caracteristica_5381,caracteristica_5382,caracteristica_5383,caracteristica_5384,caracteristica_5385,caracteristica_5386,caracteristica_5387,caracteristica_5388,caracteristica_5389,caracteristica_5390,caracteristica_5391,caracteristica_5392,caracteristica_5393,caracteristica_5394,caracteristica_5395,caracteristica_5396,caracteristica_5397,caracteristica_5398,caracteristica_5399,caracteristica_5400,caracteristica_5401,caracteristica_5402,caracteristica_5403,caracteristica_5404,caracteristica_5405,caracteristica_5406,caracteristica_5407,caracteristica_5408,caracteristica_5409,caracteristica_5410,caracteristica_5411,caracteristica_5412,caracteristica_5413,caracteristica_5414,caracteristica_5415,caracteristica_5416,caracteristica_5417,caracteristica_5418,caracteristica_5419,caracteristica_5420,caracteristica_5421,caracteristica_5422,caracteristica_5423,caracteristica_5424,caracteristica_5425,caracteristica_5426,caracteristica_5427,caracteristica_5428,caracteristica_5429,caracteristica_5430,caracteristica_5431,caracteristica_5432,caracteristica_5433,caracteristica_5434,caracteristica_5435,caracteristica_5436,caracteristica_5437,caracteristica_5438,caracteristica_5439,caracteristica_5440,caracteristica_5441,caracteristica_5442,caracteristica_5443,caracteristica_5444,caracteristica_5445,caracteristica_5446,caracteristica_5447,caracteristica_5448,caracteristica_5449,caracteristica_5450,caracteristica_5451,caracteristica_5452,caracteristica_5453,caracteristica_5454,caracteristica_5455,caracteristica_5456,caracteristica_5457,caracteristica_5458,caracteristica_5459,caracteristica_5460,caracteristica_5461,caracteristica_5462,caracteristica_5463,caracteristica_5464,caracteristica_5465,caracteristica_5466,caracteristica_5467,caracteristica_5468,caracteristica_5469,caracteristica_5470,caracteristica_5471,caracteristica_5472,caracteristica_5473,caracteristica_5474,caracteristica_5475,caracteristica_5476,caracteristica_5477,caracteristica_5478,caracteristica_5479,caracteristica_5480,caracteristica_5481,caracteristica_5482,caracteristica_5483,caracteristica_5484,caracteristica_5485,caracteristica_5486,caracteristica_5487,caracteristica_5488,caracteristica_5489,caracteristica_5490,caracteristica_5491,caracteristica_5492,caracteristica_5493,caracteristica_5494,caracteristica_5495,caracteristica_5496,caracteristica_5497,caracteristica_5498,caracteristica_5499,caracteristica_5500,caracteristica_5501,caracteristica_5502,caracteristica_5503,caracteristica_5504,caracteristica_5505,caracteristica_5506,caracteristica_5507,caracteristica_5508,caracteristica_5509,caracteristica_5510,caracteristica_5511,caracteristica_5512,caracteristica_5513,caracteristica_5514,caracteristica_5515,caracteristica_5516,caracteristica_5517,caracteristica_5518,caracteristica_5519,caracteristica_5520,caracteristica_5521,caracteristica_5522,caracteristica_5523,caracteristica_5524,caracteristica_5525,caracteristica_5526,caracteristica_5527,caracteristica_5528,caracteristica_5529,caracteristica_5530,caracteristica_5531,caracteristica_5532,caracteristica_5533,caracteristica_5534,caracteristica_5535,caracteristica_5536,caracteristica_5537,caracteristica_5538,caracteristica_5539,caracteristica_5540,caracteristica_5541,caracteristica_5542,caracteristica_5543,caracteristica_5544,caracteristica_5545,caracteristica_5546,caracteristica_5547,caracteristica_5548,caracteristica_5549,caracteristica_5550,caracteristica_5551,caracteristica_5552,caracteristica_5553,caracteristica_5554,caracteristica_5555,caracteristica_5556,caracteristica_5557,caracteristica_5558,caracteristica_5559,caracteristica_5560,caracteristica_5561,caracteristica_5562,caracteristica_5563,caracteristica_5564,caracteristica_5565,caracteristica_5566,caracteristica_5567,caracteristica_5568,caracteristica_5569,caracteristica_5570,caracteristica_5571,caracteristica_5572,caracteristica_5573,caracteristica_5574,caracteristica_5575,caracteristica_5576,caracteristica_5577,caracteristica_5578,caracteristica_5579,caracteristica_5580,caracteristica_5581,caracteristica_5582,caracteristica_5583,caracteristica_5584,caracteristica_5585,caracteristica_5586,caracteristica_5587,caracteristica_5588,caracteristica_5589,caracteristica_5590,caracteristica_5591,caracteristica_5592,caracteristica_5593,caracteristica_5594,caracteristica_5595,caracteristica_5596,caracteristica_5597,caracteristica_5598,caracteristica_5599,caracteristica_5600,caracteristica_5601,caracteristica_5602,caracteristica_5603,caracteristica_5604,caracteristica_5605,caracteristica_5606,caracteristica_5607,caracteristica_5608,caracteristica_5609,caracteristica_5610,caracteristica_5611,caracteristica_5612,caracteristica_5613,caracteristica_5614,caracteristica_5615,caracteristica_5616,caracteristica_5617,caracteristica_5618,caracteristica_5619,caracteristica_5620,caracteristica_5621,caracteristica_5622,caracteristica_5623,caracteristica_5624,caracteristica_5625,caracteristica_5626,caracteristica_5627,caracteristica_5628,caracteristica_5629,caracteristica_5630,caracteristica_5631,caracteristica_5632,caracteristica_5633,caracteristica_5634,caracteristica_5635,caracteristica_5636,caracteristica_5637,caracteristica_5638,caracteristica_5639,caracteristica_5640,caracteristica_5641,caracteristica_5642,caracteristica_5643,caracteristica_5644,caracteristica_5645,caracteristica_5646,caracteristica_5647,caracteristica_5648,caracteristica_5649,caracteristica_5650,caracteristica_5651,caracteristica_5652,caracteristica_5653,caracteristica_5654,caracteristica_5655,caracteristica_5656,caracteristica_5657,caracteristica_5658,caracteristica_5659,caracteristica_5660,caracteristica_5661,caracteristica_5662,caracteristica_5663,caracteristica_5664,caracteristica_5665,caracteristica_5666,caracteristica_5667,caracteristica_5668,caracteristica_5669,caracteristica_5670,caracteristica_5671,caracteristica_5672,caracteristica_5673,caracteristica_5674,caracteristica_5675,caracteristica_5676,caracteristica_5677,caracteristica_5678,caracteristica_5679,caracteristica_5680,caracteristica_5681,caracteristica_5682,caracteristica_5683,caracteristica_5684,caracteristica_5685,caracteristica_5686,caracteristica_5687,caracteristica_5688,caracteristica_5689,caracteristica_5690,caracteristica_5691,caracteristica_5692,caracteristica_5693,caracteristica_5694,caracteristica_5695,caracteristica_5696,caracteristica_5697,caracteristica_5698,caracteristica_5699,caracteristica_5700,caracteristica_5701,caracteristica_5702,caracteristica_5703,caracteristica_5704,caracteristica_5705,caracteristica_5706,caracteristica_5707,caracteristica_5708,caracteristica_5709,caracteristica_5710,caracteristica_5711,caracteristica_5712,caracteristica_5713,caracteristica_5714,caracteristica_5715,caracteristica_5716,caracteristica_5717,caracteristica_5718,caracteristica_5719,caracteristica_5720,caracteristica_5721,caracteristica_5722,caracteristica_5723,caracteristica_5724,caracteristica_5725,caracteristica_5726,caracteristica_5727,caracteristica_5728,caracteristica_5729,caracteristica_5730,caracteristica_5731,caracteristica_5732,caracteristica_5733,caracteristica_5734,caracteristica_5735,caracteristica_5736,caracteristica_5737,caracteristica_5738,caracteristica_5739,caracteristica_5740,caracteristica_5741,caracteristica_5742,caracteristica_5743,caracteristica_5744,caracteristica_5745,caracteristica_5746,caracteristica_5747,caracteristica_5748,caracteristica_5749,caracteristica_5750,caracteristica_5751,caracteristica_5752,caracteristica_5753,caracteristica_5754,caracteristica_5755,caracteristica_5756,caracteristica_5757,caracteristica_5758,caracteristica_5759,caracteristica_5760,caracteristica_5761,caracteristica_5762,caracteristica_5763,caracteristica_5764,caracteristica_5765,caracteristica_5766,caracteristica_5767,caracteristica_5768,caracteristica_5769,caracteristica_5770,caracteristica_5771,caracteristica_5772,caracteristica_5773,caracteristica_5774,caracteristica_5775,caracteristica_5776,caracteristica_5777,caracteristica_5778,caracteristica_5779,caracteristica_5780,caracteristica_5781,caracteristica_5782,caracteristica_5783,caracteristica_5784,caracteristica_5785,caracteristica_5786,caracteristica_5787,caracteristica_5788,caracteristica_5789,caracteristica_5790,caracteristica_5791,caracteristica_5792,caracteristica_5793,caracteristica_5794,caracteristica_5795,caracteristica_5796,caracteristica_5797,caracteristica_5798,caracteristica_5799,caracteristica_5800,caracteristica_5801,caracteristica_5802,caracteristica_5803,caracteristica_5804,caracteristica_5805,caracteristica_5806,caracteristica_5807,caracteristica_5808,caracteristica_5809,caracteristica_5810,caracteristica_5811,caracteristica_5812,caracteristica_5813,caracteristica_5814,caracteristica_5815,caracteristica_5816,caracteristica_5817,caracteristica_5818,caracteristica_5819,caracteristica_5820,caracteristica_5821,caracteristica_5822,caracteristica_5823,caracteristica_5824,caracteristica_5825,caracteristica_5826,caracteristica_5827,caracteristica_5828,caracteristica_5829,caracteristica_5830,caracteristica_5831,caracteristica_5832,caracteristica_5833,caracteristica_5834,caracteristica_5835,caracteristica_5836,caracteristica_5837,caracteristica_5838,caracteristica_5839,caracteristica_5840,caracteristica_5841,caracteristica_5842,caracteristica_5843,caracteristica_5844,caracteristica_5845,caracteristica_5846,caracteristica_5847,caracteristica_5848,caracteristica_5849,caracteristica_5850,caracteristica_5851,caracteristica_5852,caracteristica_5853,caracteristica_5854,caracteristica_5855,caracteristica_5856,caracteristica_5857,caracteristica_5858,caracteristica_5859,caracteristica_5860,caracteristica_5861,caracteristica_5862,caracteristica_5863,caracteristica_5864,caracteristica_5865,caracteristica_5866,caracteristica_5867,caracteristica_5868,caracteristica_5869,caracteristica_5870,caracteristica_5871,caracteristica_5872,caracteristica_5873,caracteristica_5874,caracteristica_5875,caracteristica_5876,caracteristica_5877,caracteristica_5878,caracteristica_5879,caracteristica_5880,caracteristica_5881,caracteristica_5882,caracteristica_5883,caracteristica_5884,caracteristica_5885,caracteristica_5886,caracteristica_5887,caracteristica_5888,caracteristica_5889,caracteristica_5890,caracteristica_5891,caracteristica_5892,caracteristica_5893,caracteristica_5894,caracteristica_5895,caracteristica_5896,caracteristica_5897,caracteristica_5898,caracteristica_5899,caracteristica_5900,caracteristica_5901,caracteristica_5902,caracteristica_5903,caracteristica_5904,caracteristica_5905,caracteristica_5906,caracteristica_5907,caracteristica_5908,caracteristica_5909,caracteristica_5910,caracteristica_5911,caracteristica_5912,caracteristica_5913,caracteristica_5914,caracteristica_5915,caracteristica_5916,caracteristica_5917,caracteristica_5918,caracteristica_5919,caracteristica_5920,caracteristica_5921,caracteristica_5922,caracteristica_5923,caracteristica_5924,caracteristica_5925,caracteristica_5926,caracteristica_5927,caracteristica_5928,caracteristica_5929,caracteristica_5930,caracteristica_5931,caracteristica_5932,caracteristica_5933,caracteristica_5934,caracteristica_5935,caracteristica_5936,caracteristica_5937,caracteristica_5938,caracteristica_5939,caracteristica_5940,caracteristica_5941,caracteristica_5942,caracteristica_5943,caracteristica_5944,caracteristica_5945,caracteristica_5946,caracteristica_5947,caracteristica_5948,caracteristica_5949,caracteristica_5950,caracteristica_5951,caracteristica_5952,caracteristica_5953,caracteristica_5954,caracteristica_5955,caracteristica_5956,caracteristica_5957,caracteristica_5958,caracteristica_5959,caracteristica_5960,caracteristica_5961,caracteristica_5962,caracteristica_5963,caracteristica_5964,caracteristica_5965,caracteristica_5966,caracteristica_5967,caracteristica_5968,caracteristica_5969,caracteristica_5970,caracteristica_5971,caracteristica_5972,caracteristica_5973,caracteristica_5974,caracteristica_5975,caracteristica_5976,caracteristica_5977,caracteristica_5978,caracteristica_5979,caracteristica_5980,caracteristica_5981,caracteristica_5982,caracteristica_5983,caracteristica_5984,caracteristica_5985,caracteristica_5986,caracteristica_5987,caracteristica_5988,caracteristica_5989,caracteristica_5990,caracteristica_5991,caracteristica_5992,caracteristica_5993,caracteristica_5994,caracteristica_5995,caracteristica_5996,caracteristica_5997,caracteristica_5998,caracteristica_5999,caracteristica_6000,caracteristica_6001,caracteristica_6002,caracteristica_6003,caracteristica_6004,caracteristica_6005,caracteristica_6006,caracteristica_6007,caracteristica_6008,caracteristica_6009,caracteristica_6010,caracteristica_6011,caracteristica_6012,caracteristica_6013,caracteristica_6014,caracteristica_6015,caracteristica_6016,caracteristica_6017,caracteristica_6018,caracteristica_6019,caracteristica_6020,caracteristica_6021,caracteristica_6022,caracteristica_6023,caracteristica_6024,caracteristica_6025,caracteristica_6026,caracteristica_6027,caracteristica_6028,caracteristica_6029,caracteristica_6030,caracteristica_6031,caracteristica_6032,caracteristica_6033,caracteristica_6034,caracteristica_6035,caracteristica_6036,caracteristica_6037,caracteristica_6038,caracteristica_6039,caracteristica_6040,caracteristica_6041,caracteristica_6042,caracteristica_6043,caracteristica_6044,caracteristica_6045,caracteristica_6046,caracteristica_6047,caracteristica_6048,caracteristica_6049,caracteristica_6050,caracteristica_6051,caracteristica_6052,caracteristica_6053,caracteristica_6054,caracteristica_6055,caracteristica_6056,caracteristica_6057,caracteristica_6058,caracteristica_6059,caracteristica_6060,caracteristica_6061,caracteristica_6062,caracteristica_6063,caracteristica_6064,caracteristica_6065,caracteristica_6066,caracteristica_6067,caracteristica_6068,caracteristica_6069,caracteristica_6070,caracteristica_6071,caracteristica_6072,caracteristica_6073,caracteristica_6074,caracteristica_6075,caracteristica_6076,caracteristica_6077,caracteristica_6078,caracteristica_6079,caracteristica_6080,caracteristica_6081,caracteristica_6082,caracteristica_6083,caracteristica_6084,caracteristica_6085,caracteristica_6086,caracteristica_6087,caracteristica_6088,caracteristica_6089,caracteristica_6090,caracteristica_6091,caracteristica_6092,caracteristica_6093,caracteristica_6094,caracteristica_6095,caracteristica_6096,caracteristica_6097,caracteristica_6098,caracteristica_6099,caracteristica_6100,caracteristica_6101,caracteristica_6102,caracteristica_6103,caracteristica_6104,caracteristica_6105,caracteristica_6106,caracteristica_6107,caracteristica_6108,caracteristica_6109,caracteristica_6110,caracteristica_6111,caracteristica_6112,caracteristica_6113,caracteristica_6114,caracteristica_6115,caracteristica_6116,caracteristica_6117,caracteristica_6118,caracteristica_6119,caracteristica_6120,caracteristica_6121,caracteristica_6122,caracteristica_6123,caracteristica_6124,caracteristica_6125,caracteristica_6126,caracteristica_6127,caracteristica_6128,caracteristica_6129,caracteristica_6130,caracteristica_6131,caracteristica_6132,caracteristica_6133,caracteristica_6134,caracteristica_6135,caracteristica_6136,caracteristica_6137,caracteristica_6138,caracteristica_6139,caracteristica_6140,caracteristica_6141,caracteristica_6142,caracteristica_6143,caracteristica_6144,caracteristica_6145,caracteristica_6146,caracteristica_6147,caracteristica_6148,caracteristica_6149,caracteristica_6150,caracteristica_6151,caracteristica_6152,caracteristica_6153,caracteristica_6154,caracteristica_6155,caracteristica_6156,caracteristica_6157,caracteristica_6158,caracteristica_6159,caracteristica_6160,caracteristica_6161,caracteristica_6162,caracteristica_6163,caracteristica_6164,caracteristica_6165,caracteristica_6166,caracteristica_6167,caracteristica_6168,caracteristica_6169,caracteristica_6170,caracteristica_6171,caracteristica_6172,caracteristica_6173,caracteristica_6174,caracteristica_6175,caracteristica_6176,caracteristica_6177,caracteristica_6178,caracteristica_6179,caracteristica_6180,caracteristica_6181,caracteristica_6182,caracteristica_6183,caracteristica_6184,caracteristica_6185,caracteristica_6186,caracteristica_6187,caracteristica_6188,caracteristica_6189,caracteristica_6190,caracteristica_6191,caracteristica_6192,caracteristica_6193,caracteristica_6194,caracteristica_6195,caracteristica_6196,caracteristica_6197,caracteristica_6198,caracteristica_6199,caracteristica_6200,caracteristica_6201,caracteristica_6202,caracteristica_6203,caracteristica_6204,caracteristica_6205,caracteristica_6206,caracteristica_6207,caracteristica_6208,caracteristica_6209,caracteristica_6210,caracteristica_6211,caracteristica_6212,caracteristica_6213,caracteristica_6214,caracteristica_6215,caracteristica_6216,caracteristica_6217,caracteristica_6218,caracteristica_6219,caracteristica_6220,caracteristica_6221,caracteristica_6222,caracteristica_6223,caracteristica_6224,caracteristica_6225,caracteristica_6226,caracteristica_6227,caracteristica_6228,caracteristica_6229,caracteristica_6230,caracteristica_6231,caracteristica_6232,caracteristica_6233,caracteristica_6234,caracteristica_6235,caracteristica_6236,caracteristica_6237,caracteristica_6238,caracteristica_6239,caracteristica_6240,caracteristica_6241,caracteristica_6242,caracteristica_6243,caracteristica_6244,caracteristica_6245,caracteristica_6246,caracteristica_6247,caracteristica_6248,caracteristica_6249,caracteristica_6250,caracteristica_6251,caracteristica_6252,caracteristica_6253,caracteristica_6254,caracteristica_6255,caracteristica_6256,caracteristica_6257,caracteristica_6258,caracteristica_6259,caracteristica_6260,caracteristica_6261,caracteristica_6262,caracteristica_6263,caracteristica_6264,caracteristica_6265,caracteristica_6266,caracteristica_6267,caracteristica_6268,caracteristica_6269,caracteristica_6270,caracteristica_6271,caracteristica_6272,caracteristica_6273,caracteristica_6274,caracteristica_6275,caracteristica_6276,caracteristica_6277,caracteristica_6278,caracteristica_6279,caracteristica_6280,caracteristica_6281,caracteristica_6282,caracteristica_6283,caracteristica_6284,caracteristica_6285,caracteristica_6286,caracteristica_6287,caracteristica_6288,caracteristica_6289,caracteristica_6290,caracteristica_6291,caracteristica_6292,caracteristica_6293,caracteristica_6294,caracteristica_6295,caracteristica_6296,caracteristica_6297,caracteristica_6298,caracteristica_6299,caracteristica_6300,caracteristica_6301,caracteristica_6302,caracteristica_6303,caracteristica_6304,caracteristica_6305,caracteristica_6306,caracteristica_6307,caracteristica_6308,caracteristica_6309,caracteristica_6310,caracteristica_6311,caracteristica_6312,caracteristica_6313,caracteristica_6314,caracteristica_6315,caracteristica_6316,caracteristica_6317,caracteristica_6318,caracteristica_6319,caracteristica_6320,caracteristica_6321,caracteristica_6322,caracteristica_6323,caracteristica_6324,caracteristica_6325,caracteristica_6326,caracteristica_6327,caracteristica_6328,caracteristica_6329,caracteristica_6330,caracteristica_6331,caracteristica_6332,caracteristica_6333,caracteristica_6334,caracteristica_6335,caracteristica_6336,caracteristica_6337,caracteristica_6338,caracteristica_6339,caracteristica_6340,caracteristica_6341,caracteristica_6342,caracteristica_6343,caracteristica_6344,caracteristica_6345,caracteristica_6346,caracteristica_6347,caracteristica_6348,caracteristica_6349,caracteristica_6350,caracteristica_6351,caracteristica_6352,caracteristica_6353,caracteristica_6354,caracteristica_6355,caracteristica_6356,caracteristica_6357,caracteristica_6358,caracteristica_6359,caracteristica_6360,caracteristica_6361,caracteristica_6362,caracteristica_6363,caracteristica_6364,caracteristica_6365,caracteristica_6366,caracteristica_6367,caracteristica_6368,caracteristica_6369,caracteristica_6370,caracteristica_6371,caracteristica_6372,caracteristica_6373,caracteristica_6374,caracteristica_6375,caracteristica_6376,caracteristica_6377,caracteristica_6378,caracteristica_6379,caracteristica_6380,caracteristica_6381,caracteristica_6382,caracteristica_6383,caracteristica_6384,caracteristica_6385,caracteristica_6386,caracteristica_6387,caracteristica_6388,caracteristica_6389,caracteristica_6390,caracteristica_6391,caracteristica_6392,caracteristica_6393,caracteristica_6394,caracteristica_6395,caracteristica_6396,caracteristica_6397,caracteristica_6398,caracteristica_6399,caracteristica_6400,caracteristica_6401,caracteristica_6402,caracteristica_6403,caracteristica_6404,caracteristica_6405,caracteristica_6406,caracteristica_6407,caracteristica_6408,caracteristica_6409,caracteristica_6410,caracteristica_6411,caracteristica_6412,caracteristica_6413,caracteristica_6414,caracteristica_6415,caracteristica_6416,caracteristica_6417,caracteristica_6418,caracteristica_6419,caracteristica_6420,caracteristica_6421,caracteristica_6422,caracteristica_6423,caracteristica_6424,caracteristica_6425,caracteristica_6426,caracteristica_6427,caracteristica_6428,caracteristica_6429,caracteristica_6430,caracteristica_6431,caracteristica_6432,caracteristica_6433,caracteristica_6434,caracteristica_6435,caracteristica_6436,caracteristica_6437,caracteristica_6438,caracteristica_6439,caracteristica_6440,caracteristica_6441,caracteristica_6442,caracteristica_6443,caracteristica_6444,caracteristica_6445,caracteristica_6446,caracteristica_6447,caracteristica_6448,caracteristica_6449,caracteristica_6450,caracteristica_6451,caracteristica_6452,caracteristica_6453,caracteristica_6454,caracteristica_6455,caracteristica_6456,caracteristica_6457,caracteristica_6458,caracteristica_6459,caracteristica_6460,caracteristica_6461,caracteristica_6462,caracteristica_6463,caracteristica_6464,caracteristica_6465,caracteristica_6466,caracteristica_6467,caracteristica_6468,caracteristica_6469,caracteristica_6470,caracteristica_6471,caracteristica_6472,caracteristica_6473,caracteristica_6474,caracteristica_6475,caracteristica_6476,caracteristica_6477,caracteristica_6478,caracteristica_6479,caracteristica_6480,caracteristica_6481,caracteristica_6482,caracteristica_6483,caracteristica_6484,caracteristica_6485,caracteristica_6486,caracteristica_6487,caracteristica_6488,caracteristica_6489,caracteristica_6490,caracteristica_6491,caracteristica_6492,caracteristica_6493,caracteristica_6494,caracteristica_6495,caracteristica_6496,caracteristica_6497,caracteristica_6498,caracteristica_6499,caracteristica_6500,caracteristica_6501,caracteristica_6502,caracteristica_6503,caracteristica_6504,caracteristica_6505,caracteristica_6506,caracteristica_6507,caracteristica_6508,caracteristica_6509,caracteristica_6510,caracteristica_6511,caracteristica_6512,caracteristica_6513,caracteristica_6514,caracteristica_6515,caracteristica_6516,caracteristica_6517,caracteristica_6518,caracteristica_6519,caracteristica_6520,caracteristica_6521,caracteristica_6522,caracteristica_6523,caracteristica_6524,caracteristica_6525,caracteristica_6526,caracteristica_6527,caracteristica_6528,caracteristica_6529,caracteristica_6530,caracteristica_6531,caracteristica_6532,caracteristica_6533,caracteristica_6534,caracteristica_6535,caracteristica_6536,caracteristica_6537,caracteristica_6538,caracteristica_6539,caracteristica_6540,caracteristica_6541,caracteristica_6542,caracteristica_6543,caracteristica_6544,caracteristica_6545,caracteristica_6546,caracteristica_6547,caracteristica_6548,caracteristica_6549,caracteristica_6550,caracteristica_6551,caracteristica_6552,caracteristica_6553,caracteristica_6554,caracteristica_6555,caracteristica_6556,caracteristica_6557,caracteristica_6558,caracteristica_6559,caracteristica_6560,caracteristica_6561,caracteristica_6562,caracteristica_6563,caracteristica_6564,caracteristica_6565,caracteristica_6566,caracteristica_6567,caracteristica_6568,caracteristica_6569,caracteristica_6570,caracteristica_6571,caracteristica_6572,caracteristica_6573,caracteristica_6574,caracteristica_6575,caracteristica_6576,caracteristica_6577,caracteristica_6578,caracteristica_6579,caracteristica_6580,caracteristica_6581,caracteristica_6582,caracteristica_6583,caracteristica_6584,caracteristica_6585,caracteristica_6586,caracteristica_6587,caracteristica_6588,caracteristica_6589,caracteristica_6590,caracteristica_6591,caracteristica_6592,caracteristica_6593,caracteristica_6594,caracteristica_6595,caracteristica_6596,caracteristica_6597,caracteristica_6598,caracteristica_6599,caracteristica_6600,caracteristica_6601,caracteristica_6602,caracteristica_6603,caracteristica_6604,caracteristica_6605,caracteristica_6606,caracteristica_6607,caracteristica_6608,caracteristica_6609,caracteristica_6610,caracteristica_6611,caracteristica_6612,caracteristica_6613,caracteristica_6614,caracteristica_6615,caracteristica_6616,caracteristica_6617,caracteristica_6618,caracteristica_6619,caracteristica_6620,caracteristica_6621,caracteristica_6622,caracteristica_6623,caracteristica_6624,caracteristica_6625,caracteristica_6626,caracteristica_6627,caracteristica_6628,caracteristica_6629,caracteristica_6630,caracteristica_6631,caracteristica_6632,caracteristica_6633,caracteristica_6634,caracteristica_6635,caracteristica_6636,caracteristica_6637,caracteristica_6638,caracteristica_6639,caracteristica_6640,caracteristica_6641,caracteristica_6642,caracteristica_6643,caracteristica_6644,caracteristica_6645,caracteristica_6646,caracteristica_6647,caracteristica_6648,caracteristica_6649,caracteristica_6650,caracteristica_6651,caracteristica_6652,caracteristica_6653,caracteristica_6654,caracteristica_6655,caracteristica_6656,caracteristica_6657,caracteristica_6658,caracteristica_6659,caracteristica_6660,caracteristica_6661,caracteristica_6662,caracteristica_6663,caracteristica_6664,caracteristica_6665,caracteristica_6666,caracteristica_6667,caracteristica_6668,caracteristica_6669,caracteristica_6670,caracteristica_6671,caracteristica_6672,caracteristica_6673,caracteristica_6674,caracteristica_6675,caracteristica_6676,caracteristica_6677,caracteristica_6678,caracteristica_6679,caracteristica_6680,caracteristica_6681,caracteristica_6682,caracteristica_6683,caracteristica_6684,caracteristica_6685,caracteristica_6686,caracteristica_6687,caracteristica_6688,caracteristica_6689,caracteristica_6690,caracteristica_6691,caracteristica_6692,caracteristica_6693,caracteristica_6694,caracteristica_6695,caracteristica_6696,caracteristica_6697,caracteristica_6698,caracteristica_6699,caracteristica_6700,caracteristica_6701,caracteristica_6702,caracteristica_6703,caracteristica_6704,caracteristica_6705,caracteristica_6706,caracteristica_6707,caracteristica_6708,caracteristica_6709,caracteristica_6710,caracteristica_6711,caracteristica_6712,caracteristica_6713,caracteristica_6714,caracteristica_6715,caracteristica_6716,caracteristica_6717,caracteristica_6718,caracteristica_6719,caracteristica_6720,caracteristica_6721,caracteristica_6722,caracteristica_6723,caracteristica_6724,caracteristica_6725,caracteristica_6726,caracteristica_6727,caracteristica_6728,caracteristica_6729,caracteristica_6730,caracteristica_6731,caracteristica_6732,caracteristica_6733,caracteristica_6734,caracteristica_6735,caracteristica_6736,caracteristica_6737,caracteristica_6738,caracteristica_6739,caracteristica_6740,caracteristica_6741,caracteristica_6742,caracteristica_6743,caracteristica_6744,caracteristica_6745,caracteristica_6746,caracteristica_6747,caracteristica_6748,caracteristica_6749,caracteristica_6750,caracteristica_6751,caracteristica_6752,caracteristica_6753,caracteristica_6754,caracteristica_6755,caracteristica_6756,caracteristica_6757,caracteristica_6758,caracteristica_6759,caracteristica_6760,caracteristica_6761,caracteristica_6762,caracteristica_6763,caracteristica_6764,caracteristica_6765,caracteristica_6766,caracteristica_6767,caracteristica_6768,caracteristica_6769,caracteristica_6770,caracteristica_6771,caracteristica_6772,caracteristica_6773,caracteristica_6774,caracteristica_6775,caracteristica_6776,caracteristica_6777,caracteristica_6778,caracteristica_6779,caracteristica_6780,caracteristica_6781,caracteristica_6782,caracteristica_6783,caracteristica_6784,caracteristica_6785,caracteristica_6786,caracteristica_6787,caracteristica_6788,caracteristica_6789,caracteristica_6790,caracteristica_6791,caracteristica_6792,caracteristica_6793,caracteristica_6794,caracteristica_6795,caracteristica_6796,caracteristica_6797,caracteristica_6798,caracteristica_6799,caracteristica_6800,caracteristica_6801,caracteristica_6802,caracteristica_6803,caracteristica_6804,caracteristica_6805,caracteristica_6806,caracteristica_6807,caracteristica_6808,caracteristica_6809,caracteristica_6810,caracteristica_6811,caracteristica_6812,caracteristica_6813,caracteristica_6814,caracteristica_6815,caracteristica_6816,caracteristica_6817,caracteristica_6818,caracteristica_6819,caracteristica_6820,caracteristica_6821,caracteristica_6822,caracteristica_6823,caracteristica_6824,caracteristica_6825,caracteristica_6826,caracteristica_6827,caracteristica_6828,caracteristica_6829,caracteristica_6830,caracteristica_6831,caracteristica_6832,caracteristica_6833,caracteristica_6834,caracteristica_6835,caracteristica_6836,caracteristica_6837,caracteristica_6838,caracteristica_6839,caracteristica_6840,caracteristica_6841,caracteristica_6842,caracteristica_6843,caracteristica_6844,caracteristica_6845,caracteristica_6846,caracteristica_6847,caracteristica_6848,caracteristica_6849,caracteristica_6850,caracteristica_6851,caracteristica_6852,caracteristica_6853,caracteristica_6854,caracteristica_6855,caracteristica_6856,caracteristica_6857,caracteristica_6858,caracteristica_6859,caracteristica_6860,caracteristica_6861,caracteristica_6862,caracteristica_6863,caracteristica_6864,caracteristica_6865,caracteristica_6866,caracteristica_6867,caracteristica_6868,caracteristica_6869,caracteristica_6870,caracteristica_6871,caracteristica_6872,caracteristica_6873,caracteristica_6874,caracteristica_6875,caracteristica_6876,caracteristica_6877,caracteristica_6878,caracteristica_6879,caracteristica_6880,caracteristica_6881,caracteristica_6882,caracteristica_6883,caracteristica_6884,caracteristica_6885,caracteristica_6886,caracteristica_6887,caracteristica_6888,caracteristica_6889,caracteristica_6890,caracteristica_6891,caracteristica_6892,caracteristica_6893,caracteristica_6894,caracteristica_6895,caracteristica_6896,caracteristica_6897,caracteristica_6898,caracteristica_6899,caracteristica_6900,caracteristica_6901,caracteristica_6902,caracteristica_6903,caracteristica_6904,caracteristica_6905,caracteristica_6906,caracteristica_6907,caracteristica_6908,caracteristica_6909,caracteristica_6910,caracteristica_6911,caracteristica_6912,caracteristica_6913,caracteristica_6914,caracteristica_6915,caracteristica_6916,caracteristica_6917,caracteristica_6918,caracteristica_6919,caracteristica_6920,caracteristica_6921,caracteristica_6922,caracteristica_6923,caracteristica_6924,caracteristica_6925,caracteristica_6926,caracteristica_6927,caracteristica_6928,caracteristica_6929,caracteristica_6930,caracteristica_6931,caracteristica_6932,caracteristica_6933,caracteristica_6934,caracteristica_6935,caracteristica_6936,caracteristica_6937,caracteristica_6938,caracteristica_6939,caracteristica_6940,caracteristica_6941,caracteristica_6942,caracteristica_6943,caracteristica_6944,caracteristica_6945,caracteristica_6946,caracteristica_6947,caracteristica_6948,caracteristica_6949,caracteristica_6950,caracteristica_6951,caracteristica_6952,caracteristica_6953,caracteristica_6954,caracteristica_6955,caracteristica_6956,caracteristica_6957,caracteristica_6958,caracteristica_6959,caracteristica_6960,caracteristica_6961,caracteristica_6962,caracteristica_6963,caracteristica_6964,caracteristica_6965,caracteristica_6966,caracteristica_6967,caracteristica_6968,caracteristica_6969,caracteristica_6970,caracteristica_6971,caracteristica_6972,caracteristica_6973,caracteristica_6974,caracteristica_6975,caracteristica_6976,caracteristica_6977,caracteristica_6978,caracteristica_6979,caracteristica_6980,caracteristica_6981,caracteristica_6982,caracteristica_6983,caracteristica_6984,caracteristica_6985,caracteristica_6986,caracteristica_6987,caracteristica_6988,caracteristica_6989,caracteristica_6990,caracteristica_6991,caracteristica_6992,caracteristica_6993,caracteristica_6994,caracteristica_6995,caracteristica_6996,caracteristica_6997,caracteristica_6998,caracteristica_6999,caracteristica_7000,caracteristica_7001,caracteristica_7002,caracteristica_7003,caracteristica_7004,caracteristica_7005,caracteristica_7006,caracteristica_7007,caracteristica_7008,caracteristica_7009,caracteristica_7010,caracteristica_7011,caracteristica_7012,caracteristica_7013,caracteristica_7014,caracteristica_7015,caracteristica_7016,caracteristica_7017,caracteristica_7018,caracteristica_7019,caracteristica_7020,caracteristica_7021,caracteristica_7022,caracteristica_7023,caracteristica_7024,caracteristica_7025,caracteristica_7026,caracteristica_7027,caracteristica_7028,caracteristica_7029,caracteristica_7030,caracteristica_7031,caracteristica_7032,caracteristica_7033,caracteristica_7034,caracteristica_7035,caracteristica_7036,caracteristica_7037,caracteristica_7038,caracteristica_7039,caracteristica_7040,caracteristica_7041,caracteristica_7042,caracteristica_7043,caracteristica_7044,caracteristica_7045,caracteristica_7046,caracteristica_7047,caracteristica_7048,caracteristica_7049,caracteristica_7050,caracteristica_7051,caracteristica_7052,caracteristica_7053,caracteristica_7054,caracteristica_7055,caracteristica_7056,caracteristica_7057,caracteristica_7058,caracteristica_7059,caracteristica_7060,caracteristica_7061,caracteristica_7062,caracteristica_7063,caracteristica_7064,caracteristica_7065,caracteristica_7066,caracteristica_7067,caracteristica_7068,caracteristica_7069,caracteristica_7070,caracteristica_7071,caracteristica_7072,caracteristica_7073,caracteristica_7074,caracteristica_7075,caracteristica_7076,caracteristica_7077,caracteristica_7078,caracteristica_7079,caracteristica_7080,caracteristica_7081,caracteristica_7082,caracteristica_7083,caracteristica_7084,caracteristica_7085,caracteristica_7086,caracteristica_7087,caracteristica_7088,caracteristica_7089,caracteristica_7090,caracteristica_7091,caracteristica_7092,caracteristica_7093,caracteristica_7094,caracteristica_7095,caracteristica_7096,caracteristica_7097,caracteristica_7098,caracteristica_7099,caracteristica_7100,caracteristica_7101,caracteristica_7102,caracteristica_7103,caracteristica_7104,caracteristica_7105,caracteristica_7106,caracteristica_7107,caracteristica_7108,caracteristica_7109,caracteristica_7110,caracteristica_7111,caracteristica_7112,caracteristica_7113,caracteristica_7114,caracteristica_7115,caracteristica_7116,caracteristica_7117,caracteristica_7118,caracteristica_7119,caracteristica_7120,caracteristica_7121,caracteristica_7122,caracteristica_7123,caracteristica_7124,caracteristica_7125,caracteristica_7126,caracteristica_7127,caracteristica_7128,caracteristica_7129,caracteristica_7130,caracteristica_7131,caracteristica_7132,caracteristica_7133,caracteristica_7134,caracteristica_7135,caracteristica_7136,caracteristica_7137,caracteristica_7138,caracteristica_7139,caracteristica_7140,caracteristica_7141,caracteristica_7142,caracteristica_7143,caracteristica_7144,caracteristica_7145,caracteristica_7146,caracteristica_7147,caracteristica_7148,caracteristica_7149,caracteristica_7150,caracteristica_7151,caracteristica_7152,caracteristica_7153,caracteristica_7154,caracteristica_7155,caracteristica_7156,caracteristica_7157,caracteristica_7158,caracteristica_7159,caracteristica_7160,caracteristica_7161,caracteristica_7162,caracteristica_7163,caracteristica_7164,caracteristica_7165,caracteristica_7166,caracteristica_7167,caracteristica_7168,caracteristica_7169,caracteristica_7170,caracteristica_7171,caracteristica_7172,caracteristica_7173,caracteristica_7174,caracteristica_7175,caracteristica_7176,caracteristica_7177,caracteristica_7178,caracteristica_7179,caracteristica_7180,caracteristica_7181,caracteristica_7182,caracteristica_7183,caracteristica_7184,caracteristica_7185,caracteristica_7186,caracteristica_7187,caracteristica_7188,caracteristica_7189,caracteristica_7190,caracteristica_7191,caracteristica_7192,caracteristica_7193,caracteristica_7194,caracteristica_7195,caracteristica_7196,caracteristica_7197,caracteristica_7198,caracteristica_7199,caracteristica_7200,caracteristica_7201,caracteristica_7202,caracteristica_7203,caracteristica_7204,caracteristica_7205,caracteristica_7206,caracteristica_7207,caracteristica_7208,caracteristica_7209,caracteristica_7210,caracteristica_7211,caracteristica_7212,caracteristica_7213,caracteristica_7214,caracteristica_7215,caracteristica_7216,caracteristica_7217,caracteristica_7218,caracteristica_7219,caracteristica_7220,caracteristica_7221,caracteristica_7222,caracteristica_7223,caracteristica_7224,caracteristica_7225,caracteristica_7226,caracteristica_7227,caracteristica_7228,caracteristica_7229,caracteristica_7230,caracteristica_7231,caracteristica_7232,caracteristica_7233,caracteristica_7234,caracteristica_7235,caracteristica_7236,caracteristica_7237,caracteristica_7238,caracteristica_7239,caracteristica_7240,caracteristica_7241,caracteristica_7242,caracteristica_7243,caracteristica_7244,caracteristica_7245,caracteristica_7246,caracteristica_7247,caracteristica_7248,caracteristica_7249,caracteristica_7250,caracteristica_7251,caracteristica_7252,caracteristica_7253,caracteristica_7254,caracteristica_7255,caracteristica_7256,caracteristica_7257,caracteristica_7258,caracteristica_7259,caracteristica_7260,caracteristica_7261,caracteristica_7262,caracteristica_7263,caracteristica_7264,caracteristica_7265,caracteristica_7266,caracteristica_7267,caracteristica_7268,caracteristica_7269,caracteristica_7270,caracteristica_7271,caracteristica_7272,caracteristica_7273,caracteristica_7274,caracteristica_7275,caracteristica_7276,caracteristica_7277,caracteristica_7278,caracteristica_7279,caracteristica_7280,caracteristica_7281,caracteristica_7282,caracteristica_7283,caracteristica_7284,caracteristica_7285,caracteristica_7286,caracteristica_7287,caracteristica_7288,caracteristica_7289,caracteristica_7290,caracteristica_7291,caracteristica_7292,caracteristica_7293,caracteristica_7294,caracteristica_7295,caracteristica_7296,caracteristica_7297,caracteristica_7298,caracteristica_7299,caracteristica_7300,caracteristica_7301,caracteristica_7302,caracteristica_7303,caracteristica_7304,caracteristica_7305,caracteristica_7306,caracteristica_7307,caracteristica_7308,caracteristica_7309,caracteristica_7310,caracteristica_7311,caracteristica_7312,caracteristica_7313,caracteristica_7314,caracteristica_7315,caracteristica_7316,caracteristica_7317,caracteristica_7318,caracteristica_7319,caracteristica_7320,caracteristica_7321,caracteristica_7322,caracteristica_7323,caracteristica_7324,caracteristica_7325,caracteristica_7326,caracteristica_7327,caracteristica_7328,caracteristica_7329,caracteristica_7330,caracteristica_7331,caracteristica_7332,caracteristica_7333,caracteristica_7334,caracteristica_7335,caracteristica_7336,caracteristica_7337,caracteristica_7338,caracteristica_7339,caracteristica_7340,caracteristica_7341,caracteristica_7342,caracteristica_7343,caracteristica_7344,caracteristica_7345,caracteristica_7346,caracteristica_7347,caracteristica_7348,caracteristica_7349,caracteristica_7350,caracteristica_7351,caracteristica_7352,caracteristica_7353,caracteristica_7354,caracteristica_7355,caracteristica_7356,caracteristica_7357,caracteristica_7358,caracteristica_7359,caracteristica_7360,caracteristica_7361,caracteristica_7362,caracteristica_7363,caracteristica_7364,caracteristica_7365,caracteristica_7366,caracteristica_7367,caracteristica_7368,caracteristica_7369,caracteristica_7370,caracteristica_7371,caracteristica_7372,caracteristica_7373,caracteristica_7374,caracteristica_7375,caracteristica_7376,caracteristica_7377,caracteristica_7378,caracteristica_7379,caracteristica_7380,caracteristica_7381,caracteristica_7382,caracteristica_7383,caracteristica_7384,caracteristica_7385,caracteristica_7386,caracteristica_7387,caracteristica_7388,caracteristica_7389,caracteristica_7390,caracteristica_7391,caracteristica_7392,caracteristica_7393,caracteristica_7394,caracteristica_7395,caracteristica_7396,caracteristica_7397,caracteristica_7398,caracteristica_7399,caracteristica_7400,caracteristica_7401,caracteristica_7402,caracteristica_7403,caracteristica_7404,caracteristica_7405,caracteristica_7406,caracteristica_7407,caracteristica_7408,caracteristica_7409,caracteristica_7410,caracteristica_7411,caracteristica_7412,caracteristica_7413,caracteristica_7414,caracteristica_7415,caracteristica_7416,caracteristica_7417,caracteristica_7418,caracteristica_7419,caracteristica_7420,caracteristica_7421,caracteristica_7422,caracteristica_7423,caracteristica_7424,caracteristica_7425,caracteristica_7426,caracteristica_7427,caracteristica_7428,caracteristica_7429,caracteristica_7430,caracteristica_7431,caracteristica_7432,caracteristica_7433,caracteristica_7434,caracteristica_7435,caracteristica_7436,caracteristica_7437,caracteristica_7438,caracteristica_7439,caracteristica_7440,caracteristica_7441,caracteristica_7442,caracteristica_7443,caracteristica_7444,caracteristica_7445,caracteristica_7446,caracteristica_7447,caracteristica_7448,caracteristica_7449,caracteristica_7450,caracteristica_7451,caracteristica_7452,caracteristica_7453,caracteristica_7454,caracteristica_7455,caracteristica_7456,caracteristica_7457,caracteristica_7458,caracteristica_7459,caracteristica_7460,caracteristica_7461,caracteristica_7462,caracteristica_7463,caracteristica_7464,caracteristica_7465,caracteristica_7466,caracteristica_7467,caracteristica_7468,caracteristica_7469,caracteristica_7470,caracteristica_7471,caracteristica_7472,caracteristica_7473,caracteristica_7474,caracteristica_7475,caracteristica_7476,caracteristica_7477,caracteristica_7478,caracteristica_7479,caracteristica_7480,caracteristica_7481,caracteristica_7482,caracteristica_7483,caracteristica_7484,caracteristica_7485,caracteristica_7486,caracteristica_7487,caracteristica_7488,caracteristica_7489,caracteristica_7490,caracteristica_7491,caracteristica_7492,caracteristica_7493,caracteristica_7494,caracteristica_7495,caracteristica_7496,caracteristica_7497,caracteristica_7498,caracteristica_7499,caracteristica_7500,caracteristica_7501,caracteristica_7502,caracteristica_7503,caracteristica_7504,caracteristica_7505,caracteristica_7506,caracteristica_7507,caracteristica_7508,caracteristica_7509,caracteristica_7510,caracteristica_7511,caracteristica_7512,caracteristica_7513,caracteristica_7514,caracteristica_7515,caracteristica_7516,caracteristica_7517,caracteristica_7518,caracteristica_7519,caracteristica_7520,caracteristica_7521,caracteristica_7522,caracteristica_7523,caracteristica_7524,caracteristica_7525,caracteristica_7526,caracteristica_7527,caracteristica_7528,caracteristica_7529,caracteristica_7530,caracteristica_7531,caracteristica_7532,caracteristica_7533,caracteristica_7534,caracteristica_7535,caracteristica_7536,caracteristica_7537,caracteristica_7538,caracteristica_7539,caracteristica_7540,caracteristica_7541,caracteristica_7542,caracteristica_7543,caracteristica_7544,caracteristica_7545,caracteristica_7546,caracteristica_7547,caracteristica_7548,caracteristica_7549,caracteristica_7550,caracteristica_7551,caracteristica_7552,caracteristica_7553,caracteristica_7554,caracteristica_7555,caracteristica_7556,caracteristica_7557,caracteristica_7558,caracteristica_7559,caracteristica_7560,caracteristica_7561,caracteristica_7562,caracteristica_7563,caracteristica_7564,caracteristica_7565,caracteristica_7566,caracteristica_7567,caracteristica_7568,caracteristica_7569,caracteristica_7570,caracteristica_7571,caracteristica_7572,caracteristica_7573,caracteristica_7574,caracteristica_7575,caracteristica_7576,caracteristica_7577,caracteristica_7578,caracteristica_7579,caracteristica_7580,caracteristica_7581,caracteristica_7582,caracteristica_7583,caracteristica_7584,caracteristica_7585,caracteristica_7586,caracteristica_7587,caracteristica_7588,caracteristica_7589,caracteristica_7590,caracteristica_7591,caracteristica_7592,caracteristica_7593,caracteristica_7594,caracteristica_7595,caracteristica_7596,caracteristica_7597,caracteristica_7598,caracteristica_7599,caracteristica_7600,caracteristica_7601,caracteristica_7602,caracteristica_7603,caracteristica_7604,caracteristica_7605,caracteristica_7606,caracteristica_7607,caracteristica_7608,caracteristica_7609,caracteristica_7610,caracteristica_7611,caracteristica_7612,caracteristica_7613,caracteristica_7614,caracteristica_7615,caracteristica_7616,caracteristica_7617,caracteristica_7618,caracteristica_7619,caracteristica_7620,caracteristica_7621,caracteristica_7622,caracteristica_7623,caracteristica_7624,caracteristica_7625,caracteristica_7626,caracteristica_7627,caracteristica_7628,caracteristica_7629,caracteristica_7630,caracteristica_7631,caracteristica_7632,caracteristica_7633,caracteristica_7634,caracteristica_7635,caracteristica_7636,caracteristica_7637,caracteristica_7638,caracteristica_7639,caracteristica_7640,caracteristica_7641,caracteristica_7642,caracteristica_7643,caracteristica_7644,caracteristica_7645,caracteristica_7646,caracteristica_7647,caracteristica_7648,caracteristica_7649,caracteristica_7650,caracteristica_7651,caracteristica_7652,caracteristica_7653,caracteristica_7654,caracteristica_7655,caracteristica_7656,caracteristica_7657,caracteristica_7658,caracteristica_7659,caracteristica_7660,caracteristica_7661,caracteristica_7662,caracteristica_7663,caracteristica_7664,caracteristica_7665,caracteristica_7666,caracteristica_7667,caracteristica_7668,caracteristica_7669,caracteristica_7670,caracteristica_7671,caracteristica_7672,caracteristica_7673,caracteristica_7674,caracteristica_7675,caracteristica_7676,caracteristica_7677,caracteristica_7678,caracteristica_7679,caracteristica_7680,caracteristica_7681,caracteristica_7682,caracteristica_7683,caracteristica_7684,caracteristica_7685,caracteristica_7686,caracteristica_7687,caracteristica_7688,caracteristica_7689,caracteristica_7690,caracteristica_7691,caracteristica_7692,caracteristica_7693,caracteristica_7694,caracteristica_7695,caracteristica_7696,caracteristica_7697,caracteristica_7698,caracteristica_7699,caracteristica_7700,caracteristica_7701,caracteristica_7702,caracteristica_7703,caracteristica_7704,caracteristica_7705,caracteristica_7706,caracteristica_7707,caracteristica_7708,caracteristica_7709,caracteristica_7710,caracteristica_7711,caracteristica_7712,caracteristica_7713,caracteristica_7714,caracteristica_7715,caracteristica_7716,caracteristica_7717,caracteristica_7718,caracteristica_7719,caracteristica_7720,caracteristica_7721,caracteristica_7722,caracteristica_7723,caracteristica_7724,caracteristica_7725,caracteristica_7726,caracteristica_7727,caracteristica_7728,caracteristica_7729,caracteristica_7730,caracteristica_7731,caracteristica_7732,caracteristica_7733,caracteristica_7734,caracteristica_7735,caracteristica_7736,caracteristica_7737,caracteristica_7738,caracteristica_7739,caracteristica_7740,caracteristica_7741,caracteristica_7742,caracteristica_7743,caracteristica_7744,caracteristica_7745,caracteristica_7746,caracteristica_7747,caracteristica_7748,caracteristica_7749,caracteristica_7750,caracteristica_7751,caracteristica_7752,caracteristica_7753,caracteristica_7754,caracteristica_7755,caracteristica_7756,caracteristica_7757,caracteristica_7758,caracteristica_7759,caracteristica_7760,caracteristica_7761,caracteristica_7762,caracteristica_7763,caracteristica_7764,caracteristica_7765,caracteristica_7766,caracteristica_7767,caracteristica_7768,caracteristica_7769,caracteristica_7770,caracteristica_7771,caracteristica_7772,caracteristica_7773,caracteristica_7774,caracteristica_7775,caracteristica_7776,caracteristica_7777,caracteristica_7778,caracteristica_7779,caracteristica_7780,caracteristica_7781,caracteristica_7782,caracteristica_7783,caracteristica_7784,caracteristica_7785,caracteristica_7786,caracteristica_7787,caracteristica_7788,caracteristica_7789,caracteristica_7790,caracteristica_7791,caracteristica_7792,caracteristica_7793,caracteristica_7794,caracteristica_7795,caracteristica_7796,caracteristica_7797,caracteristica_7798,caracteristica_7799,caracteristica_7800,caracteristica_7801,caracteristica_7802,caracteristica_7803,caracteristica_7804,caracteristica_7805,caracteristica_7806,caracteristica_7807,caracteristica_7808,caracteristica_7809,caracteristica_7810,caracteristica_7811,caracteristica_7812,caracteristica_7813,caracteristica_7814,caracteristica_7815,caracteristica_7816,caracteristica_7817,caracteristica_7818,caracteristica_7819,caracteristica_7820,caracteristica_7821,caracteristica_7822,caracteristica_7823,caracteristica_7824,caracteristica_7825,caracteristica_7826,caracteristica_7827,caracteristica_7828,caracteristica_7829,caracteristica_7830,caracteristica_7831,caracteristica_7832,caracteristica_7833,caracteristica_7834,caracteristica_7835,caracteristica_7836,caracteristica_7837,caracteristica_7838,caracteristica_7839,caracteristica_7840,caracteristica_7841,caracteristica_7842,caracteristica_7843,caracteristica_7844,caracteristica_7845,caracteristica_7846,caracteristica_7847,caracteristica_7848,caracteristica_7849,caracteristica_7850,caracteristica_7851,caracteristica_7852,caracteristica_7853,caracteristica_7854,caracteristica_7855,caracteristica_7856,caracteristica_7857,caracteristica_7858,caracteristica_7859,caracteristica_7860,caracteristica_7861,caracteristica_7862,caracteristica_7863,caracteristica_7864,caracteristica_7865,caracteristica_7866,caracteristica_7867,caracteristica_7868,caracteristica_7869,caracteristica_7870,caracteristica_7871,caracteristica_7872,caracteristica_7873,caracteristica_7874,caracteristica_7875,caracteristica_7876,caracteristica_7877,caracteristica_7878,caracteristica_7879,caracteristica_7880,caracteristica_7881,caracteristica_7882,caracteristica_7883,caracteristica_7884,caracteristica_7885,caracteristica_7886,caracteristica_7887,caracteristica_7888,caracteristica_7889,caracteristica_7890,caracteristica_7891,caracteristica_7892,caracteristica_7893,caracteristica_7894,caracteristica_7895,caracteristica_7896,caracteristica_7897,caracteristica_7898,caracteristica_7899,caracteristica_7900,caracteristica_7901,caracteristica_7902,caracteristica_7903,caracteristica_7904,caracteristica_7905,caracteristica_7906,caracteristica_7907,caracteristica_7908,caracteristica_7909,caracteristica_7910,caracteristica_7911,caracteristica_7912,caracteristica_7913,caracteristica_7914,caracteristica_7915,caracteristica_7916,caracteristica_7917,caracteristica_7918,caracteristica_7919,caracteristica_7920,caracteristica_7921,caracteristica_7922,caracteristica_7923,caracteristica_7924,caracteristica_7925,caracteristica_7926,caracteristica_7927,caracteristica_7928,caracteristica_7929,caracteristica_7930,caracteristica_7931,caracteristica_7932,caracteristica_7933,caracteristica_7934,caracteristica_7935,caracteristica_7936,caracteristica_7937,caracteristica_7938,caracteristica_7939,caracteristica_7940,caracteristica_7941,caracteristica_7942,caracteristica_7943,caracteristica_7944,caracteristica_7945,caracteristica_7946,caracteristica_7947,caracteristica_7948,caracteristica_7949,caracteristica_7950,caracteristica_7951,caracteristica_7952,caracteristica_7953,caracteristica_7954,caracteristica_7955,caracteristica_7956,caracteristica_7957,caracteristica_7958,caracteristica_7959,caracteristica_7960,caracteristica_7961,caracteristica_7962,caracteristica_7963,caracteristica_7964,caracteristica_7965,caracteristica_7966,caracteristica_7967,caracteristica_7968,caracteristica_7969,caracteristica_7970,caracteristica_7971,caracteristica_7972,caracteristica_7973,caracteristica_7974,caracteristica_7975,caracteristica_7976,caracteristica_7977,caracteristica_7978,caracteristica_7979,caracteristica_7980,caracteristica_7981,caracteristica_7982,caracteristica_7983,caracteristica_7984,caracteristica_7985,caracteristica_7986,caracteristica_7987,caracteristica_7988,caracteristica_7989,caracteristica_7990,caracteristica_7991,caracteristica_7992,caracteristica_7993,caracteristica_7994,caracteristica_7995,caracteristica_7996,caracteristica_7997,caracteristica_7998,caracteristica_7999,caracteristica_8000,caracteristica_8001,caracteristica_8002,caracteristica_8003,caracteristica_8004,caracteristica_8005,caracteristica_8006,caracteristica_8007,caracteristica_8008,caracteristica_8009,caracteristica_8010,caracteristica_8011,caracteristica_8012,caracteristica_8013,caracteristica_8014,caracteristica_8015,caracteristica_8016,caracteristica_8017,caracteristica_8018,caracteristica_8019,caracteristica_8020,caracteristica_8021,caracteristica_8022,caracteristica_8023,caracteristica_8024,caracteristica_8025,caracteristica_8026,caracteristica_8027,caracteristica_8028,caracteristica_8029,caracteristica_8030,caracteristica_8031,caracteristica_8032,caracteristica_8033,caracteristica_8034,caracteristica_8035,caracteristica_8036,caracteristica_8037,caracteristica_8038,caracteristica_8039,caracteristica_8040,caracteristica_8041,caracteristica_8042,caracteristica_8043,caracteristica_8044,caracteristica_8045,caracteristica_8046,caracteristica_8047,caracteristica_8048,caracteristica_8049,caracteristica_8050,caracteristica_8051,caracteristica_8052,caracteristica_8053,caracteristica_8054,caracteristica_8055,caracteristica_8056,caracteristica_8057,caracteristica_8058,caracteristica_8059,caracteristica_8060,caracteristica_8061,caracteristica_8062,caracteristica_8063,caracteristica_8064,caracteristica_8065,caracteristica_8066,caracteristica_8067,caracteristica_8068,caracteristica_8069,caracteristica_8070,caracteristica_8071,caracteristica_8072,caracteristica_8073,caracteristica_8074,caracteristica_8075,caracteristica_8076,caracteristica_8077,caracteristica_8078,caracteristica_8079,caracteristica_8080,caracteristica_8081,caracteristica_8082,caracteristica_8083,caracteristica_8084,caracteristica_8085,caracteristica_8086,caracteristica_8087,caracteristica_8088,caracteristica_8089,caracteristica_8090,caracteristica_8091,caracteristica_8092,caracteristica_8093,caracteristica_8094,caracteristica_8095,caracteristica_8096,caracteristica_8097,caracteristica_8098,caracteristica_8099,caracteristica_8100,caracteristica_8101,caracteristica_8102,caracteristica_8103,caracteristica_8104,caracteristica_8105,caracteristica_8106,caracteristica_8107,caracteristica_8108,caracteristica_8109,caracteristica_8110,caracteristica_8111,caracteristica_8112,caracteristica_8113,caracteristica_8114,caracteristica_8115,caracteristica_8116,caracteristica_8117,caracteristica_8118,caracteristica_8119,caracteristica_8120,caracteristica_8121,caracteristica_8122,caracteristica_8123,caracteristica_8124,caracteristica_8125,caracteristica_8126,caracteristica_8127,caracteristica_8128,caracteristica_8129,caracteristica_8130,caracteristica_8131,caracteristica_8132,caracteristica_8133,caracteristica_8134,caracteristica_8135,caracteristica_8136,caracteristica_8137,caracteristica_8138,caracteristica_8139,caracteristica_8140,caracteristica_8141,caracteristica_8142,caracteristica_8143,caracteristica_8144,caracteristica_8145,caracteristica_8146,caracteristica_8147,caracteristica_8148,caracteristica_8149,caracteristica_8150,caracteristica_8151,caracteristica_8152,caracteristica_8153,caracteristica_8154,caracteristica_8155,caracteristica_8156,caracteristica_8157,caracteristica_8158,caracteristica_8159,caracteristica_8160,caracteristica_8161,caracteristica_8162,caracteristica_8163,caracteristica_8164,caracteristica_8165,caracteristica_8166,caracteristica_8167,caracteristica_8168,caracteristica_8169,caracteristica_8170,caracteristica_8171,caracteristica_8172,caracteristica_8173,caracteristica_8174,caracteristica_8175,caracteristica_8176,caracteristica_8177,caracteristica_8178,caracteristica_8179,caracteristica_8180,caracteristica_8181,caracteristica_8182,caracteristica_8183,caracteristica_8184,caracteristica_8185,caracteristica_8186,caracteristica_8187,caracteristica_8188,caracteristica_8189,caracteristica_8190,caracteristica_8191,caracteristica_8192,caracteristica_8193,caracteristica_8194,caracteristica_8195,caracteristica_8196,caracteristica_8197,caracteristica_8198,caracteristica_8199,caracteristica_8200,caracteristica_8201,caracteristica_8202,caracteristica_8203,caracteristica_8204,caracteristica_8205,caracteristica_8206,caracteristica_8207,caracteristica_8208,caracteristica_8209,caracteristica_8210,caracteristica_8211,caracteristica_8212,caracteristica_8213,caracteristica_8214,caracteristica_8215,caracteristica_8216,caracteristica_8217,caracteristica_8218,caracteristica_8219,caracteristica_8220,caracteristica_8221,caracteristica_8222,caracteristica_8223,caracteristica_8224,caracteristica_8225,caracteristica_8226,caracteristica_8227,caracteristica_8228,caracteristica_8229,caracteristica_8230,caracteristica_8231,caracteristica_8232,caracteristica_8233,caracteristica_8234,caracteristica_8235,caracteristica_8236,caracteristica_8237,caracteristica_8238,caracteristica_8239,caracteristica_8240,caracteristica_8241,caracteristica_8242,caracteristica_8243,caracteristica_8244,caracteristica_8245,caracteristica_8246,caracteristica_8247,caracteristica_8248,caracteristica_8249,caracteristica_8250,caracteristica_8251,caracteristica_8252,caracteristica_8253,caracteristica_8254,caracteristica_8255,caracteristica_8256,caracteristica_8257,caracteristica_8258,caracteristica_8259,caracteristica_8260,caracteristica_8261,caracteristica_8262,caracteristica_8263,caracteristica_8264,caracteristica_8265,caracteristica_8266,caracteristica_8267,caracteristica_8268,caracteristica_8269,caracteristica_8270,caracteristica_8271,caracteristica_8272,caracteristica_8273,caracteristica_8274,caracteristica_8275,caracteristica_8276,caracteristica_8277,caracteristica_8278,caracteristica_8279,caracteristica_8280,caracteristica_8281,caracteristica_8282,caracteristica_8283,caracteristica_8284,caracteristica_8285,caracteristica_8286,caracteristica_8287,caracteristica_8288,caracteristica_8289,caracteristica_8290,caracteristica_8291,caracteristica_8292,caracteristica_8293,caracteristica_8294,caracteristica_8295,caracteristica_8296,caracteristica_8297,caracteristica_8298,caracteristica_8299,caracteristica_8300,caracteristica_8301,caracteristica_8302,caracteristica_8303,caracteristica_8304,caracteristica_8305,caracteristica_8306,caracteristica_8307,caracteristica_8308,caracteristica_8309,caracteristica_8310,caracteristica_8311,caracteristica_8312,caracteristica_8313,caracteristica_8314,caracteristica_8315,caracteristica_8316,caracteristica_8317,caracteristica_8318,caracteristica_8319,caracteristica_8320,caracteristica_8321,caracteristica_8322,caracteristica_8323,caracteristica_8324,caracteristica_8325,caracteristica_8326,caracteristica_8327,caracteristica_8328,caracteristica_8329,caracteristica_8330,caracteristica_8331,caracteristica_8332,caracteristica_8333,caracteristica_8334,caracteristica_8335,caracteristica_8336,caracteristica_8337,caracteristica_8338,caracteristica_8339,caracteristica_8340,caracteristica_8341,caracteristica_8342,caracteristica_8343,caracteristica_8344,caracteristica_8345,caracteristica_8346,caracteristica_8347,caracteristica_8348,caracteristica_8349,caracteristica_8350,caracteristica_8351,caracteristica_8352,caracteristica_8353,caracteristica_8354,caracteristica_8355,caracteristica_8356,caracteristica_8357,caracteristica_8358,caracteristica_8359,caracteristica_8360,caracteristica_8361,caracteristica_8362,caracteristica_8363,caracteristica_8364,caracteristica_8365,caracteristica_8366,caracteristica_8367,caracteristica_8368,caracteristica_8369,caracteristica_8370,caracteristica_8371,caracteristica_8372,caracteristica_8373,caracteristica_8374,caracteristica_8375,caracteristica_8376,caracteristica_8377,caracteristica_8378,caracteristica_8379,caracteristica_8380,caracteristica_8381,caracteristica_8382,caracteristica_8383,caracteristica_8384,caracteristica_8385,caracteristica_8386,caracteristica_8387,caracteristica_8388,caracteristica_8389,caracteristica_8390,caracteristica_8391,caracteristica_8392,caracteristica_8393,caracteristica_8394,caracteristica_8395,caracteristica_8396,caracteristica_8397,caracteristica_8398,caracteristica_8399,caracteristica_8400,caracteristica_8401,caracteristica_8402,caracteristica_8403,caracteristica_8404,caracteristica_8405,caracteristica_8406,caracteristica_8407,caracteristica_8408,caracteristica_8409,caracteristica_8410,caracteristica_8411,caracteristica_8412,caracteristica_8413,caracteristica_8414,caracteristica_8415,caracteristica_8416,caracteristica_8417,caracteristica_8418,caracteristica_8419,caracteristica_8420,caracteristica_8421,caracteristica_8422,caracteristica_8423,caracteristica_8424,caracteristica_8425,caracteristica_8426,caracteristica_8427,caracteristica_8428,caracteristica_8429,caracteristica_8430,caracteristica_8431,caracteristica_8432,caracteristica_8433,caracteristica_8434,caracteristica_8435,caracteristica_8436,caracteristica_8437,caracteristica_8438,caracteristica_8439,caracteristica_8440,caracteristica_8441,caracteristica_8442,caracteristica_8443,caracteristica_8444,caracteristica_8445,caracteristica_8446,caracteristica_8447,caracteristica_8448,caracteristica_8449,caracteristica_8450,caracteristica_8451,caracteristica_8452,caracteristica_8453,caracteristica_8454,caracteristica_8455,caracteristica_8456,caracteristica_8457,caracteristica_8458,caracteristica_8459,caracteristica_8460,caracteristica_8461,caracteristica_8462,caracteristica_8463,caracteristica_8464,caracteristica_8465,caracteristica_8466,caracteristica_8467,caracteristica_8468,caracteristica_8469,caracteristica_8470,caracteristica_8471,caracteristica_8472,caracteristica_8473,caracteristica_8474,caracteristica_8475,caracteristica_8476,caracteristica_8477,caracteristica_8478,caracteristica_8479,caracteristica_8480,caracteristica_8481,caracteristica_8482,caracteristica_8483,caracteristica_8484,caracteristica_8485,caracteristica_8486,caracteristica_8487,caracteristica_8488,caracteristica_8489,caracteristica_8490,caracteristica_8491,caracteristica_8492,caracteristica_8493,caracteristica_8494,caracteristica_8495,caracteristica_8496,caracteristica_8497,caracteristica_8498,caracteristica_8499,caracteristica_8500,caracteristica_8501,caracteristica_8502,caracteristica_8503,caracteristica_8504,caracteristica_8505,caracteristica_8506,caracteristica_8507,caracteristica_8508,caracteristica_8509,caracteristica_8510,caracteristica_8511,caracteristica_8512,caracteristica_8513,caracteristica_8514,caracteristica_8515,caracteristica_8516,caracteristica_8517,caracteristica_8518,caracteristica_8519,caracteristica_8520,caracteristica_8521,caracteristica_8522,caracteristica_8523,caracteristica_8524,caracteristica_8525,caracteristica_8526,caracteristica_8527,caracteristica_8528,caracteristica_8529,caracteristica_8530,caracteristica_8531,caracteristica_8532,caracteristica_8533,caracteristica_8534,caracteristica_8535,caracteristica_8536,caracteristica_8537,caracteristica_8538,caracteristica_8539,caracteristica_8540,caracteristica_8541,caracteristica_8542,caracteristica_8543,caracteristica_8544,caracteristica_8545,caracteristica_8546,caracteristica_8547,caracteristica_8548,caracteristica_8549,caracteristica_8550,caracteristica_8551,caracteristica_8552,caracteristica_8553,caracteristica_8554,caracteristica_8555,caracteristica_8556,caracteristica_8557,caracteristica_8558,caracteristica_8559,caracteristica_8560,caracteristica_8561,caracteristica_8562,caracteristica_8563,caracteristica_8564,caracteristica_8565,caracteristica_8566,caracteristica_8567,caracteristica_8568,caracteristica_8569,caracteristica_8570,caracteristica_8571,caracteristica_8572,caracteristica_8573,caracteristica_8574,caracteristica_8575,caracteristica_8576,caracteristica_8577,caracteristica_8578,caracteristica_8579,caracteristica_8580,caracteristica_8581,caracteristica_8582,caracteristica_8583,caracteristica_8584,caracteristica_8585,caracteristica_8586,caracteristica_8587,caracteristica_8588,caracteristica_8589,caracteristica_8590,caracteristica_8591,caracteristica_8592,caracteristica_8593,caracteristica_8594,caracteristica_8595,caracteristica_8596,caracteristica_8597,caracteristica_8598,caracteristica_8599,caracteristica_8600,caracteristica_8601,caracteristica_8602,caracteristica_8603,caracteristica_8604,caracteristica_8605,caracteristica_8606,caracteristica_8607,caracteristica_8608,caracteristica_8609,caracteristica_8610,caracteristica_8611,caracteristica_8612,caracteristica_8613,caracteristica_8614,caracteristica_8615,caracteristica_8616,caracteristica_8617,caracteristica_8618,caracteristica_8619,caracteristica_8620,caracteristica_8621,caracteristica_8622,caracteristica_8623,caracteristica_8624,caracteristica_8625,caracteristica_8626,caracteristica_8627,caracteristica_8628,caracteristica_8629,caracteristica_8630,caracteristica_8631,caracteristica_8632,caracteristica_8633,caracteristica_8634,caracteristica_8635,caracteristica_8636,caracteristica_8637,caracteristica_8638,caracteristica_8639,caracteristica_8640,caracteristica_8641,caracteristica_8642,caracteristica_8643,caracteristica_8644,caracteristica_8645,caracteristica_8646,caracteristica_8647,caracteristica_8648,caracteristica_8649,caracteristica_8650,caracteristica_8651,caracteristica_8652,caracteristica_8653,caracteristica_8654,caracteristica_8655,caracteristica_8656,caracteristica_8657,caracteristica_8658,caracteristica_8659,caracteristica_8660,caracteristica_8661,caracteristica_8662,caracteristica_8663,caracteristica_8664,caracteristica_8665,caracteristica_8666,caracteristica_8667,caracteristica_8668,caracteristica_8669,caracteristica_8670,caracteristica_8671,caracteristica_8672,caracteristica_8673,caracteristica_8674,caracteristica_8675,caracteristica_8676,caracteristica_8677,caracteristica_8678,caracteristica_8679,caracteristica_8680,caracteristica_8681,caracteristica_8682,caracteristica_8683,caracteristica_8684,caracteristica_8685,caracteristica_8686,caracteristica_8687,caracteristica_8688,caracteristica_8689,caracteristica_8690,caracteristica_8691,caracteristica_8692,caracteristica_8693,caracteristica_8694,caracteristica_8695,caracteristica_8696,caracteristica_8697,caracteristica_8698,caracteristica_8699,caracteristica_8700,caracteristica_8701,caracteristica_8702,caracteristica_8703,caracteristica_8704,caracteristica_8705,caracteristica_8706,caracteristica_8707,caracteristica_8708,caracteristica_8709,caracteristica_8710,caracteristica_8711,caracteristica_8712,caracteristica_8713,caracteristica_8714,caracteristica_8715,caracteristica_8716,caracteristica_8717,caracteristica_8718,caracteristica_8719,caracteristica_8720,caracteristica_8721,caracteristica_8722,caracteristica_8723,caracteristica_8724,caracteristica_8725,caracteristica_8726,caracteristica_8727,caracteristica_8728,caracteristica_8729,caracteristica_8730,caracteristica_8731,caracteristica_8732,caracteristica_8733,caracteristica_8734,caracteristica_8735,caracteristica_8736,caracteristica_8737,caracteristica_8738,caracteristica_8739,caracteristica_8740,caracteristica_8741,caracteristica_8742,caracteristica_8743,caracteristica_8744,caracteristica_8745,caracteristica_8746,caracteristica_8747,caracteristica_8748,caracteristica_8749,caracteristica_8750,caracteristica_8751,caracteristica_8752,caracteristica_8753,caracteristica_8754,caracteristica_8755,caracteristica_8756,caracteristica_8757,caracteristica_8758,caracteristica_8759,caracteristica_8760,caracteristica_8761,caracteristica_8762,caracteristica_8763,caracteristica_8764,caracteristica_8765,caracteristica_8766,caracteristica_8767,caracteristica_8768,caracteristica_8769,caracteristica_8770,caracteristica_8771,caracteristica_8772,caracteristica_8773,caracteristica_8774,caracteristica_8775,caracteristica_8776,caracteristica_8777,caracteristica_8778,caracteristica_8779,caracteristica_8780,caracteristica_8781,caracteristica_8782,caracteristica_8783,caracteristica_8784,caracteristica_8785,caracteristica_8786,caracteristica_8787,caracteristica_8788,caracteristica_8789,caracteristica_8790,caracteristica_8791,caracteristica_8792,caracteristica_8793,caracteristica_8794,caracteristica_8795,caracteristica_8796,caracteristica_8797,caracteristica_8798,caracteristica_8799,caracteristica_8800,caracteristica_8801,caracteristica_8802,caracteristica_8803,caracteristica_8804,caracteristica_8805,caracteristica_8806,caracteristica_8807,caracteristica_8808,caracteristica_8809,caracteristica_8810,caracteristica_8811,caracteristica_8812,caracteristica_8813,caracteristica_8814,caracteristica_8815,caracteristica_8816,caracteristica_8817,caracteristica_8818,caracteristica_8819,caracteristica_8820,caracteristica_8821,caracteristica_8822,caracteristica_8823,caracteristica_8824,caracteristica_8825,caracteristica_8826,caracteristica_8827,caracteristica_8828,caracteristica_8829,caracteristica_8830,caracteristica_8831,caracteristica_8832,caracteristica_8833,caracteristica_8834,caracteristica_8835,caracteristica_8836,caracteristica_8837,caracteristica_8838,caracteristica_8839,caracteristica_8840,caracteristica_8841,caracteristica_8842,caracteristica_8843,caracteristica_8844,caracteristica_8845,caracteristica_8846,caracteristica_8847,caracteristica_8848,caracteristica_8849,caracteristica_8850,caracteristica_8851,caracteristica_8852,caracteristica_8853,caracteristica_8854,caracteristica_8855,caracteristica_8856,caracteristica_8857,caracteristica_8858,caracteristica_8859,caracteristica_8860,caracteristica_8861,caracteristica_8862,caracteristica_8863,caracteristica_8864,caracteristica_8865,caracteristica_8866,caracteristica_8867,caracteristica_8868,caracteristica_8869,caracteristica_8870,caracteristica_8871,caracteristica_8872,caracteristica_8873,caracteristica_8874,caracteristica_8875,caracteristica_8876,caracteristica_8877,caracteristica_8878,caracteristica_8879,caracteristica_8880,caracteristica_8881,caracteristica_8882,caracteristica_8883,caracteristica_8884,caracteristica_8885,caracteristica_8886,caracteristica_8887,caracteristica_8888,caracteristica_8889,caracteristica_8890,caracteristica_8891,caracteristica_8892,caracteristica_8893,caracteristica_8894,caracteristica_8895,caracteristica_8896,caracteristica_8897,caracteristica_8898,caracteristica_8899,caracteristica_8900,caracteristica_8901,caracteristica_8902,caracteristica_8903,caracteristica_8904,caracteristica_8905,caracteristica_8906,caracteristica_8907,caracteristica_8908,caracteristica_8909,caracteristica_8910,caracteristica_8911,caracteristica_8912,caracteristica_8913,caracteristica_8914,caracteristica_8915,caracteristica_8916,caracteristica_8917,caracteristica_8918,caracteristica_8919,caracteristica_8920,caracteristica_8921,caracteristica_8922,caracteristica_8923,caracteristica_8924,caracteristica_8925,caracteristica_8926,caracteristica_8927,caracteristica_8928,caracteristica_8929,caracteristica_8930,caracteristica_8931,caracteristica_8932,caracteristica_8933,caracteristica_8934,caracteristica_8935,caracteristica_8936,caracteristica_8937,caracteristica_8938,caracteristica_8939,caracteristica_8940,caracteristica_8941,caracteristica_8942,caracteristica_8943,caracteristica_8944,caracteristica_8945,caracteristica_8946,caracteristica_8947,caracteristica_8948,caracteristica_8949,caracteristica_8950,caracteristica_8951,caracteristica_8952,caracteristica_8953,caracteristica_8954,caracteristica_8955,caracteristica_8956,caracteristica_8957,caracteristica_8958,caracteristica_8959,caracteristica_8960,caracteristica_8961,caracteristica_8962,caracteristica_8963,caracteristica_8964,caracteristica_8965,caracteristica_8966,caracteristica_8967,caracteristica_8968,caracteristica_8969,caracteristica_8970,caracteristica_8971,caracteristica_8972,caracteristica_8973,caracteristica_8974,caracteristica_8975,caracteristica_8976,caracteristica_8977,caracteristica_8978,caracteristica_8979,caracteristica_8980,caracteristica_8981,caracteristica_8982,caracteristica_8983,caracteristica_8984,caracteristica_8985,caracteristica_8986,caracteristica_8987,caracteristica_8988,caracteristica_8989,caracteristica_8990,caracteristica_8991,caracteristica_8992,caracteristica_8993,caracteristica_8994,caracteristica_8995,caracteristica_8996,caracteristica_8997,caracteristica_8998,caracteristica_8999,caracteristica_9000,caracteristica_9001,caracteristica_9002,caracteristica_9003,caracteristica_9004,caracteristica_9005,caracteristica_9006,caracteristica_9007,caracteristica_9008,caracteristica_9009,caracteristica_9010,caracteristica_9011,caracteristica_9012,caracteristica_9013,caracteristica_9014,caracteristica_9015,caracteristica_9016,caracteristica_9017,caracteristica_9018,caracteristica_9019,caracteristica_9020,caracteristica_9021,caracteristica_9022,caracteristica_9023,caracteristica_9024,caracteristica_9025,caracteristica_9026,caracteristica_9027,caracteristica_9028,caracteristica_9029,caracteristica_9030,caracteristica_9031,caracteristica_9032,caracteristica_9033,caracteristica_9034,caracteristica_9035,caracteristica_9036,caracteristica_9037,caracteristica_9038,caracteristica_9039,caracteristica_9040,caracteristica_9041,caracteristica_9042,caracteristica_9043,caracteristica_9044,caracteristica_9045,caracteristica_9046,caracteristica_9047,caracteristica_9048,caracteristica_9049,caracteristica_9050,caracteristica_9051,caracteristica_9052,caracteristica_9053,caracteristica_9054,caracteristica_9055,caracteristica_9056,caracteristica_9057,caracteristica_9058,caracteristica_9059,caracteristica_9060,caracteristica_9061,caracteristica_9062,caracteristica_9063,caracteristica_9064,caracteristica_9065,caracteristica_9066,caracteristica_9067,caracteristica_9068,caracteristica_9069,caracteristica_9070,caracteristica_9071,caracteristica_9072,caracteristica_9073,caracteristica_9074,caracteristica_9075,caracteristica_9076,caracteristica_9077,caracteristica_9078,caracteristica_9079,caracteristica_9080,caracteristica_9081,caracteristica_9082,caracteristica_9083,caracteristica_9084,caracteristica_9085,caracteristica_9086,caracteristica_9087,caracteristica_9088,caracteristica_9089,caracteristica_9090,caracteristica_9091,caracteristica_9092,caracteristica_9093,caracteristica_9094,caracteristica_9095,caracteristica_9096,caracteristica_9097,caracteristica_9098,caracteristica_9099,caracteristica_9100,caracteristica_9101,caracteristica_9102,caracteristica_9103,caracteristica_9104,caracteristica_9105,caracteristica_9106,caracteristica_9107,caracteristica_9108,caracteristica_9109,caracteristica_9110,caracteristica_9111,caracteristica_9112,caracteristica_9113,caracteristica_9114,caracteristica_9115,caracteristica_9116,caracteristica_9117,caracteristica_9118,caracteristica_9119,caracteristica_9120,caracteristica_9121,caracteristica_9122,caracteristica_9123,caracteristica_9124,caracteristica_9125,caracteristica_9126,caracteristica_9127,caracteristica_9128,caracteristica_9129,caracteristica_9130,caracteristica_9131,caracteristica_9132,caracteristica_9133,caracteristica_9134,caracteristica_9135,caracteristica_9136,caracteristica_9137,caracteristica_9138,caracteristica_9139,caracteristica_9140,caracteristica_9141,caracteristica_9142,caracteristica_9143,caracteristica_9144,caracteristica_9145,caracteristica_9146,caracteristica_9147,caracteristica_9148,caracteristica_9149,caracteristica_9150,caracteristica_9151,caracteristica_9152,caracteristica_9153,caracteristica_9154,caracteristica_9155,caracteristica_9156,caracteristica_9157,caracteristica_9158,caracteristica_9159,caracteristica_9160,caracteristica_9161,caracteristica_9162,caracteristica_9163,caracteristica_9164,caracteristica_9165,caracteristica_9166,caracteristica_9167,caracteristica_9168,caracteristica_9169,caracteristica_9170,caracteristica_9171,caracteristica_9172,caracteristica_9173,caracteristica_9174,caracteristica_9175,caracteristica_9176,caracteristica_9177,caracteristica_9178,caracteristica_9179,caracteristica_9180,caracteristica_9181,caracteristica_9182,caracteristica_9183,caracteristica_9184,caracteristica_9185,caracteristica_9186,caracteristica_9187,caracteristica_9188,caracteristica_9189,caracteristica_9190,caracteristica_9191,caracteristica_9192,caracteristica_9193,caracteristica_9194,caracteristica_9195,caracteristica_9196,caracteristica_9197,caracteristica_9198,caracteristica_9199,caracteristica_9200,caracteristica_9201,caracteristica_9202,caracteristica_9203,caracteristica_9204,caracteristica_9205,caracteristica_9206,caracteristica_9207,caracteristica_9208,caracteristica_9209,caracteristica_9210,caracteristica_9211,caracteristica_9212,caracteristica_9213,caracteristica_9214,caracteristica_9215,caracteristica_9216,caracteristica_9217,caracteristica_9218,caracteristica_9219,caracteristica_9220,caracteristica_9221,caracteristica_9222,caracteristica_9223,caracteristica_9224,caracteristica_9225,caracteristica_9226,caracteristica_9227,caracteristica_9228,caracteristica_9229,caracteristica_9230,caracteristica_9231,caracteristica_9232,caracteristica_9233,caracteristica_9234,caracteristica_9235,caracteristica_9236,caracteristica_9237,caracteristica_9238,caracteristica_9239,caracteristica_9240,caracteristica_9241,caracteristica_9242,caracteristica_9243,caracteristica_9244,caracteristica_9245,caracteristica_9246,caracteristica_9247,caracteristica_9248,caracteristica_9249,caracteristica_9250,caracteristica_9251,caracteristica_9252,caracteristica_9253,caracteristica_9254,caracteristica_9255,caracteristica_9256,caracteristica_9257,caracteristica_9258,caracteristica_9259,caracteristica_9260,caracteristica_9261,caracteristica_9262,caracteristica_9263,caracteristica_9264,caracteristica_9265,caracteristica_9266,caracteristica_9267,caracteristica_9268,caracteristica_9269,caracteristica_9270,caracteristica_9271,caracteristica_9272,caracteristica_9273,caracteristica_9274,caracteristica_9275,caracteristica_9276,caracteristica_9277,caracteristica_9278,caracteristica_9279,caracteristica_9280,caracteristica_9281,caracteristica_9282,caracteristica_9283,caracteristica_9284,caracteristica_9285,caracteristica_9286,caracteristica_9287,caracteristica_9288,caracteristica_9289,caracteristica_9290,caracteristica_9291,caracteristica_9292,caracteristica_9293,caracteristica_9294,caracteristica_9295,caracteristica_9296,caracteristica_9297,caracteristica_9298,caracteristica_9299,caracteristica_9300,caracteristica_9301,caracteristica_9302,caracteristica_9303,caracteristica_9304,caracteristica_9305,caracteristica_9306,caracteristica_9307,caracteristica_9308,caracteristica_9309,caracteristica_9310,caracteristica_9311,caracteristica_9312,caracteristica_9313,caracteristica_9314,caracteristica_9315,caracteristica_9316,caracteristica_9317,caracteristica_9318,caracteristica_9319,caracteristica_9320,caracteristica_9321,caracteristica_9322,caracteristica_9323,caracteristica_9324,caracteristica_9325,caracteristica_9326,caracteristica_9327,caracteristica_9328,caracteristica_9329,caracteristica_9330,caracteristica_9331,caracteristica_9332,caracteristica_9333,caracteristica_9334,caracteristica_9335,caracteristica_9336,caracteristica_9337,caracteristica_9338,caracteristica_9339,caracteristica_9340,caracteristica_9341,caracteristica_9342,caracteristica_9343,caracteristica_9344,caracteristica_9345,caracteristica_9346,caracteristica_9347,caracteristica_9348,caracteristica_9349,caracteristica_9350,caracteristica_9351,caracteristica_9352,caracteristica_9353,caracteristica_9354,caracteristica_9355,caracteristica_9356,caracteristica_9357,caracteristica_9358,caracteristica_9359,caracteristica_9360,caracteristica_9361,caracteristica_9362,caracteristica_9363,caracteristica_9364,caracteristica_9365,caracteristica_9366,caracteristica_9367,caracteristica_9368,caracteristica_9369,caracteristica_9370,caracteristica_9371,caracteristica_9372,caracteristica_9373,caracteristica_9374,caracteristica_9375,caracteristica_9376,caracteristica_9377,caracteristica_9378,caracteristica_9379,caracteristica_9380,caracteristica_9381,caracteristica_9382,caracteristica_9383,caracteristica_9384,caracteristica_9385,caracteristica_9386,caracteristica_9387,caracteristica_9388,caracteristica_9389,caracteristica_9390,caracteristica_9391,caracteristica_9392,caracteristica_9393,caracteristica_9394,caracteristica_9395,caracteristica_9396,caracteristica_9397,caracteristica_9398,caracteristica_9399,caracteristica_9400,caracteristica_9401,caracteristica_9402,caracteristica_9403,caracteristica_9404,caracteristica_9405,caracteristica_9406,caracteristica_9407,caracteristica_9408,caracteristica_9409,caracteristica_9410,caracteristica_9411,caracteristica_9412,caracteristica_9413,caracteristica_9414,caracteristica_9415,caracteristica_9416,caracteristica_9417,caracteristica_9418,caracteristica_9419,caracteristica_9420,caracteristica_9421,caracteristica_9422,caracteristica_9423,caracteristica_9424,caracteristica_9425,caracteristica_9426,caracteristica_9427,caracteristica_9428,caracteristica_9429,caracteristica_9430,caracteristica_9431,caracteristica_9432,caracteristica_9433,caracteristica_9434,caracteristica_9435,caracteristica_9436,caracteristica_9437,caracteristica_9438,caracteristica_9439,caracteristica_9440,caracteristica_9441,caracteristica_9442,caracteristica_9443,caracteristica_9444,caracteristica_9445,caracteristica_9446,caracteristica_9447,caracteristica_9448,caracteristica_9449,caracteristica_9450,caracteristica_9451,caracteristica_9452,caracteristica_9453,caracteristica_9454,caracteristica_9455,caracteristica_9456,caracteristica_9457,caracteristica_9458,caracteristica_9459,caracteristica_9460,caracteristica_9461,caracteristica_9462,caracteristica_9463,caracteristica_9464,caracteristica_9465,caracteristica_9466,caracteristica_9467,caracteristica_9468,caracteristica_9469,caracteristica_9470,caracteristica_9471,caracteristica_9472,caracteristica_9473,caracteristica_9474,caracteristica_9475,caracteristica_9476,caracteristica_9477,caracteristica_9478,caracteristica_9479,caracteristica_9480,caracteristica_9481,caracteristica_9482,caracteristica_9483,caracteristica_9484,caracteristica_9485,caracteristica_9486,caracteristica_9487,caracteristica_9488,caracteristica_9489,caracteristica_9490,caracteristica_9491,caracteristica_9492,caracteristica_9493,caracteristica_9494,caracteristica_9495,caracteristica_9496,caracteristica_9497,caracteristica_9498,caracteristica_9499,caracteristica_9500,caracteristica_9501,caracteristica_9502,caracteristica_9503,caracteristica_9504,caracteristica_9505,caracteristica_9506,caracteristica_9507,caracteristica_9508,caracteristica_9509,caracteristica_9510,caracteristica_9511,caracteristica_9512,caracteristica_9513,caracteristica_9514,caracteristica_9515,caracteristica_9516,caracteristica_9517,caracteristica_9518,caracteristica_9519,caracteristica_9520,caracteristica_9521,caracteristica_9522,caracteristica_9523,caracteristica_9524,caracteristica_9525,caracteristica_9526,caracteristica_9527,caracteristica_9528,caracteristica_9529,caracteristica_9530,caracteristica_9531,caracteristica_9532,caracteristica_9533,caracteristica_9534,caracteristica_9535,caracteristica_9536,caracteristica_9537,caracteristica_9538,caracteristica_9539,caracteristica_9540,caracteristica_9541,caracteristica_9542,caracteristica_9543,caracteristica_9544,caracteristica_9545,caracteristica_9546,caracteristica_9547,caracteristica_9548,caracteristica_9549,caracteristica_9550,caracteristica_9551,caracteristica_9552,caracteristica_9553,caracteristica_9554,caracteristica_9555,caracteristica_9556,caracteristica_9557,caracteristica_9558,caracteristica_9559,caracteristica_9560,caracteristica_9561,caracteristica_9562,caracteristica_9563,caracteristica_9564,caracteristica_9565,caracteristica_9566,caracteristica_9567,caracteristica_9568,caracteristica_9569,caracteristica_9570,caracteristica_9571,caracteristica_9572,caracteristica_9573,caracteristica_9574,caracteristica_9575,caracteristica_9576,caracteristica_9577,caracteristica_9578,caracteristica_9579,caracteristica_9580,caracteristica_9581,caracteristica_9582,caracteristica_9583,caracteristica_9584,caracteristica_9585,caracteristica_9586,caracteristica_9587,caracteristica_9588,caracteristica_9589,caracteristica_9590,caracteristica_9591,caracteristica_9592,caracteristica_9593,caracteristica_9594,caracteristica_9595,caracteristica_9596,caracteristica_9597,caracteristica_9598,caracteristica_9599,caracteristica_9600,caracteristica_9601,caracteristica_9602,caracteristica_9603,caracteristica_9604,caracteristica_9605,caracteristica_9606,caracteristica_9607,caracteristica_9608,caracteristica_9609,caracteristica_9610,caracteristica_9611,caracteristica_9612,caracteristica_9613,caracteristica_9614,caracteristica_9615,caracteristica_9616,caracteristica_9617,caracteristica_9618,caracteristica_9619,caracteristica_9620,caracteristica_9621,caracteristica_9622,caracteristica_9623,caracteristica_9624,caracteristica_9625,caracteristica_9626,caracteristica_9627,caracteristica_9628,caracteristica_9629,caracteristica_9630,caracteristica_9631,caracteristica_9632,caracteristica_9633,caracteristica_9634,caracteristica_9635,caracteristica_9636,caracteristica_9637,caracteristica_9638,caracteristica_9639,caracteristica_9640,caracteristica_9641,caracteristica_9642,caracteristica_9643,caracteristica_9644,caracteristica_9645,caracteristica_9646,caracteristica_9647,caracteristica_9648,caracteristica_9649,caracteristica_9650,caracteristica_9651,caracteristica_9652,caracteristica_9653,caracteristica_9654,caracteristica_9655,caracteristica_9656,caracteristica_9657,caracteristica_9658,caracteristica_9659,caracteristica_9660,caracteristica_9661,caracteristica_9662,caracteristica_9663,caracteristica_9664,caracteristica_9665,caracteristica_9666,caracteristica_9667,caracteristica_9668,caracteristica_9669,caracteristica_9670,caracteristica_9671,caracteristica_9672,caracteristica_9673,caracteristica_9674,caracteristica_9675,caracteristica_9676,caracteristica_9677,caracteristica_9678,caracteristica_9679,caracteristica_9680,caracteristica_9681,caracteristica_9682,caracteristica_9683,caracteristica_9684,caracteristica_9685,caracteristica_9686,caracteristica_9687,caracteristica_9688,caracteristica_9689,caracteristica_9690,caracteristica_9691,caracteristica_9692,caracteristica_9693,caracteristica_9694,caracteristica_9695,caracteristica_9696,caracteristica_9697,caracteristica_9698,caracteristica_9699,caracteristica_9700,caracteristica_9701,caracteristica_9702,caracteristica_9703,caracteristica_9704,caracteristica_9705,caracteristica_9706,caracteristica_9707,caracteristica_9708,caracteristica_9709,caracteristica_9710,caracteristica_9711,caracteristica_9712,caracteristica_9713,caracteristica_9714,caracteristica_9715,caracteristica_9716,caracteristica_9717,caracteristica_9718,caracteristica_9719,caracteristica_9720,caracteristica_9721,caracteristica_9722,caracteristica_9723,caracteristica_9724,caracteristica_9725,caracteristica_9726,caracteristica_9727,caracteristica_9728,caracteristica_9729,caracteristica_9730,caracteristica_9731,caracteristica_9732,caracteristica_9733,caracteristica_9734,caracteristica_9735,caracteristica_9736,caracteristica_9737,caracteristica_9738,caracteristica_9739,caracteristica_9740,caracteristica_9741,caracteristica_9742,caracteristica_9743,caracteristica_9744,caracteristica_9745,caracteristica_9746,caracteristica_9747,caracteristica_9748,caracteristica_9749,caracteristica_9750,caracteristica_9751,caracteristica_9752,caracteristica_9753,caracteristica_9754,caracteristica_9755,caracteristica_9756,caracteristica_9757,caracteristica_9758,caracteristica_9759,caracteristica_9760,caracteristica_9761,caracteristica_9762,caracteristica_9763,caracteristica_9764,caracteristica_9765,caracteristica_9766,caracteristica_9767,caracteristica_9768,caracteristica_9769,caracteristica_9770,caracteristica_9771,caracteristica_9772,caracteristica_9773,caracteristica_9774,caracteristica_9775,caracteristica_9776,caracteristica_9777,caracteristica_9778,caracteristica_9779,caracteristica_9780,caracteristica_9781,caracteristica_9782,caracteristica_9783,caracteristica_9784,caracteristica_9785,caracteristica_9786,caracteristica_9787,caracteristica_9788,caracteristica_9789,caracteristica_9790,caracteristica_9791,caracteristica_9792,caracteristica_9793,caracteristica_9794,caracteristica_9795,caracteristica_9796,caracteristica_9797,caracteristica_9798,caracteristica_9799,caracteristica_9800,caracteristica_9801,caracteristica_9802,caracteristica_9803,caracteristica_9804,caracteristica_9805,caracteristica_9806,caracteristica_9807,caracteristica_9808,caracteristica_9809,caracteristica_9810,caracteristica_9811,caracteristica_9812,caracteristica_9813,caracteristica_9814,caracteristica_9815,caracteristica_9816,caracteristica_9817,caracteristica_9818,caracteristica_9819,caracteristica_9820,caracteristica_9821,caracteristica_9822,caracteristica_9823,caracteristica_9824,caracteristica_9825,caracteristica_9826,caracteristica_9827,caracteristica_9828,caracteristica_9829,caracteristica_9830,caracteristica_9831,caracteristica_9832,caracteristica_9833,caracteristica_9834,caracteristica_9835,caracteristica_9836,caracteristica_9837,caracteristica_9838,caracteristica_9839,caracteristica_9840,caracteristica_9841,caracteristica_9842,caracteristica_9843,caracteristica_9844,caracteristica_9845,caracteristica_9846,caracteristica_9847,caracteristica_9848,caracteristica_9849,caracteristica_9850,caracteristica_9851,caracteristica_9852,caracteristica_9853,caracteristica_9854,caracteristica_9855,caracteristica_9856,caracteristica_9857,caracteristica_9858,caracteristica_9859,caracteristica_9860,caracteristica_9861,caracteristica_9862,caracteristica_9863,caracteristica_9864,caracteristica_9865,caracteristica_9866,caracteristica_9867,caracteristica_9868,caracteristica_9869,caracteristica_9870,caracteristica_9871,caracteristica_9872,caracteristica_9873,caracteristica_9874,caracteristica_9875,caracteristica_9876,caracteristica_9877,caracteristica_9878,caracteristica_9879,caracteristica_9880,caracteristica_9881,caracteristica_9882,caracteristica_9883,caracteristica_9884,caracteristica_9885,caracteristica_9886,caracteristica_9887,caracteristica_9888,caracteristica_9889,caracteristica_9890,caracteristica_9891,caracteristica_9892,caracteristica_9893,caracteristica_9894,caracteristica_9895,caracteristica_9896,caracteristica_9897,caracteristica_9898,caracteristica_9899,caracteristica_9900,caracteristica_9901,caracteristica_9902,caracteristica_9903,caracteristica_9904,caracteristica_9905,caracteristica_9906,caracteristica_9907,caracteristica_9908,caracteristica_9909,caracteristica_9910,caracteristica_9911,caracteristica_9912,caracteristica_9913,caracteristica_9914,caracteristica_9915,caracteristica_9916,caracteristica_9917,caracteristica_9918,caracteristica_9919,caracteristica_9920,caracteristica_9921,caracteristica_9922,caracteristica_9923,caracteristica_9924,caracteristica_9925,caracteristica_9926,caracteristica_9927,caracteristica_9928,caracteristica_9929,caracteristica_9930,caracteristica_9931,caracteristica_9932,caracteristica_9933,caracteristica_9934,caracteristica_9935,caracteristica_9936,caracteristica_9937,caracteristica_9938,caracteristica_9939,caracteristica_9940,caracteristica_9941,caracteristica_9942,caracteristica_9943,caracteristica_9944,caracteristica_9945,caracteristica_9946,caracteristica_9947,caracteristica_9948,caracteristica_9949,caracteristica_9950,caracteristica_9951,caracteristica_9952,caracteristica_9953,caracteristica_9954,caracteristica_9955,caracteristica_9956,caracteristica_9957,caracteristica_9958,caracteristica_9959,caracteristica_9960,caracteristica_9961,caracteristica_9962,caracteristica_9963,caracteristica_9964,caracteristica_9965,caracteristica_9966,caracteristica_9967,caracteristica_9968,caracteristica_9969,caracteristica_9970,caracteristica_9971,caracteristica_9972,caracteristica_9973,caracteristica_9974,caracteristica_9975,caracteristica_9976,caracteristica_9977,caracteristica_9978,caracteristica_9979,caracteristica_9980,caracteristica_9981,caracteristica_9982,caracteristica_9983,caracteristica_9984,caracteristica_9985,caracteristica_9986,caracteristica_9987,caracteristica_9988,caracteristica_9989,caracteristica_9990,caracteristica_9991,caracteristica_9992,caracteristica_9993,caracteristica_9994,caracteristica_9995,caracteristica_9996,caracteristica_9997,caracteristica_9998,caracteristica_9999,caracteristica_10000,caracteristica_10001,caracteristica_10002,caracteristica_10003,caracteristica_10004,caracteristica_10005,caracteristica_10006,caracteristica_10007,caracteristica_10008,caracteristica_10009,caracteristica_10010,caracteristica_10011,caracteristica_10012,caracteristica_10013,caracteristica_10014,caracteristica_10015,caracteristica_10016,caracteristica_10017,caracteristica_10018,caracteristica_10019,caracteristica_10020,caracteristica_10021,caracteristica_10022,caracteristica_10023,caracteristica_10024,caracteristica_10025,caracteristica_10026,caracteristica_10027,caracteristica_10028,caracteristica_10029,caracteristica_10030,caracteristica_10031,caracteristica_10032,caracteristica_10033,caracteristica_10034,caracteristica_10035,caracteristica_10036,caracteristica_10037,caracteristica_10038,caracteristica_10039,caracteristica_10040,caracteristica_10041,caracteristica_10042,caracteristica_10043,caracteristica_10044,caracteristica_10045,caracteristica_10046,caracteristica_10047,caracteristica_10048,caracteristica_10049,caracteristica_10050,caracteristica_10051,caracteristica_10052,caracteristica_10053,caracteristica_10054,caracteristica_10055,caracteristica_10056,caracteristica_10057,caracteristica_10058,caracteristica_10059,caracteristica_10060,caracteristica_10061,caracteristica_10062,caracteristica_10063,caracteristica_10064,caracteristica_10065,caracteristica_10066,caracteristica_10067,caracteristica_10068,caracteristica_10069,caracteristica_10070,caracteristica_10071,caracteristica_10072,caracteristica_10073,caracteristica_10074,caracteristica_10075,caracteristica_10076,caracteristica_10077,caracteristica_10078,caracteristica_10079,caracteristica_10080,caracteristica_10081,caracteristica_10082,caracteristica_10083,caracteristica_10084,caracteristica_10085,caracteristica_10086,caracteristica_10087,caracteristica_10088,caracteristica_10089,caracteristica_10090,caracteristica_10091,caracteristica_10092,caracteristica_10093,caracteristica_10094,caracteristica_10095,caracteristica_10096,caracteristica_10097,caracteristica_10098,caracteristica_10099,caracteristica_10100,caracteristica_10101,caracteristica_10102,caracteristica_10103,caracteristica_10104,caracteristica_10105,caracteristica_10106,caracteristica_10107,caracteristica_10108,caracteristica_10109,caracteristica_10110,caracteristica_10111,caracteristica_10112,caracteristica_10113,caracteristica_10114,caracteristica_10115,caracteristica_10116,caracteristica_10117,caracteristica_10118,caracteristica_10119,caracteristica_10120,caracteristica_10121,caracteristica_10122,caracteristica_10123,caracteristica_10124,caracteristica_10125,caracteristica_10126,caracteristica_10127,caracteristica_10128,caracteristica_10129,caracteristica_10130,caracteristica_10131,caracteristica_10132,caracteristica_10133,caracteristica_10134,caracteristica_10135,caracteristica_10136,caracteristica_10137,caracteristica_10138,caracteristica_10139,caracteristica_10140,caracteristica_10141,caracteristica_10142,caracteristica_10143,caracteristica_10144,caracteristica_10145,caracteristica_10146,caracteristica_10147,caracteristica_10148,caracteristica_10149,caracteristica_10150,caracteristica_10151,caracteristica_10152,caracteristica_10153,caracteristica_10154,caracteristica_10155,caracteristica_10156,caracteristica_10157,caracteristica_10158,caracteristica_10159,caracteristica_10160,caracteristica_10161,caracteristica_10162,caracteristica_10163,caracteristica_10164,caracteristica_10165,caracteristica_10166,caracteristica_10167,caracteristica_10168,caracteristica_10169,caracteristica_10170,caracteristica_10171,caracteristica_10172,caracteristica_10173,caracteristica_10174,caracteristica_10175,caracteristica_10176,caracteristica_10177,caracteristica_10178,caracteristica_10179,caracteristica_10180,caracteristica_10181,caracteristica_10182,caracteristica_10183,caracteristica_10184,caracteristica_10185,caracteristica_10186,caracteristica_10187,caracteristica_10188,caracteristica_10189,caracteristica_10190,caracteristica_10191,caracteristica_10192,caracteristica_10193,caracteristica_10194,caracteristica_10195,caracteristica_10196,caracteristica_10197,caracteristica_10198,caracteristica_10199,caracteristica_10200,caracteristica_10201,caracteristica_10202,caracteristica_10203,caracteristica_10204,caracteristica_10205,caracteristica_10206,caracteristica_10207,caracteristica_10208,caracteristica_10209,caracteristica_10210,caracteristica_10211,caracteristica_10212,caracteristica_10213,caracteristica_10214,caracteristica_10215,caracteristica_10216,caracteristica_10217,caracteristica_10218,caracteristica_10219,caracteristica_10220,caracteristica_10221,caracteristica_10222,caracteristica_10223,caracteristica_10224,caracteristica_10225,caracteristica_10226,caracteristica_10227,caracteristica_10228,caracteristica_10229,caracteristica_10230,caracteristica_10231,caracteristica_10232,caracteristica_10233,caracteristica_10234,caracteristica_10235,caracteristica_10236,caracteristica_10237,caracteristica_10238,caracteristica_10239,caracteristica_10240,caracteristica_10241,caracteristica_10242,caracteristica_10243,caracteristica_10244,caracteristica_10245,caracteristica_10246,caracteristica_10247,caracteristica_10248,caracteristica_10249,caracteristica_10250,caracteristica_10251,caracteristica_10252,caracteristica_10253,caracteristica_10254,caracteristica_10255,caracteristica_10256,caracteristica_10257,caracteristica_10258,caracteristica_10259,caracteristica_10260,caracteristica_10261,caracteristica_10262,caracteristica_10263,caracteristica_10264,caracteristica_10265,caracteristica_10266,caracteristica_10267,caracteristica_10268,caracteristica_10269,caracteristica_10270,caracteristica_10271,caracteristica_10272,caracteristica_10273,caracteristica_10274,caracteristica_10275,caracteristica_10276,caracteristica_10277,caracteristica_10278,caracteristica_10279,caracteristica_10280,caracteristica_10281,caracteristica_10282,caracteristica_10283,caracteristica_10284,caracteristica_10285,caracteristica_10286,caracteristica_10287,caracteristica_10288,caracteristica_10289,caracteristica_10290,caracteristica_10291,caracteristica_10292,caracteristica_10293,caracteristica_10294,caracteristica_10295,caracteristica_10296,caracteristica_10297,caracteristica_10298,caracteristica_10299,caracteristica_10300,caracteristica_10301,caracteristica_10302,caracteristica_10303,caracteristica_10304,caracteristica_10305,caracteristica_10306,caracteristica_10307,caracteristica_10308,caracteristica_10309,caracteristica_10310,caracteristica_10311,caracteristica_10312,caracteristica_10313,caracteristica_10314,caracteristica_10315,caracteristica_10316,caracteristica_10317,caracteristica_10318,caracteristica_10319,caracteristica_10320,caracteristica_10321,caracteristica_10322,caracteristica_10323,caracteristica_10324,caracteristica_10325,caracteristica_10326,caracteristica_10327,caracteristica_10328,caracteristica_10329,caracteristica_10330,caracteristica_10331,caracteristica_10332,caracteristica_10333,caracteristica_10334,caracteristica_10335,caracteristica_10336,caracteristica_10337,caracteristica_10338,caracteristica_10339,caracteristica_10340,caracteristica_10341,caracteristica_10342,caracteristica_10343,caracteristica_10344,caracteristica_10345,caracteristica_10346,caracteristica_10347,caracteristica_10348,caracteristica_10349,caracteristica_10350,caracteristica_10351,caracteristica_10352,caracteristica_10353,caracteristica_10354,caracteristica_10355,caracteristica_10356,caracteristica_10357,caracteristica_10358,caracteristica_10359,caracteristica_10360,caracteristica_10361,caracteristica_10362,caracteristica_10363,caracteristica_10364,caracteristica_10365,caracteristica_10366,caracteristica_10367,caracteristica_10368,caracteristica_10369,caracteristica_10370,caracteristica_10371,caracteristica_10372,caracteristica_10373,caracteristica_10374,caracteristica_10375,caracteristica_10376,caracteristica_10377,caracteristica_10378,caracteristica_10379,caracteristica_10380,caracteristica_10381,caracteristica_10382,caracteristica_10383,caracteristica_10384,caracteristica_10385,caracteristica_10386,caracteristica_10387,caracteristica_10388,caracteristica_10389,caracteristica_10390,caracteristica_10391,caracteristica_10392,caracteristica_10393,caracteristica_10394,caracteristica_10395,caracteristica_10396,caracteristica_10397,caracteristica_10398,caracteristica_10399,caracteristica_10400,caracteristica_10401,caracteristica_10402,caracteristica_10403,caracteristica_10404,caracteristica_10405,caracteristica_10406,caracteristica_10407,caracteristica_10408,caracteristica_10409,caracteristica_10410,caracteristica_10411,caracteristica_10412,caracteristica_10413,caracteristica_10414,caracteristica_10415,caracteristica_10416,caracteristica_10417,caracteristica_10418,caracteristica_10419,caracteristica_10420,caracteristica_10421,caracteristica_10422,caracteristica_10423,caracteristica_10424,caracteristica_10425,caracteristica_10426,caracteristica_10427,caracteristica_10428,caracteristica_10429,caracteristica_10430,caracteristica_10431,caracteristica_10432,caracteristica_10433,caracteristica_10434,caracteristica_10435,caracteristica_10436,caracteristica_10437,caracteristica_10438,caracteristica_10439,caracteristica_10440,caracteristica_10441,caracteristica_10442,caracteristica_10443,caracteristica_10444,caracteristica_10445,caracteristica_10446,caracteristica_10447,caracteristica_10448,caracteristica_10449,caracteristica_10450,caracteristica_10451,caracteristica_10452,caracteristica_10453,caracteristica_10454,caracteristica_10455,caracteristica_10456,caracteristica_10457,caracteristica_10458,caracteristica_10459,caracteristica_10460,caracteristica_10461,caracteristica_10462,caracteristica_10463,caracteristica_10464,caracteristica_10465,caracteristica_10466,caracteristica_10467,caracteristica_10468,caracteristica_10469,caracteristica_10470,caracteristica_10471,caracteristica_10472,caracteristica_10473,caracteristica_10474,caracteristica_10475,caracteristica_10476,caracteristica_10477,caracteristica_10478,caracteristica_10479,caracteristica_10480,caracteristica_10481,caracteristica_10482,caracteristica_10483,caracteristica_10484,caracteristica_10485,caracteristica_10486,caracteristica_10487,caracteristica_10488,caracteristica_10489,caracteristica_10490,caracteristica_10491,caracteristica_10492,caracteristica_10493,caracteristica_10494,caracteristica_10495,caracteristica_10496,caracteristica_10497,caracteristica_10498,caracteristica_10499,caracteristica_10500,caracteristica_10501,caracteristica_10502,caracteristica_10503,caracteristica_10504,caracteristica_10505,caracteristica_10506,caracteristica_10507,caracteristica_10508,caracteristica_10509,caracteristica_10510,caracteristica_10511,caracteristica_10512,caracteristica_10513,caracteristica_10514,caracteristica_10515,caracteristica_10516,caracteristica_10517,caracteristica_10518,caracteristica_10519,caracteristica_10520,caracteristica_10521,caracteristica_10522,caracteristica_10523,caracteristica_10524,caracteristica_10525,caracteristica_10526,caracteristica_10527,caracteristica_10528,caracteristica_10529,caracteristica_10530,caracteristica_10531,caracteristica_10532,caracteristica_10533,caracteristica_10534,caracteristica_10535,caracteristica_10536,caracteristica_10537,caracteristica_10538,caracteristica_10539,caracteristica_10540,caracteristica_10541,caracteristica_10542,caracteristica_10543,caracteristica_10544,caracteristica_10545,caracteristica_10546,caracteristica_10547,caracteristica_10548,caracteristica_10549,caracteristica_10550,caracteristica_10551,caracteristica_10552,caracteristica_10553,caracteristica_10554,caracteristica_10555,caracteristica_10556,caracteristica_10557,caracteristica_10558,caracteristica_10559,caracteristica_10560,caracteristica_10561,caracteristica_10562,caracteristica_10563,caracteristica_10564,caracteristica_10565,caracteristica_10566,caracteristica_10567,caracteristica_10568,caracteristica_10569,caracteristica_10570,caracteristica_10571,caracteristica_10572,caracteristica_10573,caracteristica_10574,caracteristica_10575,caracteristica_10576,caracteristica_10577,caracteristica_10578,caracteristica_10579,caracteristica_10580,caracteristica_10581,caracteristica_10582,caracteristica_10583,caracteristica_10584,caracteristica_10585,caracteristica_10586,caracteristica_10587,caracteristica_10588,caracteristica_10589,caracteristica_10590,caracteristica_10591,caracteristica_10592,caracteristica_10593,caracteristica_10594,caracteristica_10595,caracteristica_10596,caracteristica_10597,caracteristica_10598,caracteristica_10599,caracteristica_10600,caracteristica_10601,caracteristica_10602,caracteristica_10603,caracteristica_10604,caracteristica_10605,caracteristica_10606,caracteristica_10607,caracteristica_10608,caracteristica_10609,caracteristica_10610,caracteristica_10611,caracteristica_10612,caracteristica_10613,caracteristica_10614,caracteristica_10615,caracteristica_10616,caracteristica_10617,caracteristica_10618,caracteristica_10619,caracteristica_10620,caracteristica_10621,caracteristica_10622,caracteristica_10623,caracteristica_10624,caracteristica_10625,caracteristica_10626,caracteristica_10627,caracteristica_10628,caracteristica_10629,caracteristica_10630,caracteristica_10631,caracteristica_10632,caracteristica_10633,caracteristica_10634,caracteristica_10635,caracteristica_10636,caracteristica_10637,caracteristica_10638,caracteristica_10639,caracteristica_10640,caracteristica_10641,caracteristica_10642,caracteristica_10643,caracteristica_10644,caracteristica_10645,caracteristica_10646,caracteristica_10647,caracteristica_10648,caracteristica_10649,caracteristica_10650,caracteristica_10651,caracteristica_10652,caracteristica_10653,caracteristica_10654,caracteristica_10655,caracteristica_10656,caracteristica_10657,caracteristica_10658,caracteristica_10659,caracteristica_10660,caracteristica_10661,caracteristica_10662,caracteristica_10663,caracteristica_10664,caracteristica_10665,caracteristica_10666,caracteristica_10667,caracteristica_10668,caracteristica_10669,caracteristica_10670,caracteristica_10671,caracteristica_10672,caracteristica_10673,caracteristica_10674,caracteristica_10675,caracteristica_10676,caracteristica_10677,caracteristica_10678,caracteristica_10679,caracteristica_10680,caracteristica_10681,caracteristica_10682,caracteristica_10683,caracteristica_10684,caracteristica_10685,caracteristica_10686,caracteristica_10687,caracteristica_10688,caracteristica_10689,caracteristica_10690,caracteristica_10691,caracteristica_10692,caracteristica_10693,caracteristica_10694,caracteristica_10695,caracteristica_10696,caracteristica_10697,caracteristica_10698,caracteristica_10699,caracteristica_10700,caracteristica_10701,caracteristica_10702,caracteristica_10703,caracteristica_10704,caracteristica_10705,caracteristica_10706,caracteristica_10707,caracteristica_10708,caracteristica_10709,caracteristica_10710,caracteristica_10711,caracteristica_10712,caracteristica_10713,caracteristica_10714,caracteristica_10715,caracteristica_10716,caracteristica_10717,caracteristica_10718,caracteristica_10719,caracteristica_10720,caracteristica_10721,caracteristica_10722,caracteristica_10723,caracteristica_10724,caracteristica_10725,caracteristica_10726,caracteristica_10727,caracteristica_10728,caracteristica_10729,caracteristica_10730,caracteristica_10731,caracteristica_10732,caracteristica_10733,caracteristica_10734,caracteristica_10735,caracteristica_10736,caracteristica_10737,caracteristica_10738,caracteristica_10739,caracteristica_10740,caracteristica_10741,caracteristica_10742,caracteristica_10743,caracteristica_10744,caracteristica_10745,caracteristica_10746,caracteristica_10747,caracteristica_10748,caracteristica_10749,caracteristica_10750,caracteristica_10751,caracteristica_10752,caracteristica_10753,caracteristica_10754,caracteristica_10755,caracteristica_10756,caracteristica_10757,caracteristica_10758,caracteristica_10759,caracteristica_10760,caracteristica_10761,caracteristica_10762,caracteristica_10763,caracteristica_10764,caracteristica_10765,caracteristica_10766,caracteristica_10767,caracteristica_10768,caracteristica_10769,caracteristica_10770,caracteristica_10771,caracteristica_10772,caracteristica_10773,caracteristica_10774,caracteristica_10775,caracteristica_10776,caracteristica_10777,caracteristica_10778,caracteristica_10779,caracteristica_10780,caracteristica_10781,caracteristica_10782,caracteristica_10783,caracteristica_10784,caracteristica_10785,caracteristica_10786,caracteristica_10787,caracteristica_10788,caracteristica_10789,caracteristica_10790,caracteristica_10791,caracteristica_10792,caracteristica_10793,caracteristica_10794,caracteristica_10795,caracteristica_10796,caracteristica_10797,caracteristica_10798,caracteristica_10799,caracteristica_10800,caracteristica_10801,caracteristica_10802,caracteristica_10803,caracteristica_10804,caracteristica_10805,caracteristica_10806,caracteristica_10807,caracteristica_10808,caracteristica_10809,caracteristica_10810,caracteristica_10811,caracteristica_10812,caracteristica_10813,caracteristica_10814,caracteristica_10815,caracteristica_10816,caracteristica_10817,caracteristica_10818,caracteristica_10819,caracteristica_10820,caracteristica_10821,caracteristica_10822,caracteristica_10823,caracteristica_10824,caracteristica_10825,caracteristica_10826,caracteristica_10827,caracteristica_10828,caracteristica_10829,caracteristica_10830,caracteristica_10831,caracteristica_10832,caracteristica_10833,caracteristica_10834,caracteristica_10835,caracteristica_10836,caracteristica_10837,caracteristica_10838,caracteristica_10839,caracteristica_10840,caracteristica_10841,caracteristica_10842,caracteristica_10843,caracteristica_10844,caracteristica_10845,caracteristica_10846,caracteristica_10847,caracteristica_10848,caracteristica_10849,caracteristica_10850,caracteristica_10851,caracteristica_10852,caracteristica_10853,caracteristica_10854,caracteristica_10855,caracteristica_10856,caracteristica_10857,caracteristica_10858,caracteristica_10859,caracteristica_10860,caracteristica_10861,caracteristica_10862,caracteristica_10863,caracteristica_10864,caracteristica_10865,caracteristica_10866,caracteristica_10867,caracteristica_10868,caracteristica_10869,caracteristica_10870,caracteristica_10871,caracteristica_10872,caracteristica_10873,caracteristica_10874,caracteristica_10875,caracteristica_10876,caracteristica_10877,caracteristica_10878,caracteristica_10879,caracteristica_10880,caracteristica_10881,caracteristica_10882,caracteristica_10883,caracteristica_10884,caracteristica_10885,caracteristica_10886,caracteristica_10887,caracteristica_10888,caracteristica_10889,caracteristica_10890,caracteristica_10891,caracteristica_10892,caracteristica_10893,caracteristica_10894,caracteristica_10895,caracteristica_10896,caracteristica_10897,caracteristica_10898,caracteristica_10899,caracteristica_10900,caracteristica_10901,caracteristica_10902,caracteristica_10903,caracteristica_10904,caracteristica_10905,caracteristica_10906,caracteristica_10907,caracteristica_10908,caracteristica_10909,caracteristica_10910,caracteristica_10911,caracteristica_10912,caracteristica_10913,caracteristica_10914,caracteristica_10915,caracteristica_10916,caracteristica_10917,caracteristica_10918,caracteristica_10919,caracteristica_10920,caracteristica_10921,caracteristica_10922,caracteristica_10923,caracteristica_10924,caracteristica_10925,caracteristica_10926,caracteristica_10927,caracteristica_10928,caracteristica_10929,caracteristica_10930,caracteristica_10931,caracteristica_10932,caracteristica_10933,caracteristica_10934,caracteristica_10935,caracteristica_10936,caracteristica_10937,caracteristica_10938,caracteristica_10939,caracteristica_10940,caracteristica_10941,caracteristica_10942,caracteristica_10943,caracteristica_10944,caracteristica_10945,caracteristica_10946,caracteristica_10947,caracteristica_10948,caracteristica_10949,caracteristica_10950,caracteristica_10951,caracteristica_10952,caracteristica_10953,caracteristica_10954,caracteristica_10955,caracteristica_10956,caracteristica_10957,caracteristica_10958,caracteristica_10959,caracteristica_10960,caracteristica_10961,caracteristica_10962,caracteristica_10963,caracteristica_10964,caracteristica_10965,caracteristica_10966,caracteristica_10967,caracteristica_10968,caracteristica_10969,caracteristica_10970,caracteristica_10971,caracteristica_10972,caracteristica_10973,caracteristica_10974,caracteristica_10975,caracteristica_10976,caracteristica_10977,caracteristica_10978,caracteristica_10979,caracteristica_10980,caracteristica_10981,caracteristica_10982,caracteristica_10983,caracteristica_10984,caracteristica_10985,caracteristica_10986,caracteristica_10987,caracteristica_10988,caracteristica_10989,caracteristica_10990,caracteristica_10991,caracteristica_10992,caracteristica_10993,caracteristica_10994,caracteristica_10995,caracteristica_10996,caracteristica_10997,caracteristica_10998,caracteristica_10999,caracteristica_11000,caracteristica_11001,caracteristica_11002,caracteristica_11003,caracteristica_11004,caracteristica_11005,caracteristica_11006,caracteristica_11007,caracteristica_11008,caracteristica_11009,caracteristica_11010,caracteristica_11011,caracteristica_11012,caracteristica_11013,caracteristica_11014,caracteristica_11015,caracteristica_11016,caracteristica_11017,caracteristica_11018,caracteristica_11019,caracteristica_11020,caracteristica_11021,caracteristica_11022,caracteristica_11023,caracteristica_11024,caracteristica_11025,caracteristica_11026,caracteristica_11027,caracteristica_11028,caracteristica_11029,caracteristica_11030,caracteristica_11031,caracteristica_11032,caracteristica_11033,caracteristica_11034,caracteristica_11035,caracteristica_11036,caracteristica_11037,caracteristica_11038,caracteristica_11039,caracteristica_11040,caracteristica_11041,caracteristica_11042,caracteristica_11043,caracteristica_11044,caracteristica_11045,caracteristica_11046,caracteristica_11047,caracteristica_11048,caracteristica_11049,caracteristica_11050,caracteristica_11051,caracteristica_11052,caracteristica_11053,caracteristica_11054,caracteristica_11055,caracteristica_11056,caracteristica_11057,caracteristica_11058,caracteristica_11059,caracteristica_11060,caracteristica_11061,caracteristica_11062,caracteristica_11063,caracteristica_11064,caracteristica_11065,caracteristica_11066,caracteristica_11067,caracteristica_11068,caracteristica_11069,caracteristica_11070,caracteristica_11071,caracteristica_11072,caracteristica_11073,caracteristica_11074,caracteristica_11075,caracteristica_11076,caracteristica_11077,caracteristica_11078,caracteristica_11079,caracteristica_11080,caracteristica_11081,caracteristica_11082,caracteristica_11083,caracteristica_11084,caracteristica_11085,caracteristica_11086,caracteristica_11087,caracteristica_11088,caracteristica_11089,caracteristica_11090,caracteristica_11091,caracteristica_11092,caracteristica_11093,caracteristica_11094,caracteristica_11095,caracteristica_11096,caracteristica_11097,caracteristica_11098,caracteristica_11099,caracteristica_11100,caracteristica_11101,caracteristica_11102,caracteristica_11103,caracteristica_11104,caracteristica_11105,caracteristica_11106,caracteristica_11107,caracteristica_11108,caracteristica_11109,caracteristica_11110,caracteristica_11111,caracteristica_11112,caracteristica_11113,caracteristica_11114,caracteristica_11115,caracteristica_11116,caracteristica_11117,caracteristica_11118,caracteristica_11119,caracteristica_11120,caracteristica_11121,caracteristica_11122,caracteristica_11123,caracteristica_11124,caracteristica_11125,caracteristica_11126,caracteristica_11127,caracteristica_11128,caracteristica_11129,caracteristica_11130,caracteristica_11131,caracteristica_11132,caracteristica_11133,caracteristica_11134,caracteristica_11135,caracteristica_11136,caracteristica_11137,caracteristica_11138,caracteristica_11139,caracteristica_11140,caracteristica_11141,caracteristica_11142,caracteristica_11143,caracteristica_11144,caracteristica_11145,caracteristica_11146,caracteristica_11147,caracteristica_11148,caracteristica_11149,caracteristica_11150,caracteristica_11151,caracteristica_11152,caracteristica_11153,caracteristica_11154,caracteristica_11155,caracteristica_11156,caracteristica_11157,caracteristica_11158,caracteristica_11159,caracteristica_11160,caracteristica_11161,caracteristica_11162,caracteristica_11163,caracteristica_11164,caracteristica_11165,caracteristica_11166,caracteristica_11167,caracteristica_11168,caracteristica_11169,caracteristica_11170,caracteristica_11171,caracteristica_11172,caracteristica_11173,caracteristica_11174,caracteristica_11175,caracteristica_11176,caracteristica_11177,caracteristica_11178,caracteristica_11179,caracteristica_11180,caracteristica_11181,caracteristica_11182,caracteristica_11183,caracteristica_11184,caracteristica_11185,caracteristica_11186,caracteristica_11187,caracteristica_11188,caracteristica_11189,caracteristica_11190,caracteristica_11191,caracteristica_11192,caracteristica_11193,caracteristica_11194,caracteristica_11195,caracteristica_11196,caracteristica_11197,caracteristica_11198,caracteristica_11199,caracteristica_11200,caracteristica_11201,caracteristica_11202,caracteristica_11203,caracteristica_11204,caracteristica_11205,caracteristica_11206,caracteristica_11207,caracteristica_11208,caracteristica_11209,caracteristica_11210,caracteristica_11211,caracteristica_11212,caracteristica_11213,caracteristica_11214,caracteristica_11215,caracteristica_11216,caracteristica_11217,caracteristica_11218,caracteristica_11219,caracteristica_11220,caracteristica_11221,caracteristica_11222,caracteristica_11223,caracteristica_11224,caracteristica_11225,caracteristica_11226,caracteristica_11227,caracteristica_11228,caracteristica_11229,caracteristica_11230,caracteristica_11231,caracteristica_11232,caracteristica_11233,caracteristica_11234,caracteristica_11235,caracteristica_11236,caracteristica_11237,caracteristica_11238,caracteristica_11239,caracteristica_11240,caracteristica_11241,caracteristica_11242,caracteristica_11243,caracteristica_11244,caracteristica_11245,caracteristica_11246,caracteristica_11247,caracteristica_11248,caracteristica_11249,caracteristica_11250,caracteristica_11251,caracteristica_11252,caracteristica_11253,caracteristica_11254,caracteristica_11255,caracteristica_11256,caracteristica_11257,caracteristica_11258,caracteristica_11259,caracteristica_11260,caracteristica_11261,caracteristica_11262,caracteristica_11263,caracteristica_11264,caracteristica_11265,caracteristica_11266,caracteristica_11267,caracteristica_11268,caracteristica_11269,caracteristica_11270,caracteristica_11271,caracteristica_11272,caracteristica_11273,caracteristica_11274,caracteristica_11275,caracteristica_11276,caracteristica_11277,caracteristica_11278,caracteristica_11279,caracteristica_11280,caracteristica_11281,caracteristica_11282,caracteristica_11283,caracteristica_11284,caracteristica_11285,caracteristica_11286,caracteristica_11287,caracteristica_11288,caracteristica_11289,caracteristica_11290,caracteristica_11291,caracteristica_11292,caracteristica_11293,caracteristica_11294,caracteristica_11295,caracteristica_11296,caracteristica_11297,caracteristica_11298,caracteristica_11299,caracteristica_11300,caracteristica_11301,caracteristica_11302,caracteristica_11303,caracteristica_11304,caracteristica_11305,caracteristica_11306,caracteristica_11307,caracteristica_11308,caracteristica_11309,caracteristica_11310,caracteristica_11311,caracteristica_11312,caracteristica_11313,caracteristica_11314,caracteristica_11315,caracteristica_11316,caracteristica_11317,caracteristica_11318,caracteristica_11319,caracteristica_11320,caracteristica_11321,caracteristica_11322,caracteristica_11323,caracteristica_11324,caracteristica_11325,caracteristica_11326,caracteristica_11327,caracteristica_11328,caracteristica_11329,caracteristica_11330,caracteristica_11331,caracteristica_11332,caracteristica_11333,caracteristica_11334,caracteristica_11335,caracteristica_11336,caracteristica_11337,caracteristica_11338,caracteristica_11339,caracteristica_11340,caracteristica_11341,caracteristica_11342,caracteristica_11343,caracteristica_11344,caracteristica_11345,caracteristica_11346,caracteristica_11347,caracteristica_11348,caracteristica_11349,caracteristica_11350,caracteristica_11351,caracteristica_11352,caracteristica_11353,caracteristica_11354,caracteristica_11355,caracteristica_11356,caracteristica_11357,caracteristica_11358,caracteristica_11359,caracteristica_11360,caracteristica_11361,caracteristica_11362,caracteristica_11363,caracteristica_11364,caracteristica_11365,caracteristica_11366,caracteristica_11367,caracteristica_11368,caracteristica_11369,caracteristica_11370,caracteristica_11371,caracteristica_11372,caracteristica_11373,caracteristica_11374,caracteristica_11375,caracteristica_11376,caracteristica_11377,caracteristica_11378,caracteristica_11379,caracteristica_11380,caracteristica_11381,caracteristica_11382,caracteristica_11383,caracteristica_11384,caracteristica_11385,caracteristica_11386,caracteristica_11387,caracteristica_11388,caracteristica_11389,caracteristica_11390,caracteristica_11391,caracteristica_11392,caracteristica_11393,caracteristica_11394,caracteristica_11395,caracteristica_11396,caracteristica_11397,caracteristica_11398,caracteristica_11399,caracteristica_11400,caracteristica_11401,caracteristica_11402,caracteristica_11403,caracteristica_11404,caracteristica_11405,caracteristica_11406,caracteristica_11407,caracteristica_11408,caracteristica_11409,caracteristica_11410,caracteristica_11411,caracteristica_11412,caracteristica_11413,caracteristica_11414,caracteristica_11415,caracteristica_11416,caracteristica_11417,caracteristica_11418,caracteristica_11419,caracteristica_11420,caracteristica_11421,caracteristica_11422,caracteristica_11423,caracteristica_11424,caracteristica_11425,caracteristica_11426,caracteristica_11427,caracteristica_11428,caracteristica_11429,caracteristica_11430,caracteristica_11431,caracteristica_11432,caracteristica_11433,caracteristica_11434,caracteristica_11435,caracteristica_11436,caracteristica_11437,caracteristica_11438,caracteristica_11439,caracteristica_11440,caracteristica_11441,caracteristica_11442,caracteristica_11443,caracteristica_11444,caracteristica_11445,caracteristica_11446,caracteristica_11447,caracteristica_11448,caracteristica_11449,caracteristica_11450,caracteristica_11451,caracteristica_11452,caracteristica_11453,caracteristica_11454,caracteristica_11455,caracteristica_11456,caracteristica_11457,caracteristica_11458,caracteristica_11459,caracteristica_11460,caracteristica_11461,caracteristica_11462,caracteristica_11463,caracteristica_11464,caracteristica_11465,caracteristica_11466,caracteristica_11467,caracteristica_11468,caracteristica_11469,caracteristica_11470,caracteristica_11471,caracteristica_11472,caracteristica_11473,caracteristica_11474,caracteristica_11475,caracteristica_11476,caracteristica_11477,caracteristica_11478,caracteristica_11479,caracteristica_11480,caracteristica_11481,caracteristica_11482,caracteristica_11483,caracteristica_11484,caracteristica_11485,caracteristica_11486,caracteristica_11487,caracteristica_11488,caracteristica_11489,caracteristica_11490,caracteristica_11491,caracteristica_11492,caracteristica_11493,caracteristica_11494,caracteristica_11495,caracteristica_11496,caracteristica_11497,caracteristica_11498,caracteristica_11499,caracteristica_11500,caracteristica_11501,caracteristica_11502,caracteristica_11503,caracteristica_11504,caracteristica_11505,caracteristica_11506,caracteristica_11507,caracteristica_11508,caracteristica_11509,caracteristica_11510,caracteristica_11511,caracteristica_11512,caracteristica_11513,caracteristica_11514,caracteristica_11515,caracteristica_11516,caracteristica_11517,caracteristica_11518,caracteristica_11519,caracteristica_11520,caracteristica_11521,caracteristica_11522,caracteristica_11523,caracteristica_11524,caracteristica_11525,caracteristica_11526,caracteristica_11527,caracteristica_11528,caracteristica_11529,caracteristica_11530,caracteristica_11531,caracteristica_11532,caracteristica_11533,caracteristica_11534,caracteristica_11535,caracteristica_11536,caracteristica_11537,caracteristica_11538,caracteristica_11539,caracteristica_11540,caracteristica_11541,caracteristica_11542,caracteristica_11543,caracteristica_11544,caracteristica_11545,caracteristica_11546,caracteristica_11547,caracteristica_11548,caracteristica_11549,caracteristica_11550,caracteristica_11551,caracteristica_11552,caracteristica_11553,caracteristica_11554,caracteristica_11555,caracteristica_11556,caracteristica_11557,caracteristica_11558,caracteristica_11559,caracteristica_11560,caracteristica_11561,caracteristica_11562,caracteristica_11563,caracteristica_11564,caracteristica_11565,caracteristica_11566,caracteristica_11567,caracteristica_11568,caracteristica_11569,caracteristica_11570,caracteristica_11571,caracteristica_11572,caracteristica_11573,caracteristica_11574,caracteristica_11575,caracteristica_11576,caracteristica_11577,caracteristica_11578,caracteristica_11579,caracteristica_11580,caracteristica_11581,caracteristica_11582,caracteristica_11583,caracteristica_11584,caracteristica_11585,caracteristica_11586,caracteristica_11587,caracteristica_11588,caracteristica_11589,caracteristica_11590,caracteristica_11591,caracteristica_11592,caracteristica_11593,caracteristica_11594,caracteristica_11595,caracteristica_11596,caracteristica_11597,caracteristica_11598,caracteristica_11599,caracteristica_11600,caracteristica_11601,caracteristica_11602,caracteristica_11603,caracteristica_11604,caracteristica_11605,caracteristica_11606,caracteristica_11607,caracteristica_11608,caracteristica_11609,caracteristica_11610,caracteristica_11611,caracteristica_11612,caracteristica_11613,caracteristica_11614,caracteristica_11615,caracteristica_11616,caracteristica_11617,caracteristica_11618,caracteristica_11619,caracteristica_11620,caracteristica_11621,caracteristica_11622,caracteristica_11623,caracteristica_11624,caracteristica_11625,caracteristica_11626,caracteristica_11627,caracteristica_11628,caracteristica_11629,caracteristica_11630,caracteristica_11631,caracteristica_11632,caracteristica_11633,caracteristica_11634,caracteristica_11635,caracteristica_11636,caracteristica_11637,caracteristica_11638,caracteristica_11639,caracteristica_11640,caracteristica_11641,caracteristica_11642,caracteristica_11643,caracteristica_11644,caracteristica_11645,caracteristica_11646,caracteristica_11647,caracteristica_11648,caracteristica_11649,caracteristica_11650,caracteristica_11651,caracteristica_11652,caracteristica_11653,caracteristica_11654,caracteristica_11655,caracteristica_11656,caracteristica_11657,caracteristica_11658,caracteristica_11659,caracteristica_11660,caracteristica_11661,caracteristica_11662,caracteristica_11663,caracteristica_11664,caracteristica_11665,caracteristica_11666,caracteristica_11667,caracteristica_11668,caracteristica_11669,caracteristica_11670,caracteristica_11671,caracteristica_11672,caracteristica_11673,caracteristica_11674,caracteristica_11675,caracteristica_11676,caracteristica_11677,caracteristica_11678,caracteristica_11679,caracteristica_11680,caracteristica_11681,caracteristica_11682,caracteristica_11683,caracteristica_11684,caracteristica_11685,caracteristica_11686,caracteristica_11687,caracteristica_11688,caracteristica_11689,caracteristica_11690,caracteristica_11691,caracteristica_11692,caracteristica_11693,caracteristica_11694,caracteristica_11695,caracteristica_11696,caracteristica_11697,caracteristica_11698,caracteristica_11699,caracteristica_11700,caracteristica_11701,caracteristica_11702,caracteristica_11703,caracteristica_11704,caracteristica_11705,caracteristica_11706,caracteristica_11707,caracteristica_11708,caracteristica_11709,caracteristica_11710,caracteristica_11711,caracteristica_11712,caracteristica_11713,caracteristica_11714,caracteristica_11715,caracteristica_11716,caracteristica_11717,caracteristica_11718,caracteristica_11719,caracteristica_11720,caracteristica_11721,caracteristica_11722,caracteristica_11723,caracteristica_11724,caracteristica_11725,caracteristica_11726,caracteristica_11727,caracteristica_11728,caracteristica_11729,caracteristica_11730,caracteristica_11731,caracteristica_11732,caracteristica_11733,caracteristica_11734,caracteristica_11735,caracteristica_11736,caracteristica_11737,caracteristica_11738,caracteristica_11739,caracteristica_11740,caracteristica_11741,caracteristica_11742,caracteristica_11743,caracteristica_11744,caracteristica_11745,caracteristica_11746,caracteristica_11747,caracteristica_11748,caracteristica_11749,caracteristica_11750,caracteristica_11751,caracteristica_11752,caracteristica_11753,caracteristica_11754,caracteristica_11755,caracteristica_11756,caracteristica_11757,caracteristica_11758,caracteristica_11759,caracteristica_11760,caracteristica_11761,caracteristica_11762,caracteristica_11763,caracteristica_11764,caracteristica_11765,caracteristica_11766,caracteristica_11767,caracteristica_11768,caracteristica_11769,caracteristica_11770,caracteristica_11771,caracteristica_11772,caracteristica_11773,caracteristica_11774,caracteristica_11775,caracteristica_11776,caracteristica_11777,caracteristica_11778,caracteristica_11779,caracteristica_11780,caracteristica_11781,caracteristica_11782,caracteristica_11783,caracteristica_11784,caracteristica_11785,caracteristica_11786,caracteristica_11787,caracteristica_11788,caracteristica_11789,caracteristica_11790,caracteristica_11791,caracteristica_11792,caracteristica_11793,caracteristica_11794,caracteristica_11795,caracteristica_11796,caracteristica_11797,caracteristica_11798,caracteristica_11799,caracteristica_11800,caracteristica_11801,caracteristica_11802,caracteristica_11803,caracteristica_11804,caracteristica_11805,caracteristica_11806,caracteristica_11807,caracteristica_11808,caracteristica_11809,caracteristica_11810,caracteristica_11811,caracteristica_11812,caracteristica_11813,caracteristica_11814,caracteristica_11815,caracteristica_11816,caracteristica_11817,caracteristica_11818,caracteristica_11819,caracteristica_11820,caracteristica_11821,caracteristica_11822,caracteristica_11823,caracteristica_11824,caracteristica_11825,caracteristica_11826,caracteristica_11827,caracteristica_11828,caracteristica_11829,caracteristica_11830,caracteristica_11831,caracteristica_11832,caracteristica_11833,caracteristica_11834,caracteristica_11835,caracteristica_11836,caracteristica_11837,caracteristica_11838,caracteristica_11839,caracteristica_11840,caracteristica_11841,caracteristica_11842,caracteristica_11843,caracteristica_11844,caracteristica_11845,caracteristica_11846,caracteristica_11847,caracteristica_11848,caracteristica_11849,caracteristica_11850,caracteristica_11851,caracteristica_11852,caracteristica_11853,caracteristica_11854,caracteristica_11855,caracteristica_11856,caracteristica_11857,caracteristica_11858,caracteristica_11859,caracteristica_11860,caracteristica_11861,caracteristica_11862,caracteristica_11863,caracteristica_11864,caracteristica_11865,caracteristica_11866,caracteristica_11867,caracteristica_11868,caracteristica_11869,caracteristica_11870,caracteristica_11871,caracteristica_11872,caracteristica_11873,caracteristica_11874,caracteristica_11875,caracteristica_11876,caracteristica_11877,caracteristica_11878,caracteristica_11879,caracteristica_11880,caracteristica_11881,caracteristica_11882,caracteristica_11883,caracteristica_11884,caracteristica_11885,caracteristica_11886,caracteristica_11887,caracteristica_11888,caracteristica_11889,caracteristica_11890,caracteristica_11891,caracteristica_11892,caracteristica_11893,caracteristica_11894,caracteristica_11895,caracteristica_11896,caracteristica_11897,caracteristica_11898,caracteristica_11899,caracteristica_11900,caracteristica_11901,caracteristica_11902,caracteristica_11903,caracteristica_11904,caracteristica_11905,caracteristica_11906,caracteristica_11907,caracteristica_11908,caracteristica_11909,caracteristica_11910,caracteristica_11911,caracteristica_11912,caracteristica_11913,caracteristica_11914,caracteristica_11915,caracteristica_11916,caracteristica_11917,caracteristica_11918,caracteristica_11919,caracteristica_11920,caracteristica_11921,caracteristica_11922,caracteristica_11923,caracteristica_11924,caracteristica_11925,caracteristica_11926,caracteristica_11927,caracteristica_11928,caracteristica_11929,caracteristica_11930,caracteristica_11931,caracteristica_11932,caracteristica_11933,caracteristica_11934,caracteristica_11935,caracteristica_11936,caracteristica_11937,caracteristica_11938,caracteristica_11939,caracteristica_11940,caracteristica_11941,caracteristica_11942,caracteristica_11943,caracteristica_11944,caracteristica_11945,caracteristica_11946,caracteristica_11947,caracteristica_11948,caracteristica_11949,caracteristica_11950,caracteristica_11951,caracteristica_11952,caracteristica_11953,caracteristica_11954,caracteristica_11955,caracteristica_11956,caracteristica_11957,caracteristica_11958,caracteristica_11959,caracteristica_11960,caracteristica_11961,caracteristica_11962,caracteristica_11963,caracteristica_11964,caracteristica_11965,caracteristica_11966,caracteristica_11967,caracteristica_11968,caracteristica_11969,caracteristica_11970,caracteristica_11971,caracteristica_11972,caracteristica_11973,caracteristica_11974,caracteristica_11975,caracteristica_11976,caracteristica_11977,caracteristica_11978,caracteristica_11979,caracteristica_11980,caracteristica_11981,caracteristica_11982,caracteristica_11983,caracteristica_11984,caracteristica_11985,caracteristica_11986,caracteristica_11987,caracteristica_11988,caracteristica_11989,caracteristica_11990,caracteristica_11991,caracteristica_11992,caracteristica_11993,caracteristica_11994,caracteristica_11995,caracteristica_11996,caracteristica_11997,caracteristica_11998,caracteristica_11999,caracteristica_12000,caracteristica_12001,caracteristica_12002,caracteristica_12003,caracteristica_12004,caracteristica_12005,caracteristica_12006,caracteristica_12007,caracteristica_12008,caracteristica_12009,caracteristica_12010,caracteristica_12011,caracteristica_12012,caracteristica_12013,caracteristica_12014,caracteristica_12015,caracteristica_12016,caracteristica_12017,caracteristica_12018,caracteristica_12019,caracteristica_12020,caracteristica_12021,caracteristica_12022,caracteristica_12023,caracteristica_12024,caracteristica_12025,caracteristica_12026,caracteristica_12027,caracteristica_12028,caracteristica_12029,caracteristica_12030,caracteristica_12031,caracteristica_12032,caracteristica_12033,caracteristica_12034,caracteristica_12035,caracteristica_12036,caracteristica_12037,caracteristica_12038,caracteristica_12039,caracteristica_12040,caracteristica_12041,caracteristica_12042,caracteristica_12043,caracteristica_12044,caracteristica_12045,caracteristica_12046,caracteristica_12047,caracteristica_12048,caracteristica_12049,caracteristica_12050,caracteristica_12051,caracteristica_12052,caracteristica_12053,caracteristica_12054,caracteristica_12055,caracteristica_12056,caracteristica_12057,caracteristica_12058,caracteristica_12059,caracteristica_12060,caracteristica_12061,caracteristica_12062,caracteristica_12063,caracteristica_12064,caracteristica_12065,caracteristica_12066,caracteristica_12067,caracteristica_12068,caracteristica_12069,caracteristica_12070,caracteristica_12071,caracteristica_12072,caracteristica_12073,caracteristica_12074,caracteristica_12075,caracteristica_12076,caracteristica_12077,caracteristica_12078,caracteristica_12079,caracteristica_12080,caracteristica_12081,caracteristica_12082,caracteristica_12083,caracteristica_12084,caracteristica_12085,caracteristica_12086,caracteristica_12087,caracteristica_12088,caracteristica_12089,caracteristica_12090,caracteristica_12091,caracteristica_12092,caracteristica_12093,caracteristica_12094,caracteristica_12095,caracteristica_12096,caracteristica_12097,caracteristica_12098,caracteristica_12099,caracteristica_12100,caracteristica_12101,caracteristica_12102,caracteristica_12103,caracteristica_12104,caracteristica_12105,caracteristica_12106,caracteristica_12107,caracteristica_12108,caracteristica_12109,caracteristica_12110,caracteristica_12111,caracteristica_12112,caracteristica_12113,caracteristica_12114,caracteristica_12115,caracteristica_12116,caracteristica_12117,caracteristica_12118,caracteristica_12119,caracteristica_12120,caracteristica_12121,caracteristica_12122,caracteristica_12123,caracteristica_12124,caracteristica_12125,caracteristica_12126,caracteristica_12127,caracteristica_12128,caracteristica_12129,caracteristica_12130,caracteristica_12131,caracteristica_12132,caracteristica_12133,caracteristica_12134,caracteristica_12135,caracteristica_12136,caracteristica_12137,caracteristica_12138,caracteristica_12139,caracteristica_12140,caracteristica_12141,caracteristica_12142,caracteristica_12143,caracteristica_12144,caracteristica_12145,caracteristica_12146,caracteristica_12147,caracteristica_12148,caracteristica_12149,caracteristica_12150,caracteristica_12151,caracteristica_12152,caracteristica_12153,caracteristica_12154,caracteristica_12155,caracteristica_12156,caracteristica_12157,caracteristica_12158,caracteristica_12159,caracteristica_12160,caracteristica_12161,caracteristica_12162,caracteristica_12163,caracteristica_12164,caracteristica_12165,caracteristica_12166,caracteristica_12167,caracteristica_12168,caracteristica_12169,caracteristica_12170,caracteristica_12171,caracteristica_12172,caracteristica_12173,caracteristica_12174,caracteristica_12175,caracteristica_12176,caracteristica_12177,caracteristica_12178,caracteristica_12179,caracteristica_12180,caracteristica_12181,caracteristica_12182,caracteristica_12183,caracteristica_12184,caracteristica_12185,caracteristica_12186,caracteristica_12187,caracteristica_12188,caracteristica_12189,caracteristica_12190,caracteristica_12191,caracteristica_12192,caracteristica_12193,caracteristica_12194,caracteristica_12195,caracteristica_12196,caracteristica_12197,caracteristica_12198,caracteristica_12199,caracteristica_12200,caracteristica_12201,caracteristica_12202,caracteristica_12203,caracteristica_12204,caracteristica_12205,caracteristica_12206,caracteristica_12207,caracteristica_12208,caracteristica_12209,caracteristica_12210,caracteristica_12211,caracteristica_12212,caracteristica_12213,caracteristica_12214,caracteristica_12215,caracteristica_12216,caracteristica_12217,caracteristica_12218,caracteristica_12219,caracteristica_12220,caracteristica_12221,caracteristica_12222,caracteristica_12223,caracteristica_12224,caracteristica_12225,caracteristica_12226,caracteristica_12227,caracteristica_12228,caracteristica_12229,caracteristica_12230,caracteristica_12231,caracteristica_12232,caracteristica_12233,caracteristica_12234,caracteristica_12235,caracteristica_12236,caracteristica_12237,caracteristica_12238,caracteristica_12239,caracteristica_12240,caracteristica_12241,caracteristica_12242,caracteristica_12243,caracteristica_12244,caracteristica_12245,caracteristica_12246,caracteristica_12247,caracteristica_12248,caracteristica_12249,caracteristica_12250,caracteristica_12251,caracteristica_12252,caracteristica_12253,caracteristica_12254,caracteristica_12255,caracteristica_12256,caracteristica_12257,caracteristica_12258,caracteristica_12259,caracteristica_12260,caracteristica_12261,caracteristica_12262,caracteristica_12263,caracteristica_12264,caracteristica_12265,caracteristica_12266,caracteristica_12267,caracteristica_12268,caracteristica_12269,caracteristica_12270,caracteristica_12271,caracteristica_12272,caracteristica_12273,caracteristica_12274,caracteristica_12275,caracteristica_12276,caracteristica_12277,caracteristica_12278,caracteristica_12279,caracteristica_12280,caracteristica_12281,caracteristica_12282,caracteristica_12283,caracteristica_12284,caracteristica_12285,caracteristica_12286,caracteristica_12287,caracteristica_12288,caracteristica_12289,caracteristica_12290,caracteristica_12291,caracteristica_12292,caracteristica_12293,caracteristica_12294,caracteristica_12295,caracteristica_12296,caracteristica_12297,caracteristica_12298,caracteristica_12299,caracteristica_12300,caracteristica_12301,caracteristica_12302,caracteristica_12303,caracteristica_12304,caracteristica_12305,caracteristica_12306,caracteristica_12307,caracteristica_12308,caracteristica_12309,caracteristica_12310,caracteristica_12311,caracteristica_12312,caracteristica_12313,caracteristica_12314,caracteristica_12315,caracteristica_12316,caracteristica_12317,caracteristica_12318,caracteristica_12319,caracteristica_12320,caracteristica_12321,caracteristica_12322,caracteristica_12323,caracteristica_12324,caracteristica_12325,caracteristica_12326,caracteristica_12327,caracteristica_12328,caracteristica_12329,caracteristica_12330,caracteristica_12331,caracteristica_12332,caracteristica_12333,caracteristica_12334,caracteristica_12335,caracteristica_12336,caracteristica_12337,caracteristica_12338,caracteristica_12339,caracteristica_12340,caracteristica_12341,caracteristica_12342,caracteristica_12343,caracteristica_12344,caracteristica_12345,caracteristica_12346,caracteristica_12347,caracteristica_12348,caracteristica_12349,caracteristica_12350,caracteristica_12351,caracteristica_12352,caracteristica_12353,caracteristica_12354,caracteristica_12355,caracteristica_12356,caracteristica_12357,caracteristica_12358,caracteristica_12359,caracteristica_12360,caracteristica_12361,caracteristica_12362,caracteristica_12363,caracteristica_12364,caracteristica_12365,caracteristica_12366,caracteristica_12367,caracteristica_12368,caracteristica_12369,caracteristica_12370,caracteristica_12371,caracteristica_12372,caracteristica_12373,caracteristica_12374,caracteristica_12375,caracteristica_12376,caracteristica_12377,caracteristica_12378,caracteristica_12379,caracteristica_12380,caracteristica_12381,caracteristica_12382,caracteristica_12383,caracteristica_12384,caracteristica_12385,caracteristica_12386,caracteristica_12387,caracteristica_12388,caracteristica_12389,caracteristica_12390,caracteristica_12391,caracteristica_12392,caracteristica_12393,caracteristica_12394,caracteristica_12395,caracteristica_12396,caracteristica_12397,caracteristica_12398,caracteristica_12399,caracteristica_12400,caracteristica_12401,caracteristica_12402,caracteristica_12403,caracteristica_12404,caracteristica_12405,caracteristica_12406,caracteristica_12407,caracteristica_12408,caracteristica_12409,caracteristica_12410,caracteristica_12411,caracteristica_12412,caracteristica_12413,caracteristica_12414,caracteristica_12415,caracteristica_12416,caracteristica_12417,caracteristica_12418,caracteristica_12419,caracteristica_12420,caracteristica_12421,caracteristica_12422,caracteristica_12423,caracteristica_12424,caracteristica_12425,caracteristica_12426,caracteristica_12427,caracteristica_12428,caracteristica_12429,caracteristica_12430,caracteristica_12431,caracteristica_12432,caracteristica_12433,caracteristica_12434,caracteristica_12435,caracteristica_12436,caracteristica_12437,caracteristica_12438,caracteristica_12439,caracteristica_12440,caracteristica_12441,caracteristica_12442,caracteristica_12443,caracteristica_12444,caracteristica_12445,caracteristica_12446,caracteristica_12447,caracteristica_12448,caracteristica_12449,caracteristica_12450,caracteristica_12451,caracteristica_12452,caracteristica_12453,caracteristica_12454,caracteristica_12455,caracteristica_12456,caracteristica_12457,caracteristica_12458,caracteristica_12459,caracteristica_12460,caracteristica_12461,caracteristica_12462,caracteristica_12463,caracteristica_12464,caracteristica_12465,caracteristica_12466,caracteristica_12467,caracteristica_12468,caracteristica_12469,caracteristica_12470,caracteristica_12471,caracteristica_12472,caracteristica_12473,caracteristica_12474,caracteristica_12475,caracteristica_12476,caracteristica_12477,caracteristica_12478,caracteristica_12479,caracteristica_12480,caracteristica_12481,caracteristica_12482,caracteristica_12483,caracteristica_12484,caracteristica_12485,caracteristica_12486,caracteristica_12487,caracteristica_12488,caracteristica_12489,caracteristica_12490,caracteristica_12491,caracteristica_12492,caracteristica_12493,caracteristica_12494,caracteristica_12495,caracteristica_12496,caracteristica_12497,caracteristica_12498,caracteristica_12499,caracteristica_12500,caracteristica_12501,caracteristica_12502,caracteristica_12503,caracteristica_12504,caracteristica_12505,caracteristica_12506,caracteristica_12507,caracteristica_12508,caracteristica_12509,caracteristica_12510,caracteristica_12511,caracteristica_12512,caracteristica_12513,caracteristica_12514,caracteristica_12515,caracteristica_12516,caracteristica_12517,caracteristica_12518,caracteristica_12519,caracteristica_12520,caracteristica_12521,caracteristica_12522,caracteristica_12523,caracteristica_12524,caracteristica_12525,caracteristica_12526,caracteristica_12527,caracteristica_12528,caracteristica_12529,caracteristica_12530,caracteristica_12531,caracteristica_12532,caracteristica_12533,caracteristica_12534,caracteristica_12535,caracteristica_12536,caracteristica_12537,caracteristica_12538,caracteristica_12539,caracteristica_12540,caracteristica_12541,caracteristica_12542,caracteristica_12543,caracteristica_12544,caracteristica_12545,caracteristica_12546,caracteristica_12547,caracteristica_12548,caracteristica_12549,caracteristica_12550,caracteristica_12551,caracteristica_12552,caracteristica_12553,caracteristica_12554,caracteristica_12555,caracteristica_12556,caracteristica_12557,caracteristica_12558,caracteristica_12559,caracteristica_12560,caracteristica_12561,caracteristica_12562,caracteristica_12563,caracteristica_12564,caracteristica_12565,caracteristica_12566,caracteristica_12567,caracteristica_12568,caracteristica_12569,caracteristica_12570,caracteristica_12571,caracteristica_12572,caracteristica_12573,caracteristica_12574,caracteristica_12575,caracteristica_12576,caracteristica_12577,caracteristica_12578,caracteristica_12579,caracteristica_12580,caracteristica_12581,caracteristica_12582,caracteristica_12583,caracteristica_12584,caracteristica_12585,caracteristica_12586,caracteristica_12587,caracteristica_12588,caracteristica_12589,caracteristica_12590,caracteristica_12591,caracteristica_12592,caracteristica_12593,caracteristica_12594,caracteristica_12595,caracteristica_12596,caracteristica_12597,caracteristica_12598,caracteristica_12599,caracteristica_12600,caracteristica_12601,caracteristica_12602,caracteristica_12603,caracteristica_12604,caracteristica_12605,caracteristica_12606,caracteristica_12607,caracteristica_12608,caracteristica_12609,caracteristica_12610,caracteristica_12611,caracteristica_12612,caracteristica_12613,caracteristica_12614,caracteristica_12615,caracteristica_12616,caracteristica_12617,caracteristica_12618,caracteristica_12619,caracteristica_12620,caracteristica_12621,caracteristica_12622,caracteristica_12623,caracteristica_12624,caracteristica_12625,caracteristica_12626,caracteristica_12627,caracteristica_12628,caracteristica_12629,caracteristica_12630,caracteristica_12631,caracteristica_12632,caracteristica_12633,caracteristica_12634,caracteristica_12635,caracteristica_12636,caracteristica_12637,caracteristica_12638,caracteristica_12639,caracteristica_12640,caracteristica_12641,caracteristica_12642,caracteristica_12643,caracteristica_12644,caracteristica_12645,caracteristica_12646,caracteristica_12647,caracteristica_12648,caracteristica_12649,caracteristica_12650,caracteristica_12651,caracteristica_12652,caracteristica_12653,caracteristica_12654,caracteristica_12655,caracteristica_12656,caracteristica_12657,caracteristica_12658,caracteristica_12659,caracteristica_12660,caracteristica_12661,caracteristica_12662,caracteristica_12663,caracteristica_12664,caracteristica_12665,caracteristica_12666,caracteristica_12667,caracteristica_12668,caracteristica_12669,caracteristica_12670,caracteristica_12671,caracteristica_12672,caracteristica_12673,caracteristica_12674,caracteristica_12675,caracteristica_12676,caracteristica_12677,caracteristica_12678,caracteristica_12679,caracteristica_12680,caracteristica_12681,caracteristica_12682,caracteristica_12683,caracteristica_12684,caracteristica_12685,caracteristica_12686,caracteristica_12687,caracteristica_12688,caracteristica_12689,caracteristica_12690,caracteristica_12691,caracteristica_12692,caracteristica_12693,caracteristica_12694,caracteristica_12695,caracteristica_12696,caracteristica_12697,caracteristica_12698,caracteristica_12699,caracteristica_12700,caracteristica_12701,caracteristica_12702,caracteristica_12703,caracteristica_12704,caracteristica_12705,caracteristica_12706,caracteristica_12707,caracteristica_12708,caracteristica_12709,caracteristica_12710,caracteristica_12711,caracteristica_12712,caracteristica_12713,caracteristica_12714,caracteristica_12715,caracteristica_12716,caracteristica_12717,caracteristica_12718,caracteristica_12719,caracteristica_12720,caracteristica_12721,caracteristica_12722,caracteristica_12723,caracteristica_12724,caracteristica_12725,caracteristica_12726,caracteristica_12727,caracteristica_12728,caracteristica_12729,caracteristica_12730,caracteristica_12731,caracteristica_12732,caracteristica_12733,caracteristica_12734,caracteristica_12735,caracteristica_12736,caracteristica_12737,caracteristica_12738,caracteristica_12739,caracteristica_12740,caracteristica_12741,caracteristica_12742,caracteristica_12743,caracteristica_12744,caracteristica_12745,caracteristica_12746,caracteristica_12747,caracteristica_12748,caracteristica_12749,caracteristica_12750,caracteristica_12751,caracteristica_12752,caracteristica_12753,caracteristica_12754,caracteristica_12755,caracteristica_12756,caracteristica_12757,caracteristica_12758,caracteristica_12759,caracteristica_12760,caracteristica_12761,caracteristica_12762,caracteristica_12763,caracteristica_12764,caracteristica_12765,caracteristica_12766,caracteristica_12767,caracteristica_12768,caracteristica_12769,caracteristica_12770,caracteristica_12771,caracteristica_12772,caracteristica_12773,caracteristica_12774,caracteristica_12775,caracteristica_12776,caracteristica_12777,caracteristica_12778,caracteristica_12779,caracteristica_12780,caracteristica_12781,caracteristica_12782,caracteristica_12783,caracteristica_12784,caracteristica_12785,caracteristica_12786,caracteristica_12787,caracteristica_12788,caracteristica_12789,caracteristica_12790,caracteristica_12791,caracteristica_12792,caracteristica_12793,caracteristica_12794,caracteristica_12795,caracteristica_12796,caracteristica_12797,caracteristica_12798,caracteristica_12799,caracteristica_12800,caracteristica_12801,caracteristica_12802,caracteristica_12803,caracteristica_12804,caracteristica_12805,caracteristica_12806,caracteristica_12807,caracteristica_12808,caracteristica_12809,caracteristica_12810,caracteristica_12811,caracteristica_12812,caracteristica_12813,caracteristica_12814,caracteristica_12815,caracteristica_12816,caracteristica_12817,caracteristica_12818,caracteristica_12819,caracteristica_12820,caracteristica_12821,caracteristica_12822,caracteristica_12823,caracteristica_12824,caracteristica_12825,caracteristica_12826,caracteristica_12827,caracteristica_12828,caracteristica_12829,caracteristica_12830,caracteristica_12831,caracteristica_12832,caracteristica_12833,caracteristica_12834,caracteristica_12835,caracteristica_12836,caracteristica_12837,caracteristica_12838,caracteristica_12839,caracteristica_12840,caracteristica_12841,caracteristica_12842,caracteristica_12843,caracteristica_12844,caracteristica_12845,caracteristica_12846,caracteristica_12847,caracteristica_12848,caracteristica_12849,caracteristica_12850,caracteristica_12851,caracteristica_12852,caracteristica_12853,caracteristica_12854,caracteristica_12855,caracteristica_12856,caracteristica_12857,caracteristica_12858,caracteristica_12859,caracteristica_12860,caracteristica_12861,caracteristica_12862,caracteristica_12863,caracteristica_12864,caracteristica_12865,caracteristica_12866,caracteristica_12867,caracteristica_12868,caracteristica_12869,caracteristica_12870,caracteristica_12871,caracteristica_12872,caracteristica_12873,caracteristica_12874,caracteristica_12875,caracteristica_12876,caracteristica_12877,caracteristica_12878,caracteristica_12879,caracteristica_12880,caracteristica_12881,caracteristica_12882,caracteristica_12883,caracteristica_12884,caracteristica_12885,caracteristica_12886,caracteristica_12887,caracteristica_12888,caracteristica_12889,caracteristica_12890,caracteristica_12891,caracteristica_12892,caracteristica_12893,caracteristica_12894,caracteristica_12895,caracteristica_12896,caracteristica_12897,caracteristica_12898,caracteristica_12899,caracteristica_12900,caracteristica_12901,caracteristica_12902,caracteristica_12903,caracteristica_12904,caracteristica_12905,caracteristica_12906,caracteristica_12907,caracteristica_12908,caracteristica_12909,caracteristica_12910,caracteristica_12911,caracteristica_12912,caracteristica_12913,caracteristica_12914,caracteristica_12915,caracteristica_12916,caracteristica_12917,caracteristica_12918,caracteristica_12919,caracteristica_12920,caracteristica_12921,caracteristica_12922,caracteristica_12923,caracteristica_12924,caracteristica_12925,caracteristica_12926,caracteristica_12927,caracteristica_12928,caracteristica_12929,caracteristica_12930,caracteristica_12931,caracteristica_12932,caracteristica_12933,caracteristica_12934,caracteristica_12935,caracteristica_12936,caracteristica_12937,caracteristica_12938,caracteristica_12939,caracteristica_12940,caracteristica_12941,caracteristica_12942,caracteristica_12943,caracteristica_12944,caracteristica_12945,caracteristica_12946,caracteristica_12947,caracteristica_12948,caracteristica_12949,caracteristica_12950,caracteristica_12951,caracteristica_12952,caracteristica_12953,caracteristica_12954,caracteristica_12955,caracteristica_12956,caracteristica_12957,caracteristica_12958,caracteristica_12959,caracteristica_12960,caracteristica_12961,caracteristica_12962,caracteristica_12963,caracteristica_12964,caracteristica_12965,caracteristica_12966,caracteristica_12967,caracteristica_12968,caracteristica_12969,caracteristica_12970,caracteristica_12971,caracteristica_12972,caracteristica_12973,caracteristica_12974,caracteristica_12975,caracteristica_12976,caracteristica_12977,caracteristica_12978,caracteristica_12979,caracteristica_12980,caracteristica_12981,caracteristica_12982,caracteristica_12983,caracteristica_12984,caracteristica_12985,caracteristica_12986,caracteristica_12987,caracteristica_12988,caracteristica_12989,caracteristica_12990,caracteristica_12991,caracteristica_12992,caracteristica_12993,caracteristica_12994,caracteristica_12995,caracteristica_12996,caracteristica_12997,caracteristica_12998,caracteristica_12999,caracteristica_13000,caracteristica_13001,caracteristica_13002,caracteristica_13003,caracteristica_13004,caracteristica_13005,caracteristica_13006,caracteristica_13007,caracteristica_13008,caracteristica_13009,caracteristica_13010,caracteristica_13011,caracteristica_13012,caracteristica_13013,caracteristica_13014,caracteristica_13015,caracteristica_13016,caracteristica_13017,caracteristica_13018,caracteristica_13019,caracteristica_13020,caracteristica_13021,caracteristica_13022,caracteristica_13023,caracteristica_13024,caracteristica_13025,caracteristica_13026,caracteristica_13027,caracteristica_13028,caracteristica_13029,caracteristica_13030,caracteristica_13031,caracteristica_13032,caracteristica_13033,caracteristica_13034,caracteristica_13035,caracteristica_13036,caracteristica_13037,caracteristica_13038,caracteristica_13039,caracteristica_13040,caracteristica_13041,caracteristica_13042,caracteristica_13043,caracteristica_13044,caracteristica_13045,caracteristica_13046,caracteristica_13047,caracteristica_13048,caracteristica_13049,caracteristica_13050,caracteristica_13051,caracteristica_13052,caracteristica_13053,caracteristica_13054,caracteristica_13055,caracteristica_13056,caracteristica_13057,caracteristica_13058,caracteristica_13059,caracteristica_13060,caracteristica_13061,caracteristica_13062,caracteristica_13063,caracteristica_13064,caracteristica_13065,caracteristica_13066,caracteristica_13067,caracteristica_13068,caracteristica_13069,caracteristica_13070,caracteristica_13071,caracteristica_13072,caracteristica_13073,caracteristica_13074,caracteristica_13075,caracteristica_13076,caracteristica_13077,caracteristica_13078,caracteristica_13079,caracteristica_13080,caracteristica_13081,caracteristica_13082,caracteristica_13083,caracteristica_13084,caracteristica_13085,caracteristica_13086,caracteristica_13087,caracteristica_13088,caracteristica_13089,caracteristica_13090,caracteristica_13091,caracteristica_13092,caracteristica_13093,caracteristica_13094,caracteristica_13095,caracteristica_13096,caracteristica_13097,caracteristica_13098,caracteristica_13099,caracteristica_13100,caracteristica_13101,caracteristica_13102,caracteristica_13103,caracteristica_13104,caracteristica_13105,caracteristica_13106,caracteristica_13107,caracteristica_13108,caracteristica_13109,caracteristica_13110,caracteristica_13111,caracteristica_13112,caracteristica_13113,caracteristica_13114,caracteristica_13115,caracteristica_13116,caracteristica_13117,caracteristica_13118,caracteristica_13119,caracteristica_13120,caracteristica_13121,caracteristica_13122,caracteristica_13123,caracteristica_13124,caracteristica_13125,caracteristica_13126,caracteristica_13127,caracteristica_13128,caracteristica_13129,caracteristica_13130,caracteristica_13131,caracteristica_13132,caracteristica_13133,caracteristica_13134,caracteristica_13135,caracteristica_13136,caracteristica_13137,caracteristica_13138,caracteristica_13139,caracteristica_13140,caracteristica_13141,caracteristica_13142,caracteristica_13143,caracteristica_13144,caracteristica_13145,caracteristica_13146,caracteristica_13147,caracteristica_13148,caracteristica_13149,caracteristica_13150,caracteristica_13151,caracteristica_13152,caracteristica_13153,caracteristica_13154,caracteristica_13155,caracteristica_13156,caracteristica_13157,caracteristica_13158,caracteristica_13159,caracteristica_13160,caracteristica_13161,caracteristica_13162,caracteristica_13163,caracteristica_13164,caracteristica_13165,caracteristica_13166,caracteristica_13167,caracteristica_13168,caracteristica_13169,caracteristica_13170,caracteristica_13171,caracteristica_13172,caracteristica_13173,caracteristica_13174,caracteristica_13175,caracteristica_13176,caracteristica_13177,caracteristica_13178,caracteristica_13179,caracteristica_13180,caracteristica_13181,caracteristica_13182,caracteristica_13183,caracteristica_13184,caracteristica_13185,caracteristica_13186,caracteristica_13187,caracteristica_13188,caracteristica_13189,caracteristica_13190,caracteristica_13191,caracteristica_13192,caracteristica_13193,caracteristica_13194,caracteristica_13195,caracteristica_13196,caracteristica_13197,caracteristica_13198,caracteristica_13199,caracteristica_13200,caracteristica_13201,caracteristica_13202,caracteristica_13203,caracteristica_13204,caracteristica_13205,caracteristica_13206,caracteristica_13207,caracteristica_13208,caracteristica_13209,caracteristica_13210,caracteristica_13211,caracteristica_13212,caracteristica_13213,caracteristica_13214,caracteristica_13215,caracteristica_13216,caracteristica_13217,caracteristica_13218,caracteristica_13219,caracteristica_13220,caracteristica_13221,caracteristica_13222,caracteristica_13223,caracteristica_13224,caracteristica_13225,caracteristica_13226,caracteristica_13227,caracteristica_13228,caracteristica_13229,caracteristica_13230,caracteristica_13231,caracteristica_13232,caracteristica_13233,caracteristica_13234,caracteristica_13235,caracteristica_13236,caracteristica_13237,caracteristica_13238,caracteristica_13239,caracteristica_13240,caracteristica_13241,caracteristica_13242,caracteristica_13243,caracteristica_13244,caracteristica_13245,caracteristica_13246,caracteristica_13247,caracteristica_13248,caracteristica_13249,caracteristica_13250,caracteristica_13251,caracteristica_13252,caracteristica_13253,caracteristica_13254,caracteristica_13255,caracteristica_13256,caracteristica_13257,caracteristica_13258,caracteristica_13259,caracteristica_13260,caracteristica_13261,caracteristica_13262,caracteristica_13263,caracteristica_13264,caracteristica_13265,caracteristica_13266,caracteristica_13267,caracteristica_13268,caracteristica_13269,caracteristica_13270,caracteristica_13271,caracteristica_13272,caracteristica_13273,caracteristica_13274,caracteristica_13275,caracteristica_13276,caracteristica_13277,caracteristica_13278,caracteristica_13279,caracteristica_13280,caracteristica_13281,caracteristica_13282,caracteristica_13283,caracteristica_13284,caracteristica_13285,caracteristica_13286,caracteristica_13287,caracteristica_13288,caracteristica_13289,caracteristica_13290,caracteristica_13291,caracteristica_13292,caracteristica_13293,caracteristica_13294,caracteristica_13295,caracteristica_13296,caracteristica_13297,caracteristica_13298,caracteristica_13299,caracteristica_13300,caracteristica_13301,caracteristica_13302,caracteristica_13303,caracteristica_13304,caracteristica_13305,caracteristica_13306,caracteristica_13307,caracteristica_13308,caracteristica_13309,caracteristica_13310,caracteristica_13311,caracteristica_13312,caracteristica_13313,caracteristica_13314,caracteristica_13315,caracteristica_13316,caracteristica_13317,caracteristica_13318,caracteristica_13319,caracteristica_13320,caracteristica_13321,caracteristica_13322,caracteristica_13323,caracteristica_13324,caracteristica_13325,caracteristica_13326,caracteristica_13327,caracteristica_13328,caracteristica_13329,caracteristica_13330,caracteristica_13331,caracteristica_13332,caracteristica_13333,caracteristica_13334,caracteristica_13335,caracteristica_13336,caracteristica_13337,caracteristica_13338,caracteristica_13339,caracteristica_13340,caracteristica_13341,caracteristica_13342,caracteristica_13343,caracteristica_13344,caracteristica_13345,caracteristica_13346,caracteristica_13347,caracteristica_13348,caracteristica_13349,caracteristica_13350,caracteristica_13351,caracteristica_13352,caracteristica_13353,caracteristica_13354,caracteristica_13355,caracteristica_13356,caracteristica_13357,caracteristica_13358,caracteristica_13359,caracteristica_13360,caracteristica_13361,caracteristica_13362,caracteristica_13363,caracteristica_13364,caracteristica_13365,caracteristica_13366,caracteristica_13367,caracteristica_13368,caracteristica_13369,caracteristica_13370,caracteristica_13371,caracteristica_13372,caracteristica_13373,caracteristica_13374,caracteristica_13375,caracteristica_13376,caracteristica_13377,caracteristica_13378,caracteristica_13379,caracteristica_13380,caracteristica_13381,caracteristica_13382,caracteristica_13383,caracteristica_13384,caracteristica_13385,caracteristica_13386,caracteristica_13387,caracteristica_13388,caracteristica_13389,caracteristica_13390,caracteristica_13391,caracteristica_13392,caracteristica_13393,caracteristica_13394,caracteristica_13395,caracteristica_13396,caracteristica_13397,caracteristica_13398,caracteristica_13399,caracteristica_13400,caracteristica_13401,caracteristica_13402,caracteristica_13403,caracteristica_13404,caracteristica_13405,caracteristica_13406,caracteristica_13407,caracteristica_13408,caracteristica_13409,caracteristica_13410,caracteristica_13411,caracteristica_13412,caracteristica_13413,caracteristica_13414,caracteristica_13415,caracteristica_13416,caracteristica_13417,caracteristica_13418,caracteristica_13419,caracteristica_13420,caracteristica_13421,caracteristica_13422,caracteristica_13423,caracteristica_13424,caracteristica_13425,caracteristica_13426,caracteristica_13427,caracteristica_13428,caracteristica_13429,caracteristica_13430,caracteristica_13431,caracteristica_13432,caracteristica_13433,caracteristica_13434,caracteristica_13435,caracteristica_13436,caracteristica_13437,caracteristica_13438,caracteristica_13439,caracteristica_13440,caracteristica_13441,caracteristica_13442,caracteristica_13443,caracteristica_13444,caracteristica_13445,caracteristica_13446,caracteristica_13447,caracteristica_13448,caracteristica_13449,caracteristica_13450,caracteristica_13451,caracteristica_13452,caracteristica_13453,caracteristica_13454,caracteristica_13455,caracteristica_13456,caracteristica_13457,caracteristica_13458,caracteristica_13459,caracteristica_13460,caracteristica_13461,caracteristica_13462,caracteristica_13463,caracteristica_13464,caracteristica_13465,caracteristica_13466,caracteristica_13467,caracteristica_13468,caracteristica_13469,caracteristica_13470,caracteristica_13471,caracteristica_13472,caracteristica_13473,caracteristica_13474,caracteristica_13475,caracteristica_13476,caracteristica_13477,caracteristica_13478,caracteristica_13479,caracteristica_13480,caracteristica_13481,caracteristica_13482,caracteristica_13483,caracteristica_13484,caracteristica_13485,caracteristica_13486,caracteristica_13487,caracteristica_13488,caracteristica_13489,caracteristica_13490,caracteristica_13491,caracteristica_13492,caracteristica_13493,caracteristica_13494,caracteristica_13495,caracteristica_13496,caracteristica_13497,caracteristica_13498,caracteristica_13499,caracteristica_13500,caracteristica_13501,caracteristica_13502,caracteristica_13503,caracteristica_13504,caracteristica_13505,caracteristica_13506,caracteristica_13507,caracteristica_13508,caracteristica_13509,caracteristica_13510,caracteristica_13511,caracteristica_13512,caracteristica_13513,caracteristica_13514,caracteristica_13515,caracteristica_13516,caracteristica_13517,caracteristica_13518,caracteristica_13519,caracteristica_13520,caracteristica_13521,caracteristica_13522,caracteristica_13523,caracteristica_13524,caracteristica_13525,caracteristica_13526,caracteristica_13527,caracteristica_13528,caracteristica_13529,caracteristica_13530,caracteristica_13531,caracteristica_13532,caracteristica_13533,caracteristica_13534,caracteristica_13535,caracteristica_13536,caracteristica_13537,caracteristica_13538,caracteristica_13539,caracteristica_13540,caracteristica_13541,caracteristica_13542,caracteristica_13543,caracteristica_13544,caracteristica_13545,caracteristica_13546,caracteristica_13547,caracteristica_13548,caracteristica_13549,caracteristica_13550,caracteristica_13551,caracteristica_13552,caracteristica_13553,caracteristica_13554,caracteristica_13555,caracteristica_13556,caracteristica_13557,caracteristica_13558,caracteristica_13559,caracteristica_13560,caracteristica_13561,caracteristica_13562,caracteristica_13563,caracteristica_13564,caracteristica_13565,caracteristica_13566,caracteristica_13567,caracteristica_13568,caracteristica_13569,caracteristica_13570,caracteristica_13571,caracteristica_13572,caracteristica_13573,caracteristica_13574,caracteristica_13575,caracteristica_13576,caracteristica_13577,caracteristica_13578,caracteristica_13579,caracteristica_13580,caracteristica_13581,caracteristica_13582,caracteristica_13583,caracteristica_13584,caracteristica_13585,caracteristica_13586,caracteristica_13587,caracteristica_13588,caracteristica_13589,caracteristica_13590,caracteristica_13591,caracteristica_13592,caracteristica_13593,caracteristica_13594,caracteristica_13595,caracteristica_13596,caracteristica_13597,caracteristica_13598,caracteristica_13599,caracteristica_13600,caracteristica_13601,caracteristica_13602,caracteristica_13603,caracteristica_13604,caracteristica_13605,caracteristica_13606,caracteristica_13607,caracteristica_13608,caracteristica_13609,caracteristica_13610,caracteristica_13611,caracteristica_13612,caracteristica_13613,caracteristica_13614,caracteristica_13615,caracteristica_13616,caracteristica_13617,caracteristica_13618,caracteristica_13619,caracteristica_13620,caracteristica_13621,caracteristica_13622,caracteristica_13623,caracteristica_13624,caracteristica_13625,caracteristica_13626,caracteristica_13627,caracteristica_13628,caracteristica_13629,caracteristica_13630,caracteristica_13631,caracteristica_13632,caracteristica_13633,caracteristica_13634,caracteristica_13635,caracteristica_13636,caracteristica_13637,caracteristica_13638,caracteristica_13639,caracteristica_13640,caracteristica_13641,caracteristica_13642,caracteristica_13643,caracteristica_13644,caracteristica_13645,caracteristica_13646,caracteristica_13647,caracteristica_13648,caracteristica_13649,caracteristica_13650,caracteristica_13651,caracteristica_13652,caracteristica_13653,caracteristica_13654,caracteristica_13655,caracteristica_13656,caracteristica_13657,caracteristica_13658,caracteristica_13659,caracteristica_13660,caracteristica_13661,caracteristica_13662,caracteristica_13663,caracteristica_13664,caracteristica_13665,caracteristica_13666,caracteristica_13667,caracteristica_13668,caracteristica_13669,caracteristica_13670,caracteristica_13671,caracteristica_13672,caracteristica_13673,caracteristica_13674,caracteristica_13675,caracteristica_13676,caracteristica_13677,caracteristica_13678,caracteristica_13679,caracteristica_13680,caracteristica_13681,caracteristica_13682,caracteristica_13683,caracteristica_13684,caracteristica_13685,caracteristica_13686,caracteristica_13687,caracteristica_13688,caracteristica_13689,caracteristica_13690,caracteristica_13691,caracteristica_13692,caracteristica_13693,caracteristica_13694,caracteristica_13695,caracteristica_13696,caracteristica_13697,caracteristica_13698,caracteristica_13699,caracteristica_13700,caracteristica_13701,caracteristica_13702,caracteristica_13703,caracteristica_13704,caracteristica_13705,caracteristica_13706,caracteristica_13707,caracteristica_13708,caracteristica_13709,caracteristica_13710,caracteristica_13711,caracteristica_13712,caracteristica_13713,caracteristica_13714,caracteristica_13715,caracteristica_13716,caracteristica_13717,caracteristica_13718,caracteristica_13719,caracteristica_13720,caracteristica_13721,caracteristica_13722,caracteristica_13723,caracteristica_13724,caracteristica_13725,caracteristica_13726,caracteristica_13727,caracteristica_13728,caracteristica_13729,caracteristica_13730,caracteristica_13731,caracteristica_13732,caracteristica_13733,caracteristica_13734,caracteristica_13735,caracteristica_13736,caracteristica_13737,caracteristica_13738,caracteristica_13739,caracteristica_13740,caracteristica_13741,caracteristica_13742,caracteristica_13743,caracteristica_13744,caracteristica_13745,caracteristica_13746,caracteristica_13747,caracteristica_13748,caracteristica_13749,caracteristica_13750,caracteristica_13751,caracteristica_13752,caracteristica_13753,caracteristica_13754,caracteristica_13755,caracteristica_13756,caracteristica_13757,caracteristica_13758,caracteristica_13759,caracteristica_13760,caracteristica_13761,caracteristica_13762,caracteristica_13763,caracteristica_13764,caracteristica_13765,caracteristica_13766,caracteristica_13767,caracteristica_13768,caracteristica_13769,caracteristica_13770,caracteristica_13771,caracteristica_13772,caracteristica_13773,caracteristica_13774,caracteristica_13775,caracteristica_13776,caracteristica_13777,caracteristica_13778,caracteristica_13779,caracteristica_13780,caracteristica_13781,caracteristica_13782,caracteristica_13783,caracteristica_13784,caracteristica_13785,caracteristica_13786,caracteristica_13787,caracteristica_13788,caracteristica_13789,caracteristica_13790,caracteristica_13791,caracteristica_13792,caracteristica_13793,caracteristica_13794,caracteristica_13795,caracteristica_13796,caracteristica_13797,caracteristica_13798,caracteristica_13799,caracteristica_13800,caracteristica_13801,caracteristica_13802,caracteristica_13803,caracteristica_13804,caracteristica_13805,caracteristica_13806,caracteristica_13807,caracteristica_13808,caracteristica_13809,caracteristica_13810,caracteristica_13811,caracteristica_13812,caracteristica_13813,caracteristica_13814,caracteristica_13815,caracteristica_13816,caracteristica_13817,caracteristica_13818,caracteristica_13819,caracteristica_13820,caracteristica_13821,caracteristica_13822,caracteristica_13823,caracteristica_13824,caracteristica_13825,caracteristica_13826,caracteristica_13827,caracteristica_13828,caracteristica_13829,caracteristica_13830,caracteristica_13831,caracteristica_13832,caracteristica_13833,caracteristica_13834,caracteristica_13835,caracteristica_13836,caracteristica_13837,caracteristica_13838,caracteristica_13839,caracteristica_13840,caracteristica_13841,caracteristica_13842,caracteristica_13843,caracteristica_13844,caracteristica_13845,caracteristica_13846,caracteristica_13847,caracteristica_13848,caracteristica_13849,caracteristica_13850,caracteristica_13851,caracteristica_13852,caracteristica_13853,caracteristica_13854,caracteristica_13855,caracteristica_13856,caracteristica_13857,caracteristica_13858,caracteristica_13859,caracteristica_13860,caracteristica_13861,caracteristica_13862,caracteristica_13863,caracteristica_13864,caracteristica_13865,caracteristica_13866,caracteristica_13867,caracteristica_13868,caracteristica_13869,caracteristica_13870,caracteristica_13871,caracteristica_13872,caracteristica_13873,caracteristica_13874,caracteristica_13875,caracteristica_13876,caracteristica_13877,caracteristica_13878,caracteristica_13879,caracteristica_13880,caracteristica_13881,caracteristica_13882,caracteristica_13883,caracteristica_13884,caracteristica_13885,caracteristica_13886,caracteristica_13887,caracteristica_13888,caracteristica_13889,caracteristica_13890,caracteristica_13891,caracteristica_13892,caracteristica_13893,caracteristica_13894,caracteristica_13895,caracteristica_13896,caracteristica_13897,caracteristica_13898,caracteristica_13899,caracteristica_13900,caracteristica_13901,caracteristica_13902,caracteristica_13903,caracteristica_13904,caracteristica_13905,caracteristica_13906,caracteristica_13907,caracteristica_13908,caracteristica_13909,caracteristica_13910,caracteristica_13911,caracteristica_13912,caracteristica_13913,caracteristica_13914,caracteristica_13915,caracteristica_13916,caracteristica_13917,caracteristica_13918,caracteristica_13919,caracteristica_13920,caracteristica_13921,caracteristica_13922,caracteristica_13923,caracteristica_13924,caracteristica_13925,caracteristica_13926,caracteristica_13927,caracteristica_13928,caracteristica_13929,caracteristica_13930,caracteristica_13931,caracteristica_13932,caracteristica_13933,caracteristica_13934,caracteristica_13935,caracteristica_13936,caracteristica_13937,caracteristica_13938,caracteristica_13939,caracteristica_13940,caracteristica_13941,caracteristica_13942,caracteristica_13943,caracteristica_13944,caracteristica_13945,caracteristica_13946,caracteristica_13947,caracteristica_13948,caracteristica_13949,caracteristica_13950,caracteristica_13951,caracteristica_13952,caracteristica_13953,caracteristica_13954,caracteristica_13955,caracteristica_13956,caracteristica_13957,caracteristica_13958,caracteristica_13959,caracteristica_13960,caracteristica_13961,caracteristica_13962,caracteristica_13963,caracteristica_13964,caracteristica_13965,caracteristica_13966,caracteristica_13967,caracteristica_13968,caracteristica_13969,caracteristica_13970,caracteristica_13971,caracteristica_13972,caracteristica_13973,caracteristica_13974,caracteristica_13975,caracteristica_13976,caracteristica_13977,caracteristica_13978,caracteristica_13979,caracteristica_13980,caracteristica_13981,caracteristica_13982,caracteristica_13983,caracteristica_13984,caracteristica_13985,caracteristica_13986,caracteristica_13987,caracteristica_13988,caracteristica_13989,caracteristica_13990,caracteristica_13991,caracteristica_13992,caracteristica_13993,caracteristica_13994,caracteristica_13995,caracteristica_13996,caracteristica_13997,caracteristica_13998,caracteristica_13999,caracteristica_14000,caracteristica_14001,caracteristica_14002,caracteristica_14003,caracteristica_14004,caracteristica_14005,caracteristica_14006,caracteristica_14007,caracteristica_14008,caracteristica_14009,caracteristica_14010,caracteristica_14011,caracteristica_14012,caracteristica_14013,caracteristica_14014,caracteristica_14015,caracteristica_14016,caracteristica_14017,caracteristica_14018,caracteristica_14019,caracteristica_14020,caracteristica_14021,caracteristica_14022,caracteristica_14023,caracteristica_14024,caracteristica_14025,caracteristica_14026,caracteristica_14027,caracteristica_14028,caracteristica_14029,caracteristica_14030,caracteristica_14031,caracteristica_14032,caracteristica_14033,caracteristica_14034,caracteristica_14035,caracteristica_14036,caracteristica_14037,caracteristica_14038,caracteristica_14039,caracteristica_14040,caracteristica_14041,caracteristica_14042,caracteristica_14043,caracteristica_14044,caracteristica_14045,caracteristica_14046,caracteristica_14047,caracteristica_14048,caracteristica_14049,caracteristica_14050,caracteristica_14051,caracteristica_14052,caracteristica_14053,caracteristica_14054,caracteristica_14055,caracteristica_14056,caracteristica_14057,caracteristica_14058,caracteristica_14059,caracteristica_14060,caracteristica_14061,caracteristica_14062,caracteristica_14063,caracteristica_14064,caracteristica_14065,caracteristica_14066,caracteristica_14067,caracteristica_14068,caracteristica_14069,caracteristica_14070,caracteristica_14071,caracteristica_14072,caracteristica_14073,caracteristica_14074,caracteristica_14075,caracteristica_14076,caracteristica_14077,caracteristica_14078,caracteristica_14079,caracteristica_14080,caracteristica_14081,caracteristica_14082,caracteristica_14083,caracteristica_14084,caracteristica_14085,caracteristica_14086,caracteristica_14087,caracteristica_14088,caracteristica_14089,caracteristica_14090,caracteristica_14091,caracteristica_14092,caracteristica_14093,caracteristica_14094,caracteristica_14095,caracteristica_14096,caracteristica_14097,caracteristica_14098,caracteristica_14099,caracteristica_14100,caracteristica_14101,caracteristica_14102,caracteristica_14103,caracteristica_14104,caracteristica_14105,caracteristica_14106,caracteristica_14107,caracteristica_14108,caracteristica_14109,caracteristica_14110,caracteristica_14111,caracteristica_14112,caracteristica_14113,caracteristica_14114,caracteristica_14115,caracteristica_14116,caracteristica_14117,caracteristica_14118,caracteristica_14119,caracteristica_14120,caracteristica_14121,caracteristica_14122,caracteristica_14123,caracteristica_14124,caracteristica_14125,caracteristica_14126,caracteristica_14127,caracteristica_14128,caracteristica_14129,caracteristica_14130,caracteristica_14131,caracteristica_14132,caracteristica_14133,caracteristica_14134,caracteristica_14135,caracteristica_14136,caracteristica_14137,caracteristica_14138,caracteristica_14139,caracteristica_14140,caracteristica_14141,caracteristica_14142,caracteristica_14143,caracteristica_14144,caracteristica_14145,caracteristica_14146,caracteristica_14147,caracteristica_14148,caracteristica_14149,caracteristica_14150,caracteristica_14151,caracteristica_14152,caracteristica_14153,caracteristica_14154,caracteristica_14155,caracteristica_14156,caracteristica_14157,caracteristica_14158,caracteristica_14159,caracteristica_14160,caracteristica_14161,caracteristica_14162,caracteristica_14163,caracteristica_14164,caracteristica_14165,caracteristica_14166,caracteristica_14167,caracteristica_14168,caracteristica_14169,caracteristica_14170,caracteristica_14171,caracteristica_14172,caracteristica_14173,caracteristica_14174,caracteristica_14175,caracteristica_14176,caracteristica_14177,caracteristica_14178,caracteristica_14179,caracteristica_14180,caracteristica_14181,caracteristica_14182,caracteristica_14183,caracteristica_14184,caracteristica_14185,caracteristica_14186,caracteristica_14187,caracteristica_14188,caracteristica_14189,caracteristica_14190,caracteristica_14191,caracteristica_14192,caracteristica_14193,caracteristica_14194,caracteristica_14195,caracteristica_14196,caracteristica_14197,caracteristica_14198,caracteristica_14199,caracteristica_14200,caracteristica_14201,caracteristica_14202,caracteristica_14203,caracteristica_14204,caracteristica_14205,caracteristica_14206,caracteristica_14207,caracteristica_14208,caracteristica_14209,caracteristica_14210,caracteristica_14211,caracteristica_14212,caracteristica_14213,caracteristica_14214,caracteristica_14215,caracteristica_14216,caracteristica_14217,caracteristica_14218,caracteristica_14219,caracteristica_14220,caracteristica_14221,caracteristica_14222,caracteristica_14223,caracteristica_14224,caracteristica_14225,caracteristica_14226,caracteristica_14227,caracteristica_14228,caracteristica_14229,caracteristica_14230,caracteristica_14231,caracteristica_14232,caracteristica_14233,caracteristica_14234,caracteristica_14235,caracteristica_14236,caracteristica_14237,caracteristica_14238,caracteristica_14239,caracteristica_14240,caracteristica_14241,caracteristica_14242,caracteristica_14243,caracteristica_14244,caracteristica_14245,caracteristica_14246,caracteristica_14247,caracteristica_14248,caracteristica_14249,caracteristica_14250,caracteristica_14251,caracteristica_14252,caracteristica_14253,caracteristica_14254,caracteristica_14255,caracteristica_14256,caracteristica_14257,caracteristica_14258,caracteristica_14259,caracteristica_14260,caracteristica_14261,caracteristica_14262,caracteristica_14263,caracteristica_14264,caracteristica_14265,caracteristica_14266,caracteristica_14267,caracteristica_14268,caracteristica_14269,caracteristica_14270,caracteristica_14271,caracteristica_14272,caracteristica_14273,caracteristica_14274,caracteristica_14275,caracteristica_14276,caracteristica_14277,caracteristica_14278,caracteristica_14279,caracteristica_14280,caracteristica_14281,caracteristica_14282,caracteristica_14283,caracteristica_14284,caracteristica_14285,caracteristica_14286,caracteristica_14287,caracteristica_14288,caracteristica_14289,caracteristica_14290,caracteristica_14291,caracteristica_14292,caracteristica_14293,caracteristica_14294,caracteristica_14295,caracteristica_14296,caracteristica_14297,caracteristica_14298,caracteristica_14299,caracteristica_14300,caracteristica_14301,caracteristica_14302,caracteristica_14303,caracteristica_14304,caracteristica_14305,caracteristica_14306,caracteristica_14307,caracteristica_14308,caracteristica_14309,caracteristica_14310,caracteristica_14311,caracteristica_14312,caracteristica_14313,caracteristica_14314,caracteristica_14315,caracteristica_14316,caracteristica_14317,caracteristica_14318,caracteristica_14319,caracteristica_14320,caracteristica_14321,caracteristica_14322,caracteristica_14323,caracteristica_14324,caracteristica_14325,caracteristica_14326,caracteristica_14327,caracteristica_14328,caracteristica_14329,caracteristica_14330,caracteristica_14331,caracteristica_14332,caracteristica_14333,caracteristica_14334,caracteristica_14335,caracteristica_14336,caracteristica_14337,caracteristica_14338,caracteristica_14339,caracteristica_14340,caracteristica_14341,caracteristica_14342,caracteristica_14343,caracteristica_14344,caracteristica_14345,caracteristica_14346,caracteristica_14347,caracteristica_14348,caracteristica_14349,caracteristica_14350,caracteristica_14351,caracteristica_14352,caracteristica_14353,caracteristica_14354,caracteristica_14355,caracteristica_14356,caracteristica_14357,caracteristica_14358,caracteristica_14359,caracteristica_14360,caracteristica_14361,caracteristica_14362,caracteristica_14363,caracteristica_14364,caracteristica_14365,caracteristica_14366,caracteristica_14367,caracteristica_14368,caracteristica_14369,caracteristica_14370,caracteristica_14371,caracteristica_14372,caracteristica_14373,caracteristica_14374,caracteristica_14375,caracteristica_14376,caracteristica_14377,caracteristica_14378,caracteristica_14379,caracteristica_14380,caracteristica_14381,caracteristica_14382,caracteristica_14383,caracteristica_14384,caracteristica_14385,caracteristica_14386,caracteristica_14387,caracteristica_14388,caracteristica_14389,caracteristica_14390,caracteristica_14391,caracteristica_14392,caracteristica_14393,caracteristica_14394,caracteristica_14395,caracteristica_14396,caracteristica_14397,caracteristica_14398,caracteristica_14399,caracteristica_14400,caracteristica_14401,caracteristica_14402,caracteristica_14403,caracteristica_14404,caracteristica_14405,caracteristica_14406,caracteristica_14407,caracteristica_14408,caracteristica_14409,caracteristica_14410,caracteristica_14411,caracteristica_14412,caracteristica_14413,caracteristica_14414,caracteristica_14415,caracteristica_14416,caracteristica_14417,caracteristica_14418,caracteristica_14419,caracteristica_14420,caracteristica_14421,caracteristica_14422,caracteristica_14423,caracteristica_14424,caracteristica_14425,caracteristica_14426,caracteristica_14427,caracteristica_14428,caracteristica_14429,caracteristica_14430,caracteristica_14431,caracteristica_14432,caracteristica_14433,caracteristica_14434,caracteristica_14435,caracteristica_14436,caracteristica_14437,caracteristica_14438,caracteristica_14439,caracteristica_14440,caracteristica_14441,caracteristica_14442,caracteristica_14443,caracteristica_14444,caracteristica_14445,caracteristica_14446,caracteristica_14447,caracteristica_14448,caracteristica_14449,caracteristica_14450,caracteristica_14451,caracteristica_14452,caracteristica_14453,caracteristica_14454,caracteristica_14455,caracteristica_14456,caracteristica_14457,caracteristica_14458,caracteristica_14459,caracteristica_14460,caracteristica_14461,caracteristica_14462,caracteristica_14463,caracteristica_14464,caracteristica_14465,caracteristica_14466,caracteristica_14467,caracteristica_14468,caracteristica_14469,caracteristica_14470,caracteristica_14471,caracteristica_14472,caracteristica_14473,caracteristica_14474,caracteristica_14475,caracteristica_14476,caracteristica_14477,caracteristica_14478,caracteristica_14479,caracteristica_14480,caracteristica_14481,caracteristica_14482,caracteristica_14483,caracteristica_14484,caracteristica_14485,caracteristica_14486,caracteristica_14487,caracteristica_14488,caracteristica_14489,caracteristica_14490,caracteristica_14491,caracteristica_14492,caracteristica_14493,caracteristica_14494,caracteristica_14495,caracteristica_14496,caracteristica_14497,caracteristica_14498,caracteristica_14499,caracteristica_14500,caracteristica_14501,caracteristica_14502,caracteristica_14503,caracteristica_14504,caracteristica_14505,caracteristica_14506,caracteristica_14507,caracteristica_14508,caracteristica_14509,caracteristica_14510,caracteristica_14511,caracteristica_14512,caracteristica_14513,caracteristica_14514,caracteristica_14515,caracteristica_14516,caracteristica_14517,caracteristica_14518,caracteristica_14519,caracteristica_14520,caracteristica_14521,caracteristica_14522,caracteristica_14523,caracteristica_14524,caracteristica_14525,caracteristica_14526,caracteristica_14527,caracteristica_14528,caracteristica_14529,caracteristica_14530,caracteristica_14531,caracteristica_14532,caracteristica_14533,caracteristica_14534,caracteristica_14535,caracteristica_14536,caracteristica_14537,caracteristica_14538,caracteristica_14539,caracteristica_14540,caracteristica_14541,caracteristica_14542,caracteristica_14543,caracteristica_14544,caracteristica_14545,caracteristica_14546,caracteristica_14547,caracteristica_14548,caracteristica_14549,caracteristica_14550,caracteristica_14551,caracteristica_14552,caracteristica_14553,caracteristica_14554,caracteristica_14555,caracteristica_14556,caracteristica_14557,caracteristica_14558,caracteristica_14559,caracteristica_14560,caracteristica_14561,caracteristica_14562,caracteristica_14563,caracteristica_14564,caracteristica_14565,caracteristica_14566,caracteristica_14567,caracteristica_14568,caracteristica_14569,caracteristica_14570,caracteristica_14571,caracteristica_14572,caracteristica_14573,caracteristica_14574,caracteristica_14575,caracteristica_14576,caracteristica_14577,caracteristica_14578,caracteristica_14579,caracteristica_14580,caracteristica_14581,caracteristica_14582,caracteristica_14583,caracteristica_14584,caracteristica_14585,caracteristica_14586,caracteristica_14587,caracteristica_14588,caracteristica_14589,caracteristica_14590,caracteristica_14591,caracteristica_14592,caracteristica_14593,caracteristica_14594,caracteristica_14595,caracteristica_14596,caracteristica_14597,caracteristica_14598,caracteristica_14599,caracteristica_14600,caracteristica_14601,caracteristica_14602,caracteristica_14603,caracteristica_14604,caracteristica_14605,caracteristica_14606,caracteristica_14607,caracteristica_14608,caracteristica_14609,caracteristica_14610,caracteristica_14611,caracteristica_14612,caracteristica_14613,caracteristica_14614,caracteristica_14615,caracteristica_14616,caracteristica_14617,caracteristica_14618,caracteristica_14619,caracteristica_14620,caracteristica_14621,caracteristica_14622,caracteristica_14623,caracteristica_14624,caracteristica_14625,caracteristica_14626,caracteristica_14627,caracteristica_14628,caracteristica_14629,caracteristica_14630,caracteristica_14631,caracteristica_14632,caracteristica_14633,caracteristica_14634,caracteristica_14635,caracteristica_14636,caracteristica_14637,caracteristica_14638,caracteristica_14639,caracteristica_14640,caracteristica_14641,caracteristica_14642,caracteristica_14643,caracteristica_14644,caracteristica_14645,caracteristica_14646,caracteristica_14647,caracteristica_14648,caracteristica_14649,caracteristica_14650,caracteristica_14651,caracteristica_14652,caracteristica_14653,caracteristica_14654,caracteristica_14655,caracteristica_14656,caracteristica_14657,caracteristica_14658,caracteristica_14659,caracteristica_14660,caracteristica_14661,caracteristica_14662,caracteristica_14663,caracteristica_14664,caracteristica_14665,caracteristica_14666,caracteristica_14667,caracteristica_14668,caracteristica_14669,caracteristica_14670,caracteristica_14671,caracteristica_14672,caracteristica_14673,caracteristica_14674,caracteristica_14675,caracteristica_14676,caracteristica_14677,caracteristica_14678,caracteristica_14679,caracteristica_14680,caracteristica_14681,caracteristica_14682,caracteristica_14683,caracteristica_14684,caracteristica_14685,caracteristica_14686,caracteristica_14687,caracteristica_14688,caracteristica_14689,caracteristica_14690,caracteristica_14691,caracteristica_14692,caracteristica_14693,caracteristica_14694,caracteristica_14695,caracteristica_14696,caracteristica_14697,caracteristica_14698,caracteristica_14699,caracteristica_14700,caracteristica_14701,caracteristica_14702,caracteristica_14703,caracteristica_14704,caracteristica_14705,caracteristica_14706,caracteristica_14707,caracteristica_14708,caracteristica_14709,caracteristica_14710,caracteristica_14711,caracteristica_14712,caracteristica_14713,caracteristica_14714,caracteristica_14715,caracteristica_14716,caracteristica_14717,caracteristica_14718,caracteristica_14719,caracteristica_14720,caracteristica_14721,caracteristica_14722,caracteristica_14723,caracteristica_14724,caracteristica_14725,caracteristica_14726,caracteristica_14727,caracteristica_14728,caracteristica_14729,caracteristica_14730,caracteristica_14731,caracteristica_14732,caracteristica_14733,caracteristica_14734,caracteristica_14735,caracteristica_14736,caracteristica_14737,caracteristica_14738,caracteristica_14739,caracteristica_14740,caracteristica_14741,caracteristica_14742,caracteristica_14743,caracteristica_14744,caracteristica_14745,caracteristica_14746,caracteristica_14747,caracteristica_14748,caracteristica_14749,caracteristica_14750,caracteristica_14751,caracteristica_14752,caracteristica_14753,caracteristica_14754,caracteristica_14755,caracteristica_14756,caracteristica_14757,caracteristica_14758,caracteristica_14759,caracteristica_14760,caracteristica_14761,caracteristica_14762,caracteristica_14763,caracteristica_14764,caracteristica_14765,caracteristica_14766,caracteristica_14767,caracteristica_14768,caracteristica_14769,caracteristica_14770,caracteristica_14771,caracteristica_14772,caracteristica_14773,caracteristica_14774,caracteristica_14775,caracteristica_14776,caracteristica_14777,caracteristica_14778,caracteristica_14779,caracteristica_14780,caracteristica_14781,caracteristica_14782,caracteristica_14783,caracteristica_14784,caracteristica_14785,caracteristica_14786,caracteristica_14787,caracteristica_14788,caracteristica_14789,caracteristica_14790,caracteristica_14791,caracteristica_14792,caracteristica_14793,caracteristica_14794,caracteristica_14795,caracteristica_14796,caracteristica_14797,caracteristica_14798,caracteristica_14799,caracteristica_14800,caracteristica_14801,caracteristica_14802,caracteristica_14803,caracteristica_14804,caracteristica_14805,caracteristica_14806,caracteristica_14807,caracteristica_14808,caracteristica_14809,caracteristica_14810,caracteristica_14811,caracteristica_14812,caracteristica_14813,caracteristica_14814,caracteristica_14815,caracteristica_14816,caracteristica_14817,caracteristica_14818,caracteristica_14819,caracteristica_14820,caracteristica_14821,caracteristica_14822,caracteristica_14823,caracteristica_14824,caracteristica_14825,caracteristica_14826,caracteristica_14827,caracteristica_14828,caracteristica_14829,caracteristica_14830,caracteristica_14831,caracteristica_14832,caracteristica_14833,caracteristica_14834,caracteristica_14835,caracteristica_14836,caracteristica_14837,caracteristica_14838,caracteristica_14839,caracteristica_14840,caracteristica_14841,caracteristica_14842,caracteristica_14843,caracteristica_14844,caracteristica_14845,caracteristica_14846,caracteristica_14847,caracteristica_14848,caracteristica_14849,caracteristica_14850,caracteristica_14851,caracteristica_14852,caracteristica_14853,caracteristica_14854,caracteristica_14855,caracteristica_14856,caracteristica_14857,caracteristica_14858,caracteristica_14859,caracteristica_14860,caracteristica_14861,caracteristica_14862,caracteristica_14863,caracteristica_14864,caracteristica_14865,caracteristica_14866,caracteristica_14867,caracteristica_14868,caracteristica_14869,caracteristica_14870,caracteristica_14871,caracteristica_14872,caracteristica_14873,caracteristica_14874,caracteristica_14875,caracteristica_14876,caracteristica_14877,caracteristica_14878,caracteristica_14879,caracteristica_14880,caracteristica_14881,caracteristica_14882,caracteristica_14883,caracteristica_14884,caracteristica_14885,caracteristica_14886,caracteristica_14887,caracteristica_14888,caracteristica_14889,caracteristica_14890,caracteristica_14891,caracteristica_14892,caracteristica_14893,caracteristica_14894,caracteristica_14895,caracteristica_14896,caracteristica_14897,caracteristica_14898,caracteristica_14899,caracteristica_14900,caracteristica_14901,caracteristica_14902,caracteristica_14903,caracteristica_14904,caracteristica_14905,caracteristica_14906,caracteristica_14907,caracteristica_14908,caracteristica_14909,caracteristica_14910,caracteristica_14911,caracteristica_14912,caracteristica_14913,caracteristica_14914,caracteristica_14915,caracteristica_14916,caracteristica_14917,caracteristica_14918,caracteristica_14919,caracteristica_14920,caracteristica_14921,caracteristica_14922,caracteristica_14923,caracteristica_14924,caracteristica_14925,caracteristica_14926,caracteristica_14927,caracteristica_14928,caracteristica_14929,caracteristica_14930,caracteristica_14931,caracteristica_14932,caracteristica_14933,caracteristica_14934,caracteristica_14935,caracteristica_14936,caracteristica_14937,caracteristica_14938,caracteristica_14939,caracteristica_14940,caracteristica_14941,caracteristica_14942,caracteristica_14943,caracteristica_14944,caracteristica_14945,caracteristica_14946,caracteristica_14947,caracteristica_14948,caracteristica_14949,caracteristica_14950,caracteristica_14951,caracteristica_14952,caracteristica_14953,caracteristica_14954,caracteristica_14955,caracteristica_14956,caracteristica_14957,caracteristica_14958,caracteristica_14959,caracteristica_14960,caracteristica_14961,caracteristica_14962,caracteristica_14963,caracteristica_14964,caracteristica_14965,caracteristica_14966,caracteristica_14967,caracteristica_14968,caracteristica_14969,caracteristica_14970,caracteristica_14971,caracteristica_14972,caracteristica_14973,caracteristica_14974,caracteristica_14975,caracteristica_14976,caracteristica_14977,caracteristica_14978,caracteristica_14979,caracteristica_14980,caracteristica_14981,caracteristica_14982,caracteristica_14983,caracteristica_14984,caracteristica_14985,caracteristica_14986,caracteristica_14987,caracteristica_14988,caracteristica_14989,caracteristica_14990,caracteristica_14991,caracteristica_14992,caracteristica_14993,caracteristica_14994,caracteristica_14995,caracteristica_14996,caracteristica_14997,caracteristica_14998,caracteristica_14999,caracteristica_15000,caracteristica_15001,caracteristica_15002,caracteristica_15003,caracteristica_15004,caracteristica_15005,caracteristica_15006,caracteristica_15007,caracteristica_15008,caracteristica_15009,caracteristica_15010,caracteristica_15011,caracteristica_15012,caracteristica_15013,caracteristica_15014,caracteristica_15015,caracteristica_15016,caracteristica_15017,caracteristica_15018,caracteristica_15019,caracteristica_15020,caracteristica_15021,caracteristica_15022,caracteristica_15023,caracteristica_15024,caracteristica_15025,caracteristica_15026,caracteristica_15027,caracteristica_15028,caracteristica_15029,caracteristica_15030,caracteristica_15031,caracteristica_15032,caracteristica_15033,caracteristica_15034,caracteristica_15035,caracteristica_15036,caracteristica_15037,caracteristica_15038,caracteristica_15039,caracteristica_15040,caracteristica_15041,caracteristica_15042,caracteristica_15043,caracteristica_15044,caracteristica_15045,caracteristica_15046,caracteristica_15047,caracteristica_15048,caracteristica_15049,caracteristica_15050,caracteristica_15051,caracteristica_15052,caracteristica_15053,caracteristica_15054,caracteristica_15055,caracteristica_15056,caracteristica_15057,caracteristica_15058,caracteristica_15059,caracteristica_15060,caracteristica_15061,caracteristica_15062,caracteristica_15063,caracteristica_15064,caracteristica_15065,caracteristica_15066,caracteristica_15067,caracteristica_15068,caracteristica_15069,caracteristica_15070,caracteristica_15071,caracteristica_15072,caracteristica_15073,caracteristica_15074,caracteristica_15075,caracteristica_15076,caracteristica_15077,caracteristica_15078,caracteristica_15079,caracteristica_15080,caracteristica_15081,caracteristica_15082,caracteristica_15083,caracteristica_15084,caracteristica_15085,caracteristica_15086,caracteristica_15087,caracteristica_15088,caracteristica_15089,caracteristica_15090,caracteristica_15091,caracteristica_15092,caracteristica_15093,caracteristica_15094,caracteristica_15095,caracteristica_15096,caracteristica_15097,caracteristica_15098,caracteristica_15099,caracteristica_15100,caracteristica_15101,caracteristica_15102,caracteristica_15103,caracteristica_15104,caracteristica_15105,caracteristica_15106,caracteristica_15107,caracteristica_15108,caracteristica_15109,caracteristica_15110,caracteristica_15111,caracteristica_15112,caracteristica_15113,caracteristica_15114,caracteristica_15115,caracteristica_15116,caracteristica_15117,caracteristica_15118,caracteristica_15119,caracteristica_15120,caracteristica_15121,caracteristica_15122,caracteristica_15123,caracteristica_15124,caracteristica_15125,caracteristica_15126,caracteristica_15127,caracteristica_15128,caracteristica_15129,caracteristica_15130,caracteristica_15131,caracteristica_15132,caracteristica_15133,caracteristica_15134,caracteristica_15135,caracteristica_15136,caracteristica_15137,caracteristica_15138,caracteristica_15139,caracteristica_15140,caracteristica_15141,caracteristica_15142,caracteristica_15143,caracteristica_15144,caracteristica_15145,caracteristica_15146,caracteristica_15147,caracteristica_15148,caracteristica_15149,caracteristica_15150,caracteristica_15151,caracteristica_15152,caracteristica_15153,caracteristica_15154,caracteristica_15155,caracteristica_15156,caracteristica_15157,caracteristica_15158,caracteristica_15159,caracteristica_15160,caracteristica_15161,caracteristica_15162,caracteristica_15163,caracteristica_15164,caracteristica_15165,caracteristica_15166,caracteristica_15167,caracteristica_15168,caracteristica_15169,caracteristica_15170,caracteristica_15171,caracteristica_15172,caracteristica_15173,caracteristica_15174,caracteristica_15175,caracteristica_15176,caracteristica_15177,caracteristica_15178,caracteristica_15179,caracteristica_15180,caracteristica_15181,caracteristica_15182,caracteristica_15183,caracteristica_15184,caracteristica_15185,caracteristica_15186,caracteristica_15187,caracteristica_15188,caracteristica_15189,caracteristica_15190,caracteristica_15191,caracteristica_15192,caracteristica_15193,caracteristica_15194,caracteristica_15195,caracteristica_15196,caracteristica_15197,caracteristica_15198,caracteristica_15199,caracteristica_15200,caracteristica_15201,caracteristica_15202,caracteristica_15203,caracteristica_15204,caracteristica_15205,caracteristica_15206,caracteristica_15207,caracteristica_15208,caracteristica_15209,caracteristica_15210,caracteristica_15211,caracteristica_15212,caracteristica_15213,caracteristica_15214,caracteristica_15215,caracteristica_15216,caracteristica_15217,caracteristica_15218,caracteristica_15219,caracteristica_15220,caracteristica_15221,caracteristica_15222,caracteristica_15223,caracteristica_15224,caracteristica_15225,caracteristica_15226,caracteristica_15227,caracteristica_15228,caracteristica_15229,caracteristica_15230,caracteristica_15231,caracteristica_15232,caracteristica_15233,caracteristica_15234,caracteristica_15235,caracteristica_15236,caracteristica_15237,caracteristica_15238,caracteristica_15239,caracteristica_15240,caracteristica_15241,caracteristica_15242,caracteristica_15243,caracteristica_15244,caracteristica_15245,caracteristica_15246,caracteristica_15247,caracteristica_15248,caracteristica_15249,caracteristica_15250,caracteristica_15251,caracteristica_15252,caracteristica_15253,caracteristica_15254,caracteristica_15255,caracteristica_15256,caracteristica_15257,caracteristica_15258,caracteristica_15259,caracteristica_15260,caracteristica_15261,caracteristica_15262,caracteristica_15263,caracteristica_15264,caracteristica_15265,caracteristica_15266,caracteristica_15267,caracteristica_15268,caracteristica_15269,caracteristica_15270,caracteristica_15271,caracteristica_15272,caracteristica_15273,caracteristica_15274,caracteristica_15275,caracteristica_15276,caracteristica_15277,caracteristica_15278,caracteristica_15279,caracteristica_15280,caracteristica_15281,caracteristica_15282,caracteristica_15283,caracteristica_15284,caracteristica_15285,caracteristica_15286,caracteristica_15287,caracteristica_15288,caracteristica_15289,caracteristica_15290,caracteristica_15291,caracteristica_15292,caracteristica_15293,caracteristica_15294,caracteristica_15295,caracteristica_15296,caracteristica_15297,caracteristica_15298,caracteristica_15299,caracteristica_15300,caracteristica_15301,caracteristica_15302,caracteristica_15303,caracteristica_15304,caracteristica_15305,caracteristica_15306,caracteristica_15307,caracteristica_15308,caracteristica_15309,caracteristica_15310,caracteristica_15311,caracteristica_15312,caracteristica_15313,caracteristica_15314,caracteristica_15315,caracteristica_15316,caracteristica_15317,caracteristica_15318,caracteristica_15319,caracteristica_15320,caracteristica_15321,caracteristica_15322,caracteristica_15323,caracteristica_15324,caracteristica_15325,caracteristica_15326,caracteristica_15327,caracteristica_15328,caracteristica_15329,caracteristica_15330,caracteristica_15331,caracteristica_15332,caracteristica_15333,caracteristica_15334,caracteristica_15335,caracteristica_15336,caracteristica_15337,caracteristica_15338,caracteristica_15339,caracteristica_15340,caracteristica_15341,caracteristica_15342,caracteristica_15343,caracteristica_15344,caracteristica_15345,caracteristica_15346,caracteristica_15347,caracteristica_15348,caracteristica_15349,caracteristica_15350,caracteristica_15351,caracteristica_15352,caracteristica_15353,caracteristica_15354,caracteristica_15355,caracteristica_15356,caracteristica_15357,caracteristica_15358,caracteristica_15359,caracteristica_15360,caracteristica_15361,caracteristica_15362,caracteristica_15363,caracteristica_15364,caracteristica_15365,caracteristica_15366,caracteristica_15367,caracteristica_15368,caracteristica_15369,caracteristica_15370,caracteristica_15371,caracteristica_15372,caracteristica_15373,caracteristica_15374,caracteristica_15375,caracteristica_15376,caracteristica_15377,caracteristica_15378,caracteristica_15379,caracteristica_15380,caracteristica_15381,caracteristica_15382,caracteristica_15383,caracteristica_15384,caracteristica_15385,caracteristica_15386,caracteristica_15387,caracteristica_15388,caracteristica_15389,caracteristica_15390,caracteristica_15391,caracteristica_15392,caracteristica_15393,caracteristica_15394,caracteristica_15395,caracteristica_15396,caracteristica_15397,caracteristica_15398,caracteristica_15399,caracteristica_15400,caracteristica_15401,caracteristica_15402,caracteristica_15403,caracteristica_15404,caracteristica_15405,caracteristica_15406,caracteristica_15407,caracteristica_15408,caracteristica_15409,caracteristica_15410,caracteristica_15411,caracteristica_15412,caracteristica_15413,caracteristica_15414,caracteristica_15415,caracteristica_15416,caracteristica_15417,caracteristica_15418,caracteristica_15419,caracteristica_15420,caracteristica_15421,caracteristica_15422,caracteristica_15423,caracteristica_15424,caracteristica_15425,caracteristica_15426,caracteristica_15427,caracteristica_15428,caracteristica_15429,caracteristica_15430,caracteristica_15431,caracteristica_15432,caracteristica_15433,caracteristica_15434,caracteristica_15435,caracteristica_15436,caracteristica_15437,caracteristica_15438,caracteristica_15439,caracteristica_15440,caracteristica_15441,caracteristica_15442,caracteristica_15443,caracteristica_15444,caracteristica_15445,caracteristica_15446,caracteristica_15447,caracteristica_15448,caracteristica_15449,caracteristica_15450,caracteristica_15451,caracteristica_15452,caracteristica_15453,caracteristica_15454,caracteristica_15455,caracteristica_15456,caracteristica_15457,caracteristica_15458,caracteristica_15459,caracteristica_15460,caracteristica_15461,caracteristica_15462,caracteristica_15463,caracteristica_15464,caracteristica_15465,caracteristica_15466,caracteristica_15467,caracteristica_15468,caracteristica_15469,caracteristica_15470,caracteristica_15471,caracteristica_15472,caracteristica_15473,caracteristica_15474,caracteristica_15475,caracteristica_15476,caracteristica_15477,caracteristica_15478,caracteristica_15479,caracteristica_15480,caracteristica_15481,caracteristica_15482,caracteristica_15483,caracteristica_15484,caracteristica_15485,caracteristica_15486,caracteristica_15487,caracteristica_15488,caracteristica_15489,caracteristica_15490,caracteristica_15491,caracteristica_15492,caracteristica_15493,caracteristica_15494,caracteristica_15495,caracteristica_15496,caracteristica_15497,caracteristica_15498,caracteristica_15499,caracteristica_15500,caracteristica_15501,caracteristica_15502,caracteristica_15503,caracteristica_15504,caracteristica_15505,caracteristica_15506,caracteristica_15507,caracteristica_15508,caracteristica_15509,caracteristica_15510,caracteristica_15511,caracteristica_15512,caracteristica_15513,caracteristica_15514,caracteristica_15515,caracteristica_15516,caracteristica_15517,caracteristica_15518,caracteristica_15519,caracteristica_15520,caracteristica_15521,caracteristica_15522,caracteristica_15523,caracteristica_15524,caracteristica_15525,caracteristica_15526,caracteristica_15527,caracteristica_15528,caracteristica_15529,caracteristica_15530,caracteristica_15531,caracteristica_15532,caracteristica_15533,caracteristica_15534,caracteristica_15535,caracteristica_15536,caracteristica_15537,caracteristica_15538,caracteristica_15539,caracteristica_15540,caracteristica_15541,caracteristica_15542,caracteristica_15543,caracteristica_15544,caracteristica_15545,caracteristica_15546,caracteristica_15547,caracteristica_15548,caracteristica_15549,caracteristica_15550,caracteristica_15551,caracteristica_15552,caracteristica_15553,caracteristica_15554,caracteristica_15555,caracteristica_15556,caracteristica_15557,caracteristica_15558,caracteristica_15559,caracteristica_15560,caracteristica_15561,caracteristica_15562,caracteristica_15563,caracteristica_15564,caracteristica_15565,caracteristica_15566,caracteristica_15567,caracteristica_15568,caracteristica_15569,caracteristica_15570,caracteristica_15571,caracteristica_15572,caracteristica_15573,caracteristica_15574,caracteristica_15575,caracteristica_15576,caracteristica_15577,caracteristica_15578,caracteristica_15579,caracteristica_15580,caracteristica_15581,caracteristica_15582,caracteristica_15583,caracteristica_15584,caracteristica_15585,caracteristica_15586,caracteristica_15587,caracteristica_15588,caracteristica_15589,caracteristica_15590,caracteristica_15591,caracteristica_15592,caracteristica_15593,caracteristica_15594,caracteristica_15595,caracteristica_15596,caracteristica_15597,caracteristica_15598,caracteristica_15599,caracteristica_15600,caracteristica_15601,caracteristica_15602,caracteristica_15603,caracteristica_15604,caracteristica_15605,caracteristica_15606,caracteristica_15607,caracteristica_15608,caracteristica_15609,caracteristica_15610,caracteristica_15611,caracteristica_15612,caracteristica_15613,caracteristica_15614,caracteristica_15615,caracteristica_15616,caracteristica_15617,caracteristica_15618,caracteristica_15619,caracteristica_15620,caracteristica_15621,caracteristica_15622,caracteristica_15623,caracteristica_15624,caracteristica_15625,caracteristica_15626,caracteristica_15627,caracteristica_15628,caracteristica_15629,caracteristica_15630,caracteristica_15631,caracteristica_15632,caracteristica_15633,caracteristica_15634,caracteristica_15635,caracteristica_15636,caracteristica_15637,caracteristica_15638,caracteristica_15639,caracteristica_15640,caracteristica_15641,caracteristica_15642,caracteristica_15643,caracteristica_15644,caracteristica_15645,caracteristica_15646,caracteristica_15647,caracteristica_15648,caracteristica_15649,caracteristica_15650,caracteristica_15651,caracteristica_15652,caracteristica_15653,caracteristica_15654,caracteristica_15655,caracteristica_15656,caracteristica_15657,caracteristica_15658,caracteristica_15659,caracteristica_15660,caracteristica_15661,caracteristica_15662,caracteristica_15663,caracteristica_15664,caracteristica_15665,caracteristica_15666,caracteristica_15667,caracteristica_15668,caracteristica_15669,caracteristica_15670,caracteristica_15671,caracteristica_15672,caracteristica_15673,caracteristica_15674,caracteristica_15675,caracteristica_15676,caracteristica_15677,caracteristica_15678,caracteristica_15679,caracteristica_15680,caracteristica_15681,caracteristica_15682,caracteristica_15683,caracteristica_15684,caracteristica_15685,caracteristica_15686,caracteristica_15687,caracteristica_15688,caracteristica_15689,caracteristica_15690,caracteristica_15691,caracteristica_15692,caracteristica_15693,caracteristica_15694,caracteristica_15695,caracteristica_15696,caracteristica_15697,caracteristica_15698,caracteristica_15699,caracteristica_15700,caracteristica_15701,caracteristica_15702,caracteristica_15703,caracteristica_15704,caracteristica_15705,caracteristica_15706,caracteristica_15707,caracteristica_15708,caracteristica_15709,caracteristica_15710,caracteristica_15711,caracteristica_15712,caracteristica_15713,caracteristica_15714,caracteristica_15715,caracteristica_15716,caracteristica_15717,caracteristica_15718,caracteristica_15719,caracteristica_15720,caracteristica_15721,caracteristica_15722,caracteristica_15723,caracteristica_15724,caracteristica_15725,caracteristica_15726,caracteristica_15727,caracteristica_15728,caracteristica_15729,caracteristica_15730,caracteristica_15731,caracteristica_15732,caracteristica_15733,caracteristica_15734,caracteristica_15735,caracteristica_15736,caracteristica_15737,caracteristica_15738,caracteristica_15739,caracteristica_15740,caracteristica_15741,caracteristica_15742,caracteristica_15743,caracteristica_15744,caracteristica_15745,caracteristica_15746,caracteristica_15747,caracteristica_15748,caracteristica_15749,caracteristica_15750,caracteristica_15751,caracteristica_15752,caracteristica_15753,caracteristica_15754,caracteristica_15755,caracteristica_15756,caracteristica_15757,caracteristica_15758,caracteristica_15759,caracteristica_15760,caracteristica_15761,caracteristica_15762,caracteristica_15763,caracteristica_15764,caracteristica_15765,caracteristica_15766,caracteristica_15767,caracteristica_15768,caracteristica_15769,caracteristica_15770,caracteristica_15771,caracteristica_15772,caracteristica_15773,caracteristica_15774,caracteristica_15775,caracteristica_15776,caracteristica_15777,caracteristica_15778,caracteristica_15779,caracteristica_15780,caracteristica_15781,caracteristica_15782,caracteristica_15783,caracteristica_15784,caracteristica_15785,caracteristica_15786,caracteristica_15787,caracteristica_15788,caracteristica_15789,caracteristica_15790,caracteristica_15791,caracteristica_15792,caracteristica_15793,caracteristica_15794,caracteristica_15795,caracteristica_15796,caracteristica_15797,caracteristica_15798,caracteristica_15799,caracteristica_15800,caracteristica_15801,caracteristica_15802,caracteristica_15803,caracteristica_15804,caracteristica_15805,caracteristica_15806,caracteristica_15807,caracteristica_15808,caracteristica_15809,caracteristica_15810,caracteristica_15811,caracteristica_15812,caracteristica_15813,caracteristica_15814,caracteristica_15815,caracteristica_15816,caracteristica_15817,caracteristica_15818,caracteristica_15819,caracteristica_15820,caracteristica_15821,caracteristica_15822,caracteristica_15823,caracteristica_15824,caracteristica_15825,caracteristica_15826,caracteristica_15827,caracteristica_15828,caracteristica_15829,caracteristica_15830,caracteristica_15831,caracteristica_15832,caracteristica_15833,caracteristica_15834,caracteristica_15835,caracteristica_15836,caracteristica_15837,caracteristica_15838,caracteristica_15839,caracteristica_15840,caracteristica_15841,caracteristica_15842,caracteristica_15843,caracteristica_15844,caracteristica_15845,caracteristica_15846,caracteristica_15847,caracteristica_15848,caracteristica_15849,caracteristica_15850,caracteristica_15851,caracteristica_15852,caracteristica_15853,caracteristica_15854,caracteristica_15855,caracteristica_15856,caracteristica_15857,caracteristica_15858,caracteristica_15859,caracteristica_15860,caracteristica_15861,caracteristica_15862,caracteristica_15863,caracteristica_15864,caracteristica_15865,caracteristica_15866,caracteristica_15867,caracteristica_15868,caracteristica_15869,caracteristica_15870,caracteristica_15871,caracteristica_15872,caracteristica_15873,caracteristica_15874,caracteristica_15875,caracteristica_15876,caracteristica_15877,caracteristica_15878,caracteristica_15879,caracteristica_15880,caracteristica_15881,caracteristica_15882,caracteristica_15883,caracteristica_15884,caracteristica_15885,caracteristica_15886,caracteristica_15887,caracteristica_15888,caracteristica_15889,caracteristica_15890,caracteristica_15891,caracteristica_15892,caracteristica_15893,caracteristica_15894,caracteristica_15895,caracteristica_15896,caracteristica_15897,caracteristica_15898,caracteristica_15899,caracteristica_15900,caracteristica_15901,caracteristica_15902,caracteristica_15903,caracteristica_15904,caracteristica_15905,caracteristica_15906,caracteristica_15907,caracteristica_15908,caracteristica_15909,caracteristica_15910,caracteristica_15911,caracteristica_15912,caracteristica_15913,caracteristica_15914,caracteristica_15915,caracteristica_15916,caracteristica_15917,caracteristica_15918,caracteristica_15919,caracteristica_15920,caracteristica_15921,caracteristica_15922,caracteristica_15923,caracteristica_15924,caracteristica_15925,caracteristica_15926,caracteristica_15927,caracteristica_15928,caracteristica_15929,caracteristica_15930,caracteristica_15931,caracteristica_15932,caracteristica_15933,caracteristica_15934,caracteristica_15935,caracteristica_15936,caracteristica_15937,caracteristica_15938,caracteristica_15939,caracteristica_15940,caracteristica_15941,caracteristica_15942,caracteristica_15943,caracteristica_15944,caracteristica_15945,caracteristica_15946,caracteristica_15947,caracteristica_15948,caracteristica_15949,caracteristica_15950,caracteristica_15951,caracteristica_15952,caracteristica_15953,caracteristica_15954,caracteristica_15955,caracteristica_15956,caracteristica_15957,caracteristica_15958,caracteristica_15959,caracteristica_15960,caracteristica_15961,caracteristica_15962,caracteristica_15963,caracteristica_15964,caracteristica_15965,caracteristica_15966,caracteristica_15967,caracteristica_15968,caracteristica_15969,caracteristica_15970,caracteristica_15971,caracteristica_15972,caracteristica_15973,caracteristica_15974,caracteristica_15975,caracteristica_15976,caracteristica_15977,caracteristica_15978,caracteristica_15979,caracteristica_15980,caracteristica_15981,caracteristica_15982,caracteristica_15983,caracteristica_15984,caracteristica_15985,caracteristica_15986,caracteristica_15987,caracteristica_15988,caracteristica_15989,caracteristica_15990,caracteristica_15991,caracteristica_15992,caracteristica_15993,caracteristica_15994,caracteristica_15995,caracteristica_15996,caracteristica_15997,caracteristica_15998,caracteristica_15999,caracteristica_16000,caracteristica_16001,caracteristica_16002,caracteristica_16003,caracteristica_16004,caracteristica_16005,caracteristica_16006,caracteristica_16007,caracteristica_16008,caracteristica_16009,caracteristica_16010,caracteristica_16011,caracteristica_16012,caracteristica_16013,caracteristica_16014,caracteristica_16015,caracteristica_16016,caracteristica_16017,caracteristica_16018,caracteristica_16019,caracteristica_16020,caracteristica_16021,caracteristica_16022,caracteristica_16023,caracteristica_16024,caracteristica_16025,caracteristica_16026,caracteristica_16027,caracteristica_16028,caracteristica_16029,caracteristica_16030,caracteristica_16031,caracteristica_16032,caracteristica_16033,caracteristica_16034,caracteristica_16035,caracteristica_16036,caracteristica_16037,caracteristica_16038,caracteristica_16039,caracteristica_16040,caracteristica_16041,caracteristica_16042,caracteristica_16043,caracteristica_16044,caracteristica_16045,caracteristica_16046,caracteristica_16047,caracteristica_16048,caracteristica_16049,caracteristica_16050,caracteristica_16051,caracteristica_16052,caracteristica_16053,caracteristica_16054,caracteristica_16055,caracteristica_16056,caracteristica_16057,caracteristica_16058,caracteristica_16059,caracteristica_16060,caracteristica_16061,caracteristica_16062,caracteristica_16063,caracteristica_16064,caracteristica_16065,caracteristica_16066,caracteristica_16067,caracteristica_16068,caracteristica_16069,caracteristica_16070,caracteristica_16071,caracteristica_16072,caracteristica_16073,caracteristica_16074,caracteristica_16075,caracteristica_16076,caracteristica_16077,caracteristica_16078,caracteristica_16079,caracteristica_16080,caracteristica_16081,caracteristica_16082,caracteristica_16083,caracteristica_16084,caracteristica_16085,caracteristica_16086,caracteristica_16087,caracteristica_16088,caracteristica_16089,caracteristica_16090,caracteristica_16091,caracteristica_16092,caracteristica_16093,caracteristica_16094,caracteristica_16095,caracteristica_16096,caracteristica_16097,caracteristica_16098,caracteristica_16099,caracteristica_16100,caracteristica_16101,caracteristica_16102,caracteristica_16103,caracteristica_16104,caracteristica_16105,caracteristica_16106,caracteristica_16107,caracteristica_16108,caracteristica_16109,caracteristica_16110,caracteristica_16111,caracteristica_16112,caracteristica_16113,caracteristica_16114,caracteristica_16115,caracteristica_16116,caracteristica_16117,caracteristica_16118,caracteristica_16119,caracteristica_16120,caracteristica_16121,caracteristica_16122,caracteristica_16123,caracteristica_16124,caracteristica_16125,caracteristica_16126,caracteristica_16127,caracteristica_16128,caracteristica_16129,caracteristica_16130,caracteristica_16131,caracteristica_16132,caracteristica_16133,caracteristica_16134,caracteristica_16135,caracteristica_16136,caracteristica_16137,caracteristica_16138,caracteristica_16139,caracteristica_16140,caracteristica_16141,caracteristica_16142,caracteristica_16143,caracteristica_16144,caracteristica_16145,caracteristica_16146,caracteristica_16147,caracteristica_16148,caracteristica_16149,caracteristica_16150,caracteristica_16151,caracteristica_16152,caracteristica_16153,caracteristica_16154,caracteristica_16155,caracteristica_16156,caracteristica_16157,caracteristica_16158,caracteristica_16159,caracteristica_16160,caracteristica_16161,caracteristica_16162,caracteristica_16163,caracteristica_16164,caracteristica_16165,caracteristica_16166,caracteristica_16167,caracteristica_16168,caracteristica_16169,caracteristica_16170,caracteristica_16171,caracteristica_16172,caracteristica_16173,caracteristica_16174,caracteristica_16175,caracteristica_16176,caracteristica_16177,caracteristica_16178,caracteristica_16179,caracteristica_16180,caracteristica_16181,caracteristica_16182,caracteristica_16183,caracteristica_16184,caracteristica_16185,caracteristica_16186,caracteristica_16187,caracteristica_16188,caracteristica_16189,caracteristica_16190,caracteristica_16191,caracteristica_16192,caracteristica_16193,caracteristica_16194,caracteristica_16195,caracteristica_16196,caracteristica_16197,caracteristica_16198,caracteristica_16199,caracteristica_16200,caracteristica_16201,caracteristica_16202,caracteristica_16203,caracteristica_16204,caracteristica_16205,caracteristica_16206,caracteristica_16207,caracteristica_16208,caracteristica_16209,caracteristica_16210,caracteristica_16211,caracteristica_16212,caracteristica_16213,caracteristica_16214,caracteristica_16215,caracteristica_16216,caracteristica_16217,caracteristica_16218,caracteristica_16219,caracteristica_16220,caracteristica_16221,caracteristica_16222,caracteristica_16223,caracteristica_16224,caracteristica_16225,caracteristica_16226,caracteristica_16227,caracteristica_16228,caracteristica_16229,caracteristica_16230,caracteristica_16231,caracteristica_16232,caracteristica_16233,caracteristica_16234,caracteristica_16235,caracteristica_16236,caracteristica_16237,caracteristica_16238,caracteristica_16239,caracteristica_16240,caracteristica_16241,caracteristica_16242,caracteristica_16243,caracteristica_16244,caracteristica_16245,caracteristica_16246,caracteristica_16247,caracteristica_16248,caracteristica_16249,caracteristica_16250,caracteristica_16251,caracteristica_16252,caracteristica_16253,caracteristica_16254,caracteristica_16255,caracteristica_16256,caracteristica_16257,caracteristica_16258,caracteristica_16259,caracteristica_16260,caracteristica_16261,caracteristica_16262,caracteristica_16263,caracteristica_16264,caracteristica_16265,caracteristica_16266,caracteristica_16267,caracteristica_16268,caracteristica_16269,caracteristica_16270,caracteristica_16271,caracteristica_16272,caracteristica_16273,caracteristica_16274,caracteristica_16275,caracteristica_16276,caracteristica_16277,caracteristica_16278,caracteristica_16279,caracteristica_16280,caracteristica_16281,caracteristica_16282,caracteristica_16283,caracteristica_16284,caracteristica_16285,caracteristica_16286,caracteristica_16287,caracteristica_16288,caracteristica_16289,caracteristica_16290,caracteristica_16291,caracteristica_16292,caracteristica_16293,caracteristica_16294,caracteristica_16295,caracteristica_16296,caracteristica_16297,caracteristica_16298,caracteristica_16299,caracteristica_16300,caracteristica_16301,caracteristica_16302,caracteristica_16303,caracteristica_16304,caracteristica_16305,caracteristica_16306,caracteristica_16307,caracteristica_16308,caracteristica_16309,caracteristica_16310,caracteristica_16311,caracteristica_16312,caracteristica_16313,caracteristica_16314,caracteristica_16315,caracteristica_16316,caracteristica_16317,caracteristica_16318,caracteristica_16319,caracteristica_16320,caracteristica_16321,caracteristica_16322,caracteristica_16323,caracteristica_16324,caracteristica_16325,caracteristica_16326,caracteristica_16327,caracteristica_16328,caracteristica_16329,caracteristica_16330,caracteristica_16331,caracteristica_16332,caracteristica_16333,caracteristica_16334,caracteristica_16335,caracteristica_16336,caracteristica_16337,caracteristica_16338,caracteristica_16339,caracteristica_16340,caracteristica_16341,caracteristica_16342,caracteristica_16343,caracteristica_16344,caracteristica_16345,caracteristica_16346,caracteristica_16347,caracteristica_16348,caracteristica_16349,caracteristica_16350,caracteristica_16351,caracteristica_16352,caracteristica_16353,caracteristica_16354,caracteristica_16355,caracteristica_16356,caracteristica_16357,caracteristica_16358,caracteristica_16359,caracteristica_16360,caracteristica_16361,caracteristica_16362,caracteristica_16363,caracteristica_16364,caracteristica_16365,caracteristica_16366,caracteristica_16367,caracteristica_16368,caracteristica_16369,caracteristica_16370,caracteristica_16371,caracteristica_16372,caracteristica_16373,caracteristica_16374,caracteristica_16375,caracteristica_16376,caracteristica_16377,caracteristica_16378,caracteristica_16379,caracteristica_16380,caracteristica_16381,caracteristica_16382,caracteristica_16383,caracteristica_16384,caracteristica_16385,caracteristica_16386,caracteristica_16387,caracteristica_16388,caracteristica_16389,caracteristica_16390,caracteristica_16391,caracteristica_16392,caracteristica_16393,caracteristica_16394,caracteristica_16395,caracteristica_16396,caracteristica_16397,caracteristica_16398,caracteristica_16399,caracteristica_16400,caracteristica_16401,caracteristica_16402,caracteristica_16403,caracteristica_16404,caracteristica_16405,caracteristica_16406,caracteristica_16407,caracteristica_16408,caracteristica_16409,caracteristica_16410,caracteristica_16411,caracteristica_16412,caracteristica_16413,caracteristica_16414,caracteristica_16415,caracteristica_16416,caracteristica_16417,caracteristica_16418,caracteristica_16419,caracteristica_16420,caracteristica_16421,caracteristica_16422,caracteristica_16423,caracteristica_16424,caracteristica_16425,caracteristica_16426,caracteristica_16427,caracteristica_16428,caracteristica_16429,caracteristica_16430,caracteristica_16431,caracteristica_16432,caracteristica_16433,caracteristica_16434,caracteristica_16435,caracteristica_16436,caracteristica_16437,caracteristica_16438,caracteristica_16439,caracteristica_16440,caracteristica_16441,caracteristica_16442,caracteristica_16443,caracteristica_16444,caracteristica_16445,caracteristica_16446,caracteristica_16447,caracteristica_16448,caracteristica_16449,caracteristica_16450,caracteristica_16451,caracteristica_16452,caracteristica_16453,caracteristica_16454,caracteristica_16455,caracteristica_16456,caracteristica_16457,caracteristica_16458,caracteristica_16459,caracteristica_16460,caracteristica_16461,caracteristica_16462,caracteristica_16463,caracteristica_16464,caracteristica_16465,caracteristica_16466,caracteristica_16467,caracteristica_16468,caracteristica_16469,caracteristica_16470,caracteristica_16471,caracteristica_16472,caracteristica_16473,caracteristica_16474,caracteristica_16475,caracteristica_16476,caracteristica_16477,caracteristica_16478,caracteristica_16479,caracteristica_16480,caracteristica_16481,caracteristica_16482,caracteristica_16483,caracteristica_16484,caracteristica_16485,caracteristica_16486,caracteristica_16487,caracteristica_16488,caracteristica_16489,caracteristica_16490,caracteristica_16491,caracteristica_16492,caracteristica_16493,caracteristica_16494,caracteristica_16495,caracteristica_16496,caracteristica_16497,caracteristica_16498,caracteristica_16499,caracteristica_16500,caracteristica_16501,caracteristica_16502,caracteristica_16503,caracteristica_16504,caracteristica_16505,caracteristica_16506,caracteristica_16507,caracteristica_16508,caracteristica_16509,caracteristica_16510,caracteristica_16511,caracteristica_16512,caracteristica_16513,caracteristica_16514,caracteristica_16515,caracteristica_16516,caracteristica_16517,caracteristica_16518,caracteristica_16519,caracteristica_16520,caracteristica_16521,caracteristica_16522,caracteristica_16523,caracteristica_16524,caracteristica_16525,caracteristica_16526,caracteristica_16527,caracteristica_16528,caracteristica_16529,caracteristica_16530,caracteristica_16531,caracteristica_16532,caracteristica_16533,caracteristica_16534,caracteristica_16535,caracteristica_16536,caracteristica_16537,caracteristica_16538,caracteristica_16539,caracteristica_16540,caracteristica_16541,caracteristica_16542,caracteristica_16543,caracteristica_16544,caracteristica_16545,caracteristica_16546,caracteristica_16547,caracteristica_16548,caracteristica_16549,caracteristica_16550,caracteristica_16551,caracteristica_16552,caracteristica_16553,caracteristica_16554,caracteristica_16555,caracteristica_16556,caracteristica_16557,caracteristica_16558,caracteristica_16559,caracteristica_16560,caracteristica_16561,caracteristica_16562,caracteristica_16563,caracteristica_16564,caracteristica_16565,caracteristica_16566,caracteristica_16567,caracteristica_16568,caracteristica_16569,caracteristica_16570,caracteristica_16571,caracteristica_16572,caracteristica_16573,caracteristica_16574,caracteristica_16575,caracteristica_16576,caracteristica_16577,caracteristica_16578,caracteristica_16579,caracteristica_16580,caracteristica_16581,caracteristica_16582,caracteristica_16583,caracteristica_16584,caracteristica_16585,caracteristica_16586,caracteristica_16587,caracteristica_16588,caracteristica_16589,caracteristica_16590,caracteristica_16591,caracteristica_16592,caracteristica_16593,caracteristica_16594,caracteristica_16595,caracteristica_16596,caracteristica_16597,caracteristica_16598,caracteristica_16599,caracteristica_16600,caracteristica_16601,caracteristica_16602,caracteristica_16603,caracteristica_16604,caracteristica_16605,caracteristica_16606,caracteristica_16607,caracteristica_16608,caracteristica_16609,caracteristica_16610,caracteristica_16611,caracteristica_16612,caracteristica_16613,caracteristica_16614,caracteristica_16615,caracteristica_16616,caracteristica_16617,caracteristica_16618,caracteristica_16619,caracteristica_16620,caracteristica_16621,caracteristica_16622,caracteristica_16623,caracteristica_16624,caracteristica_16625,caracteristica_16626,caracteristica_16627,caracteristica_16628,caracteristica_16629,caracteristica_16630,caracteristica_16631,caracteristica_16632,caracteristica_16633,caracteristica_16634,caracteristica_16635,caracteristica_16636,caracteristica_16637,caracteristica_16638,caracteristica_16639,caracteristica_16640,caracteristica_16641,caracteristica_16642,caracteristica_16643,caracteristica_16644,caracteristica_16645,caracteristica_16646,caracteristica_16647,caracteristica_16648,caracteristica_16649,caracteristica_16650,caracteristica_16651,caracteristica_16652,caracteristica_16653,caracteristica_16654,caracteristica_16655,caracteristica_16656,caracteristica_16657,caracteristica_16658,caracteristica_16659,caracteristica_16660,caracteristica_16661,caracteristica_16662,caracteristica_16663,caracteristica_16664,caracteristica_16665,caracteristica_16666,caracteristica_16667,caracteristica_16668,caracteristica_16669,caracteristica_16670,caracteristica_16671,caracteristica_16672,caracteristica_16673,caracteristica_16674,caracteristica_16675,caracteristica_16676,caracteristica_16677,caracteristica_16678,caracteristica_16679,caracteristica_16680,caracteristica_16681,caracteristica_16682,caracteristica_16683,caracteristica_16684,caracteristica_16685,caracteristica_16686,caracteristica_16687,caracteristica_16688,caracteristica_16689,caracteristica_16690,caracteristica_16691,caracteristica_16692,caracteristica_16693,caracteristica_16694,caracteristica_16695,caracteristica_16696,caracteristica_16697,caracteristica_16698,caracteristica_16699,caracteristica_16700,caracteristica_16701,caracteristica_16702,caracteristica_16703,caracteristica_16704,caracteristica_16705,caracteristica_16706,caracteristica_16707,caracteristica_16708,caracteristica_16709,caracteristica_16710,caracteristica_16711,caracteristica_16712,caracteristica_16713,caracteristica_16714,caracteristica_16715,caracteristica_16716,caracteristica_16717,caracteristica_16718,caracteristica_16719,caracteristica_16720,caracteristica_16721,caracteristica_16722,caracteristica_16723,caracteristica_16724,caracteristica_16725,caracteristica_16726,caracteristica_16727,caracteristica_16728,caracteristica_16729,caracteristica_16730,caracteristica_16731,caracteristica_16732,caracteristica_16733,caracteristica_16734,caracteristica_16735,caracteristica_16736,caracteristica_16737,caracteristica_16738,caracteristica_16739,caracteristica_16740,caracteristica_16741,caracteristica_16742,caracteristica_16743,caracteristica_16744,caracteristica_16745,caracteristica_16746,caracteristica_16747,caracteristica_16748,caracteristica_16749,caracteristica_16750,caracteristica_16751,caracteristica_16752,caracteristica_16753,caracteristica_16754,caracteristica_16755,caracteristica_16756,caracteristica_16757,caracteristica_16758,caracteristica_16759,caracteristica_16760,caracteristica_16761,caracteristica_16762,caracteristica_16763,caracteristica_16764,caracteristica_16765,caracteristica_16766,caracteristica_16767,caracteristica_16768,caracteristica_16769,caracteristica_16770,caracteristica_16771,caracteristica_16772,caracteristica_16773,caracteristica_16774,caracteristica_16775,caracteristica_16776,caracteristica_16777,caracteristica_16778,caracteristica_16779,caracteristica_16780,caracteristica_16781,caracteristica_16782,caracteristica_16783,caracteristica_16784,caracteristica_16785,caracteristica_16786,caracteristica_16787,caracteristica_16788,caracteristica_16789,caracteristica_16790,caracteristica_16791,caracteristica_16792,caracteristica_16793,caracteristica_16794,caracteristica_16795,caracteristica_16796,caracteristica_16797,caracteristica_16798,caracteristica_16799,caracteristica_16800,caracteristica_16801,caracteristica_16802,caracteristica_16803,caracteristica_16804,caracteristica_16805,caracteristica_16806,caracteristica_16807,caracteristica_16808,caracteristica_16809,caracteristica_16810,caracteristica_16811,caracteristica_16812,caracteristica_16813,caracteristica_16814,caracteristica_16815,caracteristica_16816,caracteristica_16817,caracteristica_16818,caracteristica_16819,caracteristica_16820,caracteristica_16821,caracteristica_16822,caracteristica_16823,caracteristica_16824,caracteristica_16825,caracteristica_16826,caracteristica_16827,caracteristica_16828,caracteristica_16829,caracteristica_16830,caracteristica_16831,caracteristica_16832,caracteristica_16833,caracteristica_16834,caracteristica_16835,caracteristica_16836,caracteristica_16837,caracteristica_16838,caracteristica_16839,caracteristica_16840,caracteristica_16841,caracteristica_16842,caracteristica_16843,caracteristica_16844,caracteristica_16845,caracteristica_16846,caracteristica_16847,caracteristica_16848,caracteristica_16849,caracteristica_16850,caracteristica_16851,caracteristica_16852,caracteristica_16853,caracteristica_16854,caracteristica_16855,caracteristica_16856,caracteristica_16857,caracteristica_16858,caracteristica_16859,caracteristica_16860,caracteristica_16861,caracteristica_16862,caracteristica_16863,caracteristica_16864,caracteristica_16865,caracteristica_16866,caracteristica_16867,caracteristica_16868,caracteristica_16869,caracteristica_16870,caracteristica_16871,caracteristica_16872,caracteristica_16873,caracteristica_16874,caracteristica_16875,caracteristica_16876,caracteristica_16877,caracteristica_16878,caracteristica_16879,caracteristica_16880,caracteristica_16881,caracteristica_16882,caracteristica_16883,caracteristica_16884,caracteristica_16885,caracteristica_16886,caracteristica_16887,caracteristica_16888,caracteristica_16889,caracteristica_16890,caracteristica_16891,caracteristica_16892,caracteristica_16893,caracteristica_16894,caracteristica_16895,caracteristica_16896,caracteristica_16897,caracteristica_16898,caracteristica_16899,caracteristica_16900,caracteristica_16901,caracteristica_16902,caracteristica_16903,caracteristica_16904,caracteristica_16905,caracteristica_16906,caracteristica_16907,caracteristica_16908,caracteristica_16909,caracteristica_16910,caracteristica_16911,caracteristica_16912,caracteristica_16913,caracteristica_16914,caracteristica_16915,caracteristica_16916,caracteristica_16917,caracteristica_16918,caracteristica_16919,caracteristica_16920,caracteristica_16921,caracteristica_16922,caracteristica_16923,caracteristica_16924,caracteristica_16925,caracteristica_16926,caracteristica_16927,caracteristica_16928,caracteristica_16929,caracteristica_16930,caracteristica_16931,caracteristica_16932,caracteristica_16933,caracteristica_16934,caracteristica_16935,caracteristica_16936,caracteristica_16937,caracteristica_16938,caracteristica_16939,caracteristica_16940,caracteristica_16941,caracteristica_16942,caracteristica_16943,caracteristica_16944,caracteristica_16945,caracteristica_16946,caracteristica_16947,caracteristica_16948,caracteristica_16949,caracteristica_16950,caracteristica_16951,caracteristica_16952,caracteristica_16953,caracteristica_16954,caracteristica_16955,caracteristica_16956,caracteristica_16957,caracteristica_16958,caracteristica_16959,caracteristica_16960,caracteristica_16961,caracteristica_16962,caracteristica_16963,caracteristica_16964,caracteristica_16965,caracteristica_16966,caracteristica_16967,caracteristica_16968,caracteristica_16969,caracteristica_16970,caracteristica_16971,caracteristica_16972,caracteristica_16973,caracteristica_16974,caracteristica_16975,caracteristica_16976,caracteristica_16977,caracteristica_16978,caracteristica_16979,caracteristica_16980,caracteristica_16981,caracteristica_16982,caracteristica_16983,caracteristica_16984,caracteristica_16985,caracteristica_16986,caracteristica_16987,caracteristica_16988,caracteristica_16989,caracteristica_16990,caracteristica_16991,caracteristica_16992,caracteristica_16993,caracteristica_16994,caracteristica_16995,caracteristica_16996,caracteristica_16997,caracteristica_16998,caracteristica_16999,caracteristica_17000,caracteristica_17001,caracteristica_17002,caracteristica_17003,caracteristica_17004,caracteristica_17005,caracteristica_17006,caracteristica_17007,caracteristica_17008,caracteristica_17009,caracteristica_17010,caracteristica_17011,caracteristica_17012,caracteristica_17013,caracteristica_17014,caracteristica_17015,caracteristica_17016,caracteristica_17017,caracteristica_17018,caracteristica_17019,caracteristica_17020,caracteristica_17021,caracteristica_17022,caracteristica_17023,caracteristica_17024,caracteristica_17025,caracteristica_17026,caracteristica_17027,caracteristica_17028,caracteristica_17029,caracteristica_17030,caracteristica_17031,caracteristica_17032,caracteristica_17033,caracteristica_17034,caracteristica_17035,caracteristica_17036,caracteristica_17037,caracteristica_17038,caracteristica_17039,caracteristica_17040,caracteristica_17041,caracteristica_17042,caracteristica_17043,caracteristica_17044,caracteristica_17045,caracteristica_17046,caracteristica_17047,caracteristica_17048,caracteristica_17049,caracteristica_17050,caracteristica_17051,caracteristica_17052,caracteristica_17053,caracteristica_17054,caracteristica_17055,caracteristica_17056,caracteristica_17057,caracteristica_17058,caracteristica_17059,caracteristica_17060,caracteristica_17061,caracteristica_17062,caracteristica_17063,caracteristica_17064,caracteristica_17065,caracteristica_17066,caracteristica_17067,caracteristica_17068,caracteristica_17069,caracteristica_17070,caracteristica_17071,caracteristica_17072,caracteristica_17073,caracteristica_17074,caracteristica_17075,caracteristica_17076,caracteristica_17077,caracteristica_17078,caracteristica_17079,caracteristica_17080,caracteristica_17081,caracteristica_17082,caracteristica_17083,caracteristica_17084,caracteristica_17085,caracteristica_17086,caracteristica_17087,caracteristica_17088,caracteristica_17089,caracteristica_17090,caracteristica_17091,caracteristica_17092,caracteristica_17093,caracteristica_17094,caracteristica_17095,caracteristica_17096,caracteristica_17097,caracteristica_17098,caracteristica_17099,caracteristica_17100,caracteristica_17101,caracteristica_17102,caracteristica_17103,caracteristica_17104,caracteristica_17105,caracteristica_17106,caracteristica_17107,caracteristica_17108,caracteristica_17109,caracteristica_17110,caracteristica_17111,caracteristica_17112,caracteristica_17113,caracteristica_17114,caracteristica_17115,caracteristica_17116,caracteristica_17117,caracteristica_17118,caracteristica_17119,caracteristica_17120,caracteristica_17121,caracteristica_17122,caracteristica_17123,caracteristica_17124,caracteristica_17125,caracteristica_17126,caracteristica_17127,caracteristica_17128,caracteristica_17129,caracteristica_17130,caracteristica_17131,caracteristica_17132,caracteristica_17133,caracteristica_17134,caracteristica_17135,caracteristica_17136,caracteristica_17137,caracteristica_17138,caracteristica_17139,caracteristica_17140,caracteristica_17141,caracteristica_17142,caracteristica_17143,caracteristica_17144,caracteristica_17145,caracteristica_17146,caracteristica_17147,caracteristica_17148,caracteristica_17149,caracteristica_17150,caracteristica_17151,caracteristica_17152,caracteristica_17153,caracteristica_17154,caracteristica_17155,caracteristica_17156,caracteristica_17157,caracteristica_17158,caracteristica_17159,caracteristica_17160,caracteristica_17161,caracteristica_17162,caracteristica_17163,caracteristica_17164,caracteristica_17165,caracteristica_17166,caracteristica_17167,caracteristica_17168,caracteristica_17169,caracteristica_17170,caracteristica_17171,caracteristica_17172,caracteristica_17173,caracteristica_17174,caracteristica_17175,caracteristica_17176,caracteristica_17177,caracteristica_17178,caracteristica_17179,caracteristica_17180,caracteristica_17181,caracteristica_17182,caracteristica_17183,caracteristica_17184,caracteristica_17185,caracteristica_17186,caracteristica_17187,caracteristica_17188,caracteristica_17189,caracteristica_17190,caracteristica_17191,caracteristica_17192,caracteristica_17193,caracteristica_17194,caracteristica_17195,caracteristica_17196,caracteristica_17197,caracteristica_17198,caracteristica_17199,caracteristica_17200,caracteristica_17201,caracteristica_17202,caracteristica_17203,caracteristica_17204,caracteristica_17205,caracteristica_17206,caracteristica_17207,caracteristica_17208,caracteristica_17209,caracteristica_17210,caracteristica_17211,caracteristica_17212,caracteristica_17213,caracteristica_17214,caracteristica_17215,caracteristica_17216,caracteristica_17217,caracteristica_17218,caracteristica_17219,caracteristica_17220,caracteristica_17221,caracteristica_17222,caracteristica_17223,caracteristica_17224,caracteristica_17225,caracteristica_17226,caracteristica_17227,caracteristica_17228,caracteristica_17229,caracteristica_17230,caracteristica_17231,caracteristica_17232,caracteristica_17233,caracteristica_17234,caracteristica_17235,caracteristica_17236,caracteristica_17237,caracteristica_17238,caracteristica_17239,caracteristica_17240,caracteristica_17241,caracteristica_17242,caracteristica_17243,caracteristica_17244,caracteristica_17245,caracteristica_17246,caracteristica_17247,caracteristica_17248,caracteristica_17249,caracteristica_17250,caracteristica_17251,caracteristica_17252,caracteristica_17253,caracteristica_17254,caracteristica_17255,caracteristica_17256,caracteristica_17257,caracteristica_17258,caracteristica_17259,caracteristica_17260,caracteristica_17261,caracteristica_17262,caracteristica_17263,caracteristica_17264,caracteristica_17265,caracteristica_17266,caracteristica_17267,caracteristica_17268,caracteristica_17269,caracteristica_17270,caracteristica_17271,caracteristica_17272,caracteristica_17273,caracteristica_17274,caracteristica_17275,caracteristica_17276,caracteristica_17277,caracteristica_17278,caracteristica_17279,caracteristica_17280,caracteristica_17281,caracteristica_17282,caracteristica_17283,caracteristica_17284,caracteristica_17285,caracteristica_17286,caracteristica_17287,caracteristica_17288,caracteristica_17289,caracteristica_17290,caracteristica_17291,caracteristica_17292,caracteristica_17293,caracteristica_17294,caracteristica_17295,caracteristica_17296,caracteristica_17297,caracteristica_17298,caracteristica_17299,caracteristica_17300,caracteristica_17301,caracteristica_17302,caracteristica_17303,caracteristica_17304,caracteristica_17305,caracteristica_17306,caracteristica_17307,caracteristica_17308,caracteristica_17309,caracteristica_17310,caracteristica_17311,caracteristica_17312,caracteristica_17313,caracteristica_17314,caracteristica_17315,caracteristica_17316,caracteristica_17317,caracteristica_17318,caracteristica_17319,caracteristica_17320,caracteristica_17321,caracteristica_17322,caracteristica_17323,caracteristica_17324,caracteristica_17325,caracteristica_17326,caracteristica_17327,caracteristica_17328,caracteristica_17329,caracteristica_17330,caracteristica_17331,caracteristica_17332,caracteristica_17333,caracteristica_17334,caracteristica_17335,caracteristica_17336,caracteristica_17337,caracteristica_17338,caracteristica_17339,caracteristica_17340,caracteristica_17341,caracteristica_17342,caracteristica_17343,caracteristica_17344,caracteristica_17345,caracteristica_17346,caracteristica_17347,caracteristica_17348,caracteristica_17349,caracteristica_17350,caracteristica_17351,caracteristica_17352,caracteristica_17353,caracteristica_17354,caracteristica_17355,caracteristica_17356,caracteristica_17357,caracteristica_17358,caracteristica_17359,caracteristica_17360,caracteristica_17361,caracteristica_17362,caracteristica_17363,caracteristica_17364,caracteristica_17365,caracteristica_17366,caracteristica_17367,caracteristica_17368,caracteristica_17369,caracteristica_17370,caracteristica_17371,caracteristica_17372,caracteristica_17373,caracteristica_17374,caracteristica_17375,caracteristica_17376,caracteristica_17377,caracteristica_17378,caracteristica_17379,caracteristica_17380,caracteristica_17381,caracteristica_17382,caracteristica_17383,caracteristica_17384,caracteristica_17385,caracteristica_17386,caracteristica_17387,caracteristica_17388,caracteristica_17389,caracteristica_17390,caracteristica_17391,caracteristica_17392,caracteristica_17393,caracteristica_17394,caracteristica_17395,caracteristica_17396,caracteristica_17397,caracteristica_17398,caracteristica_17399,caracteristica_17400,caracteristica_17401,caracteristica_17402,caracteristica_17403,caracteristica_17404,caracteristica_17405,caracteristica_17406,caracteristica_17407,caracteristica_17408,caracteristica_17409,caracteristica_17410,caracteristica_17411,caracteristica_17412,caracteristica_17413,caracteristica_17414,caracteristica_17415,caracteristica_17416,caracteristica_17417,caracteristica_17418,caracteristica_17419,caracteristica_17420,caracteristica_17421,caracteristica_17422,caracteristica_17423,caracteristica_17424,caracteristica_17425,caracteristica_17426,caracteristica_17427,caracteristica_17428,caracteristica_17429,caracteristica_17430,caracteristica_17431,caracteristica_17432,caracteristica_17433,caracteristica_17434,caracteristica_17435,caracteristica_17436,caracteristica_17437,caracteristica_17438,caracteristica_17439,caracteristica_17440,caracteristica_17441,caracteristica_17442,caracteristica_17443,caracteristica_17444,caracteristica_17445,caracteristica_17446,caracteristica_17447,caracteristica_17448,caracteristica_17449,caracteristica_17450,caracteristica_17451,caracteristica_17452,caracteristica_17453,caracteristica_17454,caracteristica_17455,caracteristica_17456,caracteristica_17457,caracteristica_17458,caracteristica_17459,caracteristica_17460,caracteristica_17461,caracteristica_17462,caracteristica_17463,caracteristica_17464,caracteristica_17465,caracteristica_17466,caracteristica_17467,caracteristica_17468,caracteristica_17469,caracteristica_17470,caracteristica_17471,caracteristica_17472,caracteristica_17473,caracteristica_17474,caracteristica_17475,caracteristica_17476,caracteristica_17477,caracteristica_17478,caracteristica_17479,caracteristica_17480,caracteristica_17481,caracteristica_17482,caracteristica_17483,caracteristica_17484,caracteristica_17485,caracteristica_17486,caracteristica_17487,caracteristica_17488,caracteristica_17489,caracteristica_17490,caracteristica_17491,caracteristica_17492,caracteristica_17493,caracteristica_17494,caracteristica_17495,caracteristica_17496,caracteristica_17497,caracteristica_17498,caracteristica_17499,caracteristica_17500,caracteristica_17501,caracteristica_17502,caracteristica_17503,caracteristica_17504,caracteristica_17505,caracteristica_17506,caracteristica_17507,caracteristica_17508,caracteristica_17509,caracteristica_17510,caracteristica_17511,caracteristica_17512,caracteristica_17513,caracteristica_17514,caracteristica_17515,caracteristica_17516,caracteristica_17517,caracteristica_17518,caracteristica_17519,caracteristica_17520,caracteristica_17521,caracteristica_17522,caracteristica_17523,caracteristica_17524,caracteristica_17525,caracteristica_17526,caracteristica_17527,caracteristica_17528,caracteristica_17529,caracteristica_17530,caracteristica_17531,caracteristica_17532,caracteristica_17533,caracteristica_17534,caracteristica_17535,caracteristica_17536,caracteristica_17537,caracteristica_17538,caracteristica_17539,caracteristica_17540,caracteristica_17541,caracteristica_17542,caracteristica_17543,caracteristica_17544,caracteristica_17545,caracteristica_17546,caracteristica_17547,caracteristica_17548,caracteristica_17549,caracteristica_17550,caracteristica_17551,caracteristica_17552,caracteristica_17553,caracteristica_17554,caracteristica_17555,caracteristica_17556,caracteristica_17557,caracteristica_17558,caracteristica_17559,caracteristica_17560,caracteristica_17561,caracteristica_17562,caracteristica_17563,caracteristica_17564,caracteristica_17565,caracteristica_17566,caracteristica_17567,caracteristica_17568,caracteristica_17569,caracteristica_17570,caracteristica_17571,caracteristica_17572,caracteristica_17573,caracteristica_17574,caracteristica_17575,caracteristica_17576,caracteristica_17577,caracteristica_17578,caracteristica_17579,caracteristica_17580,caracteristica_17581,caracteristica_17582,caracteristica_17583,caracteristica_17584,caracteristica_17585,caracteristica_17586,caracteristica_17587,caracteristica_17588,caracteristica_17589,caracteristica_17590,caracteristica_17591,caracteristica_17592,caracteristica_17593,caracteristica_17594,caracteristica_17595,caracteristica_17596,caracteristica_17597,caracteristica_17598,caracteristica_17599,caracteristica_17600,caracteristica_17601,caracteristica_17602,caracteristica_17603,caracteristica_17604,caracteristica_17605,caracteristica_17606,caracteristica_17607,caracteristica_17608,caracteristica_17609,caracteristica_17610,caracteristica_17611,caracteristica_17612,caracteristica_17613,caracteristica_17614,caracteristica_17615,caracteristica_17616,caracteristica_17617,caracteristica_17618,caracteristica_17619,caracteristica_17620,caracteristica_17621,caracteristica_17622,caracteristica_17623,caracteristica_17624,caracteristica_17625,caracteristica_17626,caracteristica_17627,caracteristica_17628,caracteristica_17629,caracteristica_17630,caracteristica_17631,caracteristica_17632,caracteristica_17633,caracteristica_17634,caracteristica_17635,caracteristica_17636,caracteristica_17637,caracteristica_17638,caracteristica_17639,caracteristica_17640,caracteristica_17641,caracteristica_17642,caracteristica_17643,caracteristica_17644,caracteristica_17645,caracteristica_17646,caracteristica_17647,caracteristica_17648,caracteristica_17649,caracteristica_17650,caracteristica_17651,caracteristica_17652,caracteristica_17653,caracteristica_17654,caracteristica_17655,caracteristica_17656,caracteristica_17657,caracteristica_17658,caracteristica_17659,caracteristica_17660,caracteristica_17661,caracteristica_17662,caracteristica_17663,caracteristica_17664,caracteristica_17665,caracteristica_17666,caracteristica_17667,caracteristica_17668,caracteristica_17669,caracteristica_17670,caracteristica_17671,caracteristica_17672,caracteristica_17673,caracteristica_17674,caracteristica_17675,caracteristica_17676,caracteristica_17677,caracteristica_17678,caracteristica_17679,caracteristica_17680,caracteristica_17681,caracteristica_17682,caracteristica_17683,caracteristica_17684,caracteristica_17685,caracteristica_17686,caracteristica_17687,caracteristica_17688,caracteristica_17689,caracteristica_17690,caracteristica_17691,caracteristica_17692,caracteristica_17693,caracteristica_17694,caracteristica_17695,caracteristica_17696,caracteristica_17697,caracteristica_17698,caracteristica_17699,caracteristica_17700,caracteristica_17701,caracteristica_17702,caracteristica_17703,caracteristica_17704,caracteristica_17705,caracteristica_17706,caracteristica_17707,caracteristica_17708,caracteristica_17709,caracteristica_17710,caracteristica_17711,caracteristica_17712,caracteristica_17713,caracteristica_17714,caracteristica_17715,caracteristica_17716,caracteristica_17717,caracteristica_17718,caracteristica_17719,caracteristica_17720,caracteristica_17721,caracteristica_17722,caracteristica_17723,caracteristica_17724,caracteristica_17725,caracteristica_17726,caracteristica_17727,caracteristica_17728,caracteristica_17729,caracteristica_17730,caracteristica_17731,caracteristica_17732,caracteristica_17733,caracteristica_17734,caracteristica_17735,caracteristica_17736,caracteristica_17737,caracteristica_17738,caracteristica_17739,caracteristica_17740,caracteristica_17741,caracteristica_17742,caracteristica_17743,caracteristica_17744,caracteristica_17745,caracteristica_17746,caracteristica_17747,caracteristica_17748,caracteristica_17749,caracteristica_17750,caracteristica_17751,caracteristica_17752,caracteristica_17753,caracteristica_17754,caracteristica_17755,caracteristica_17756,caracteristica_17757,caracteristica_17758,caracteristica_17759,caracteristica_17760,caracteristica_17761,caracteristica_17762,caracteristica_17763,caracteristica_17764,caracteristica_17765,caracteristica_17766,caracteristica_17767,caracteristica_17768,caracteristica_17769,caracteristica_17770,caracteristica_17771,caracteristica_17772,caracteristica_17773,caracteristica_17774,caracteristica_17775,caracteristica_17776,caracteristica_17777,caracteristica_17778,caracteristica_17779,caracteristica_17780,caracteristica_17781,caracteristica_17782,caracteristica_17783,caracteristica_17784,caracteristica_17785,caracteristica_17786,caracteristica_17787,caracteristica_17788,caracteristica_17789,caracteristica_17790,caracteristica_17791,caracteristica_17792,caracteristica_17793,caracteristica_17794,caracteristica_17795,caracteristica_17796,caracteristica_17797,caracteristica_17798,caracteristica_17799,caracteristica_17800,caracteristica_17801,caracteristica_17802,caracteristica_17803,caracteristica_17804,caracteristica_17805,caracteristica_17806,caracteristica_17807,caracteristica_17808,caracteristica_17809,caracteristica_17810,caracteristica_17811,caracteristica_17812,caracteristica_17813,caracteristica_17814,caracteristica_17815,caracteristica_17816,caracteristica_17817,caracteristica_17818,caracteristica_17819,caracteristica_17820,caracteristica_17821,caracteristica_17822,caracteristica_17823,caracteristica_17824,caracteristica_17825,caracteristica_17826,caracteristica_17827,caracteristica_17828,caracteristica_17829,caracteristica_17830,caracteristica_17831,caracteristica_17832,caracteristica_17833,caracteristica_17834,caracteristica_17835,caracteristica_17836,caracteristica_17837,caracteristica_17838,caracteristica_17839,caracteristica_17840,caracteristica_17841,caracteristica_17842,caracteristica_17843,caracteristica_17844,caracteristica_17845,caracteristica_17846,caracteristica_17847,caracteristica_17848,caracteristica_17849,caracteristica_17850,caracteristica_17851,caracteristica_17852,caracteristica_17853,caracteristica_17854,caracteristica_17855,caracteristica_17856,caracteristica_17857,caracteristica_17858,caracteristica_17859,caracteristica_17860,caracteristica_17861,caracteristica_17862,caracteristica_17863,caracteristica_17864,caracteristica_17865,caracteristica_17866,caracteristica_17867,caracteristica_17868,caracteristica_17869,caracteristica_17870,caracteristica_17871,caracteristica_17872,caracteristica_17873,caracteristica_17874,caracteristica_17875,caracteristica_17876,caracteristica_17877,caracteristica_17878,caracteristica_17879,caracteristica_17880,caracteristica_17881,caracteristica_17882,caracteristica_17883,caracteristica_17884,caracteristica_17885,caracteristica_17886,caracteristica_17887,caracteristica_17888,caracteristica_17889,caracteristica_17890,caracteristica_17891,caracteristica_17892,caracteristica_17893,caracteristica_17894,caracteristica_17895,caracteristica_17896,caracteristica_17897,caracteristica_17898,caracteristica_17899,caracteristica_17900,caracteristica_17901,caracteristica_17902,caracteristica_17903,caracteristica_17904,caracteristica_17905,caracteristica_17906,caracteristica_17907,caracteristica_17908,caracteristica_17909,caracteristica_17910,caracteristica_17911,caracteristica_17912,caracteristica_17913,caracteristica_17914,caracteristica_17915,caracteristica_17916,caracteristica_17917,caracteristica_17918,caracteristica_17919,caracteristica_17920,caracteristica_17921,caracteristica_17922,caracteristica_17923,caracteristica_17924,caracteristica_17925,caracteristica_17926,caracteristica_17927,caracteristica_17928,caracteristica_17929,caracteristica_17930,caracteristica_17931,caracteristica_17932,caracteristica_17933,caracteristica_17934,caracteristica_17935,caracteristica_17936,caracteristica_17937,caracteristica_17938,caracteristica_17939,caracteristica_17940,caracteristica_17941,caracteristica_17942,caracteristica_17943,caracteristica_17944,caracteristica_17945,caracteristica_17946,caracteristica_17947,caracteristica_17948,caracteristica_17949,caracteristica_17950,caracteristica_17951,caracteristica_17952,caracteristica_17953,caracteristica_17954,caracteristica_17955,caracteristica_17956,caracteristica_17957,caracteristica_17958,caracteristica_17959,caracteristica_17960,caracteristica_17961,caracteristica_17962,caracteristica_17963,caracteristica_17964,caracteristica_17965,caracteristica_17966,caracteristica_17967,caracteristica_17968,caracteristica_17969,caracteristica_17970,caracteristica_17971,caracteristica_17972,caracteristica_17973,caracteristica_17974,caracteristica_17975,caracteristica_17976,caracteristica_17977,caracteristica_17978,caracteristica_17979,caracteristica_17980,caracteristica_17981,caracteristica_17982,caracteristica_17983,caracteristica_17984,caracteristica_17985,caracteristica_17986,caracteristica_17987,caracteristica_17988,caracteristica_17989,caracteristica_17990,caracteristica_17991,caracteristica_17992,caracteristica_17993,caracteristica_17994,caracteristica_17995,caracteristica_17996,caracteristica_17997,caracteristica_17998,caracteristica_17999,caracteristica_18000,caracteristica_18001,caracteristica_18002,caracteristica_18003,caracteristica_18004,caracteristica_18005,caracteristica_18006,caracteristica_18007,caracteristica_18008,caracteristica_18009,caracteristica_18010,caracteristica_18011,caracteristica_18012,caracteristica_18013,caracteristica_18014,caracteristica_18015,caracteristica_18016,caracteristica_18017,caracteristica_18018,caracteristica_18019,caracteristica_18020,caracteristica_18021,caracteristica_18022,caracteristica_18023,caracteristica_18024,caracteristica_18025,caracteristica_18026,caracteristica_18027,caracteristica_18028,caracteristica_18029,caracteristica_18030,caracteristica_18031,caracteristica_18032,caracteristica_18033,caracteristica_18034,caracteristica_18035,caracteristica_18036,caracteristica_18037,caracteristica_18038,caracteristica_18039,caracteristica_18040,caracteristica_18041,caracteristica_18042,caracteristica_18043,caracteristica_18044,caracteristica_18045,caracteristica_18046,caracteristica_18047,caracteristica_18048,caracteristica_18049,caracteristica_18050,caracteristica_18051,caracteristica_18052,caracteristica_18053,caracteristica_18054,caracteristica_18055,caracteristica_18056,caracteristica_18057,caracteristica_18058,caracteristica_18059,caracteristica_18060,caracteristica_18061,caracteristica_18062,caracteristica_18063,caracteristica_18064,caracteristica_18065,caracteristica_18066,caracteristica_18067,caracteristica_18068,caracteristica_18069,caracteristica_18070,caracteristica_18071,caracteristica_18072,caracteristica_18073,caracteristica_18074,caracteristica_18075,caracteristica_18076,caracteristica_18077,caracteristica_18078,caracteristica_18079,caracteristica_18080,caracteristica_18081,caracteristica_18082,caracteristica_18083,caracteristica_18084,caracteristica_18085,caracteristica_18086,caracteristica_18087,caracteristica_18088,caracteristica_18089,caracteristica_18090,caracteristica_18091,caracteristica_18092,caracteristica_18093,caracteristica_18094,caracteristica_18095,caracteristica_18096,caracteristica_18097,caracteristica_18098,caracteristica_18099,caracteristica_18100,caracteristica_18101,caracteristica_18102,caracteristica_18103,caracteristica_18104,caracteristica_18105,caracteristica_18106,caracteristica_18107,caracteristica_18108,caracteristica_18109,caracteristica_18110,caracteristica_18111,caracteristica_18112,caracteristica_18113,caracteristica_18114,caracteristica_18115,caracteristica_18116,caracteristica_18117,caracteristica_18118,caracteristica_18119,caracteristica_18120,caracteristica_18121,caracteristica_18122,caracteristica_18123,caracteristica_18124,caracteristica_18125,caracteristica_18126,caracteristica_18127,caracteristica_18128,caracteristica_18129,caracteristica_18130,caracteristica_18131,caracteristica_18132,caracteristica_18133,caracteristica_18134,caracteristica_18135,caracteristica_18136,caracteristica_18137,caracteristica_18138,caracteristica_18139,caracteristica_18140,caracteristica_18141,caracteristica_18142,caracteristica_18143,caracteristica_18144,caracteristica_18145,caracteristica_18146,caracteristica_18147,caracteristica_18148,caracteristica_18149,caracteristica_18150,caracteristica_18151,caracteristica_18152,caracteristica_18153,caracteristica_18154,caracteristica_18155,caracteristica_18156,caracteristica_18157,caracteristica_18158,caracteristica_18159,caracteristica_18160,caracteristica_18161,caracteristica_18162,caracteristica_18163,caracteristica_18164,caracteristica_18165,caracteristica_18166,caracteristica_18167,caracteristica_18168,caracteristica_18169,caracteristica_18170,caracteristica_18171,caracteristica_18172,caracteristica_18173,caracteristica_18174,caracteristica_18175,caracteristica_18176,caracteristica_18177,caracteristica_18178,caracteristica_18179,caracteristica_18180,caracteristica_18181,caracteristica_18182,caracteristica_18183,caracteristica_18184,caracteristica_18185,caracteristica_18186,caracteristica_18187,caracteristica_18188,caracteristica_18189,caracteristica_18190,caracteristica_18191,caracteristica_18192,caracteristica_18193,caracteristica_18194,caracteristica_18195,caracteristica_18196,caracteristica_18197,caracteristica_18198,caracteristica_18199,caracteristica_18200,caracteristica_18201,caracteristica_18202,caracteristica_18203,caracteristica_18204,caracteristica_18205,caracteristica_18206,caracteristica_18207,caracteristica_18208,caracteristica_18209,caracteristica_18210,caracteristica_18211,caracteristica_18212,caracteristica_18213,caracteristica_18214,caracteristica_18215,caracteristica_18216,caracteristica_18217,caracteristica_18218,caracteristica_18219,caracteristica_18220,caracteristica_18221,caracteristica_18222,caracteristica_18223,caracteristica_18224,caracteristica_18225,caracteristica_18226,caracteristica_18227,caracteristica_18228,caracteristica_18229,caracteristica_18230,caracteristica_18231,caracteristica_18232,caracteristica_18233,caracteristica_18234,caracteristica_18235,caracteristica_18236,caracteristica_18237,caracteristica_18238,caracteristica_18239,caracteristica_18240,caracteristica_18241,caracteristica_18242,caracteristica_18243,caracteristica_18244,caracteristica_18245,caracteristica_18246,caracteristica_18247,caracteristica_18248,caracteristica_18249,caracteristica_18250,caracteristica_18251,caracteristica_18252,caracteristica_18253,caracteristica_18254,caracteristica_18255,caracteristica_18256,caracteristica_18257,caracteristica_18258,caracteristica_18259,caracteristica_18260,caracteristica_18261,caracteristica_18262,caracteristica_18263,caracteristica_18264,caracteristica_18265,caracteristica_18266,caracteristica_18267,caracteristica_18268,caracteristica_18269,caracteristica_18270,caracteristica_18271,caracteristica_18272,caracteristica_18273,caracteristica_18274,caracteristica_18275,caracteristica_18276,caracteristica_18277,caracteristica_18278,caracteristica_18279,caracteristica_18280,caracteristica_18281,caracteristica_18282,caracteristica_18283,caracteristica_18284,caracteristica_18285,caracteristica_18286,caracteristica_18287,caracteristica_18288,caracteristica_18289,caracteristica_18290,caracteristica_18291,caracteristica_18292,caracteristica_18293,caracteristica_18294,caracteristica_18295,caracteristica_18296,caracteristica_18297,caracteristica_18298,caracteristica_18299,caracteristica_18300,caracteristica_18301,caracteristica_18302,caracteristica_18303,caracteristica_18304,caracteristica_18305,caracteristica_18306,caracteristica_18307,caracteristica_18308,caracteristica_18309,caracteristica_18310,caracteristica_18311,caracteristica_18312,caracteristica_18313,caracteristica_18314,caracteristica_18315,caracteristica_18316,caracteristica_18317,caracteristica_18318,caracteristica_18319,caracteristica_18320,caracteristica_18321,caracteristica_18322,caracteristica_18323,caracteristica_18324,caracteristica_18325,caracteristica_18326,caracteristica_18327,caracteristica_18328,caracteristica_18329,caracteristica_18330,caracteristica_18331,caracteristica_18332,caracteristica_18333,caracteristica_18334,caracteristica_18335,caracteristica_18336,caracteristica_18337,caracteristica_18338,caracteristica_18339,caracteristica_18340,caracteristica_18341,caracteristica_18342,caracteristica_18343,caracteristica_18344,caracteristica_18345,caracteristica_18346,caracteristica_18347,caracteristica_18348,caracteristica_18349,caracteristica_18350,caracteristica_18351,caracteristica_18352,caracteristica_18353,caracteristica_18354,caracteristica_18355,caracteristica_18356,caracteristica_18357,caracteristica_18358,caracteristica_18359,caracteristica_18360,caracteristica_18361,caracteristica_18362,caracteristica_18363,caracteristica_18364,caracteristica_18365,caracteristica_18366,caracteristica_18367,caracteristica_18368,caracteristica_18369,caracteristica_18370,caracteristica_18371,caracteristica_18372,caracteristica_18373,caracteristica_18374,caracteristica_18375,caracteristica_18376,caracteristica_18377,caracteristica_18378,caracteristica_18379,caracteristica_18380,caracteristica_18381,caracteristica_18382,caracteristica_18383,caracteristica_18384,caracteristica_18385,caracteristica_18386,caracteristica_18387,caracteristica_18388,caracteristica_18389,caracteristica_18390,caracteristica_18391,caracteristica_18392,caracteristica_18393,caracteristica_18394,caracteristica_18395,caracteristica_18396,caracteristica_18397,caracteristica_18398,caracteristica_18399,caracteristica_18400,caracteristica_18401,caracteristica_18402,caracteristica_18403,caracteristica_18404,caracteristica_18405,caracteristica_18406,caracteristica_18407,caracteristica_18408,caracteristica_18409,caracteristica_18410,caracteristica_18411,caracteristica_18412,caracteristica_18413,caracteristica_18414,caracteristica_18415,caracteristica_18416,caracteristica_18417,caracteristica_18418,caracteristica_18419,caracteristica_18420,caracteristica_18421,caracteristica_18422,caracteristica_18423,caracteristica_18424,caracteristica_18425,caracteristica_18426,caracteristica_18427,caracteristica_18428,caracteristica_18429,caracteristica_18430,caracteristica_18431,caracteristica_18432,caracteristica_18433,caracteristica_18434,caracteristica_18435,caracteristica_18436,caracteristica_18437,caracteristica_18438,caracteristica_18439,caracteristica_18440,caracteristica_18441,caracteristica_18442,caracteristica_18443,caracteristica_18444,caracteristica_18445,caracteristica_18446,caracteristica_18447,caracteristica_18448,caracteristica_18449,caracteristica_18450,caracteristica_18451,caracteristica_18452,caracteristica_18453,caracteristica_18454,caracteristica_18455,caracteristica_18456,caracteristica_18457,caracteristica_18458,caracteristica_18459,caracteristica_18460,caracteristica_18461,caracteristica_18462,caracteristica_18463,caracteristica_18464,caracteristica_18465,caracteristica_18466,caracteristica_18467,caracteristica_18468,caracteristica_18469,caracteristica_18470,caracteristica_18471,caracteristica_18472,caracteristica_18473,caracteristica_18474,caracteristica_18475,caracteristica_18476,caracteristica_18477,caracteristica_18478,caracteristica_18479,caracteristica_18480,caracteristica_18481,caracteristica_18482,caracteristica_18483,caracteristica_18484,caracteristica_18485,caracteristica_18486,caracteristica_18487,caracteristica_18488,caracteristica_18489,caracteristica_18490,caracteristica_18491,caracteristica_18492,caracteristica_18493,caracteristica_18494,caracteristica_18495,caracteristica_18496,caracteristica_18497,caracteristica_18498,caracteristica_18499,caracteristica_18500,caracteristica_18501,caracteristica_18502,caracteristica_18503,caracteristica_18504,caracteristica_18505,caracteristica_18506,caracteristica_18507,caracteristica_18508,caracteristica_18509,caracteristica_18510,caracteristica_18511,caracteristica_18512,caracteristica_18513,caracteristica_18514,caracteristica_18515,caracteristica_18516,caracteristica_18517,caracteristica_18518,caracteristica_18519,caracteristica_18520,caracteristica_18521,caracteristica_18522,caracteristica_18523,caracteristica_18524,caracteristica_18525,caracteristica_18526,caracteristica_18527,caracteristica_18528,caracteristica_18529,caracteristica_18530,caracteristica_18531,caracteristica_18532,caracteristica_18533,caracteristica_18534,caracteristica_18535,caracteristica_18536,caracteristica_18537,caracteristica_18538,caracteristica_18539,caracteristica_18540,caracteristica_18541,caracteristica_18542,caracteristica_18543,caracteristica_18544,caracteristica_18545,caracteristica_18546,caracteristica_18547,caracteristica_18548,caracteristica_18549,caracteristica_18550,caracteristica_18551,caracteristica_18552,caracteristica_18553,caracteristica_18554,caracteristica_18555,caracteristica_18556,caracteristica_18557,caracteristica_18558,caracteristica_18559,caracteristica_18560,caracteristica_18561,caracteristica_18562,caracteristica_18563,caracteristica_18564,caracteristica_18565,caracteristica_18566,caracteristica_18567,caracteristica_18568,caracteristica_18569,caracteristica_18570,caracteristica_18571,caracteristica_18572,caracteristica_18573,caracteristica_18574,caracteristica_18575,caracteristica_18576,caracteristica_18577,caracteristica_18578,caracteristica_18579,caracteristica_18580,caracteristica_18581,caracteristica_18582,caracteristica_18583,caracteristica_18584,caracteristica_18585,caracteristica_18586,caracteristica_18587,caracteristica_18588,caracteristica_18589,caracteristica_18590,caracteristica_18591,caracteristica_18592,caracteristica_18593,caracteristica_18594,caracteristica_18595,caracteristica_18596,caracteristica_18597,caracteristica_18598,caracteristica_18599,caracteristica_18600,caracteristica_18601,caracteristica_18602,caracteristica_18603,caracteristica_18604,caracteristica_18605,caracteristica_18606,caracteristica_18607,caracteristica_18608,caracteristica_18609,caracteristica_18610,caracteristica_18611,caracteristica_18612,caracteristica_18613,caracteristica_18614,caracteristica_18615,caracteristica_18616,caracteristica_18617,caracteristica_18618,caracteristica_18619,caracteristica_18620,caracteristica_18621,caracteristica_18622,caracteristica_18623,caracteristica_18624,caracteristica_18625,caracteristica_18626,caracteristica_18627,caracteristica_18628,caracteristica_18629,caracteristica_18630,caracteristica_18631,caracteristica_18632,caracteristica_18633,caracteristica_18634,caracteristica_18635,caracteristica_18636,caracteristica_18637,caracteristica_18638,caracteristica_18639,caracteristica_18640,caracteristica_18641,caracteristica_18642,caracteristica_18643,caracteristica_18644,caracteristica_18645,caracteristica_18646,caracteristica_18647,caracteristica_18648,caracteristica_18649,caracteristica_18650,caracteristica_18651,caracteristica_18652,caracteristica_18653,caracteristica_18654,caracteristica_18655,caracteristica_18656,caracteristica_18657,caracteristica_18658,caracteristica_18659,caracteristica_18660,caracteristica_18661,caracteristica_18662,caracteristica_18663,caracteristica_18664,caracteristica_18665,caracteristica_18666,caracteristica_18667,caracteristica_18668,caracteristica_18669,caracteristica_18670,caracteristica_18671,caracteristica_18672,caracteristica_18673,caracteristica_18674,caracteristica_18675,caracteristica_18676,caracteristica_18677,caracteristica_18678,caracteristica_18679,caracteristica_18680,caracteristica_18681,caracteristica_18682,caracteristica_18683,caracteristica_18684,caracteristica_18685,caracteristica_18686,caracteristica_18687,caracteristica_18688,caracteristica_18689,caracteristica_18690,caracteristica_18691,caracteristica_18692,caracteristica_18693,caracteristica_18694,caracteristica_18695,caracteristica_18696,caracteristica_18697,caracteristica_18698,caracteristica_18699,caracteristica_18700,caracteristica_18701,caracteristica_18702,caracteristica_18703,caracteristica_18704,caracteristica_18705,caracteristica_18706,caracteristica_18707,caracteristica_18708,caracteristica_18709,caracteristica_18710,caracteristica_18711,caracteristica_18712,caracteristica_18713,caracteristica_18714,caracteristica_18715,caracteristica_18716,caracteristica_18717,caracteristica_18718,caracteristica_18719,caracteristica_18720,caracteristica_18721,caracteristica_18722,caracteristica_18723,caracteristica_18724,caracteristica_18725,caracteristica_18726,caracteristica_18727,caracteristica_18728,caracteristica_18729,caracteristica_18730,caracteristica_18731,caracteristica_18732,caracteristica_18733,caracteristica_18734,caracteristica_18735,caracteristica_18736,caracteristica_18737,caracteristica_18738,caracteristica_18739,caracteristica_18740,caracteristica_18741,caracteristica_18742,caracteristica_18743,caracteristica_18744,caracteristica_18745,caracteristica_18746,caracteristica_18747,caracteristica_18748,caracteristica_18749,caracteristica_18750,caracteristica_18751,caracteristica_18752,caracteristica_18753,caracteristica_18754,caracteristica_18755,caracteristica_18756,caracteristica_18757,caracteristica_18758,caracteristica_18759,caracteristica_18760,caracteristica_18761,caracteristica_18762,caracteristica_18763,caracteristica_18764,caracteristica_18765,caracteristica_18766,caracteristica_18767,caracteristica_18768,caracteristica_18769,caracteristica_18770,caracteristica_18771,caracteristica_18772,caracteristica_18773,caracteristica_18774,caracteristica_18775,caracteristica_18776,caracteristica_18777,caracteristica_18778,caracteristica_18779,caracteristica_18780,caracteristica_18781,caracteristica_18782,caracteristica_18783,caracteristica_18784,caracteristica_18785,caracteristica_18786,caracteristica_18787,caracteristica_18788,caracteristica_18789,caracteristica_18790,caracteristica_18791,caracteristica_18792,caracteristica_18793,caracteristica_18794,caracteristica_18795,caracteristica_18796,caracteristica_18797,caracteristica_18798,caracteristica_18799,caracteristica_18800,caracteristica_18801,caracteristica_18802,caracteristica_18803,caracteristica_18804,caracteristica_18805,caracteristica_18806,caracteristica_18807,caracteristica_18808,caracteristica_18809,caracteristica_18810,caracteristica_18811,caracteristica_18812,caracteristica_18813,caracteristica_18814,caracteristica_18815,caracteristica_18816,caracteristica_18817,caracteristica_18818,caracteristica_18819,caracteristica_18820,caracteristica_18821,caracteristica_18822,caracteristica_18823,caracteristica_18824,caracteristica_18825,caracteristica_18826,caracteristica_18827,caracteristica_18828,caracteristica_18829,caracteristica_18830,caracteristica_18831,caracteristica_18832,caracteristica_18833,caracteristica_18834,caracteristica_18835,caracteristica_18836,caracteristica_18837,caracteristica_18838,caracteristica_18839,caracteristica_18840,caracteristica_18841,caracteristica_18842,caracteristica_18843,caracteristica_18844,caracteristica_18845,caracteristica_18846,caracteristica_18847,caracteristica_18848,caracteristica_18849,caracteristica_18850,caracteristica_18851,caracteristica_18852,caracteristica_18853,caracteristica_18854,caracteristica_18855,caracteristica_18856,caracteristica_18857,caracteristica_18858,caracteristica_18859,caracteristica_18860,caracteristica_18861,caracteristica_18862,caracteristica_18863,caracteristica_18864,caracteristica_18865,caracteristica_18866,caracteristica_18867,caracteristica_18868,caracteristica_18869,caracteristica_18870,caracteristica_18871,caracteristica_18872,caracteristica_18873,caracteristica_18874,caracteristica_18875,caracteristica_18876,caracteristica_18877,caracteristica_18878,caracteristica_18879,caracteristica_18880,caracteristica_18881,caracteristica_18882,caracteristica_18883,caracteristica_18884,caracteristica_18885,caracteristica_18886,caracteristica_18887,caracteristica_18888,caracteristica_18889,caracteristica_18890,caracteristica_18891,caracteristica_18892,caracteristica_18893,caracteristica_18894,caracteristica_18895,caracteristica_18896,caracteristica_18897,caracteristica_18898,caracteristica_18899,caracteristica_18900,caracteristica_18901,caracteristica_18902,caracteristica_18903,caracteristica_18904,caracteristica_18905,caracteristica_18906,caracteristica_18907,caracteristica_18908,caracteristica_18909,caracteristica_18910,caracteristica_18911,caracteristica_18912,caracteristica_18913,caracteristica_18914,caracteristica_18915,caracteristica_18916,caracteristica_18917,caracteristica_18918,caracteristica_18919,caracteristica_18920,caracteristica_18921,caracteristica_18922,caracteristica_18923,caracteristica_18924,caracteristica_18925,caracteristica_18926,caracteristica_18927,caracteristica_18928,caracteristica_18929,caracteristica_18930,caracteristica_18931,caracteristica_18932,caracteristica_18933,caracteristica_18934,caracteristica_18935,caracteristica_18936,caracteristica_18937,caracteristica_18938,caracteristica_18939,caracteristica_18940,caracteristica_18941,caracteristica_18942,caracteristica_18943,caracteristica_18944,caracteristica_18945,caracteristica_18946,caracteristica_18947,caracteristica_18948,caracteristica_18949,caracteristica_18950,caracteristica_18951,caracteristica_18952,caracteristica_18953,caracteristica_18954,caracteristica_18955,caracteristica_18956,caracteristica_18957,caracteristica_18958,caracteristica_18959,caracteristica_18960,caracteristica_18961,caracteristica_18962,caracteristica_18963,caracteristica_18964,caracteristica_18965,caracteristica_18966,caracteristica_18967,caracteristica_18968,caracteristica_18969,caracteristica_18970,caracteristica_18971,caracteristica_18972,caracteristica_18973,caracteristica_18974,caracteristica_18975,caracteristica_18976,caracteristica_18977,caracteristica_18978,caracteristica_18979,caracteristica_18980,caracteristica_18981,caracteristica_18982,caracteristica_18983,caracteristica_18984,caracteristica_18985,caracteristica_18986,caracteristica_18987,caracteristica_18988,caracteristica_18989,caracteristica_18990,caracteristica_18991,caracteristica_18992,caracteristica_18993,caracteristica_18994,caracteristica_18995,caracteristica_18996,caracteristica_18997,caracteristica_18998,caracteristica_18999,caracteristica_19000,caracteristica_19001,caracteristica_19002,caracteristica_19003,caracteristica_19004,caracteristica_19005,caracteristica_19006,caracteristica_19007,caracteristica_19008,caracteristica_19009,caracteristica_19010,caracteristica_19011,caracteristica_19012,caracteristica_19013,caracteristica_19014,caracteristica_19015,caracteristica_19016,caracteristica_19017,caracteristica_19018,caracteristica_19019,caracteristica_19020,caracteristica_19021,caracteristica_19022,caracteristica_19023,caracteristica_19024,caracteristica_19025,caracteristica_19026,caracteristica_19027,caracteristica_19028,caracteristica_19029,caracteristica_19030,caracteristica_19031,caracteristica_19032,caracteristica_19033,caracteristica_19034,caracteristica_19035,caracteristica_19036,caracteristica_19037,caracteristica_19038,caracteristica_19039,caracteristica_19040,caracteristica_19041,caracteristica_19042,caracteristica_19043,caracteristica_19044,caracteristica_19045,caracteristica_19046,caracteristica_19047,caracteristica_19048,caracteristica_19049,caracteristica_19050,caracteristica_19051,caracteristica_19052,caracteristica_19053,caracteristica_19054,caracteristica_19055,caracteristica_19056,caracteristica_19057,caracteristica_19058,caracteristica_19059,caracteristica_19060,caracteristica_19061,caracteristica_19062,caracteristica_19063,caracteristica_19064,caracteristica_19065,caracteristica_19066,caracteristica_19067,caracteristica_19068,caracteristica_19069,caracteristica_19070,caracteristica_19071,caracteristica_19072,caracteristica_19073,caracteristica_19074,caracteristica_19075,caracteristica_19076,caracteristica_19077,caracteristica_19078,caracteristica_19079,caracteristica_19080,caracteristica_19081,caracteristica_19082,caracteristica_19083,caracteristica_19084,caracteristica_19085,caracteristica_19086,caracteristica_19087,caracteristica_19088,caracteristica_19089,caracteristica_19090,caracteristica_19091,caracteristica_19092,caracteristica_19093,caracteristica_19094,caracteristica_19095,caracteristica_19096,caracteristica_19097,caracteristica_19098,caracteristica_19099,caracteristica_19100,caracteristica_19101,caracteristica_19102,caracteristica_19103,caracteristica_19104,caracteristica_19105,caracteristica_19106,caracteristica_19107,caracteristica_19108,caracteristica_19109,caracteristica_19110,caracteristica_19111,caracteristica_19112,caracteristica_19113,caracteristica_19114,caracteristica_19115,caracteristica_19116,caracteristica_19117,caracteristica_19118,caracteristica_19119,caracteristica_19120,caracteristica_19121,caracteristica_19122,caracteristica_19123,caracteristica_19124,caracteristica_19125,caracteristica_19126,caracteristica_19127,caracteristica_19128,caracteristica_19129,caracteristica_19130,caracteristica_19131,caracteristica_19132,caracteristica_19133,caracteristica_19134,caracteristica_19135,caracteristica_19136,caracteristica_19137,caracteristica_19138,caracteristica_19139,caracteristica_19140,caracteristica_19141,caracteristica_19142,caracteristica_19143,caracteristica_19144,caracteristica_19145,caracteristica_19146,caracteristica_19147,caracteristica_19148,caracteristica_19149,caracteristica_19150,caracteristica_19151,caracteristica_19152,caracteristica_19153,caracteristica_19154,caracteristica_19155,caracteristica_19156,caracteristica_19157,caracteristica_19158,caracteristica_19159,caracteristica_19160,caracteristica_19161,caracteristica_19162,caracteristica_19163,caracteristica_19164,caracteristica_19165,caracteristica_19166,caracteristica_19167,caracteristica_19168,caracteristica_19169,caracteristica_19170,caracteristica_19171,caracteristica_19172,caracteristica_19173,caracteristica_19174,caracteristica_19175,caracteristica_19176,caracteristica_19177,caracteristica_19178,caracteristica_19179,caracteristica_19180,caracteristica_19181,caracteristica_19182,caracteristica_19183,caracteristica_19184,caracteristica_19185,caracteristica_19186,caracteristica_19187,caracteristica_19188,caracteristica_19189,caracteristica_19190,caracteristica_19191,caracteristica_19192,caracteristica_19193,caracteristica_19194,caracteristica_19195,caracteristica_19196,caracteristica_19197,caracteristica_19198,caracteristica_19199,caracteristica_19200,caracteristica_19201,caracteristica_19202,caracteristica_19203,caracteristica_19204,caracteristica_19205,caracteristica_19206,caracteristica_19207,caracteristica_19208,caracteristica_19209,caracteristica_19210,caracteristica_19211,caracteristica_19212,caracteristica_19213,caracteristica_19214,caracteristica_19215,caracteristica_19216,caracteristica_19217,caracteristica_19218,caracteristica_19219,caracteristica_19220,caracteristica_19221,caracteristica_19222,caracteristica_19223,caracteristica_19224,caracteristica_19225,caracteristica_19226,caracteristica_19227,caracteristica_19228,caracteristica_19229,caracteristica_19230,caracteristica_19231,caracteristica_19232,caracteristica_19233,caracteristica_19234,caracteristica_19235,caracteristica_19236,caracteristica_19237,caracteristica_19238,caracteristica_19239,caracteristica_19240,caracteristica_19241,caracteristica_19242,caracteristica_19243,caracteristica_19244,caracteristica_19245,caracteristica_19246,caracteristica_19247,caracteristica_19248,caracteristica_19249,caracteristica_19250,caracteristica_19251,caracteristica_19252,caracteristica_19253,caracteristica_19254,caracteristica_19255,caracteristica_19256,caracteristica_19257,caracteristica_19258,caracteristica_19259,caracteristica_19260,caracteristica_19261,caracteristica_19262,caracteristica_19263,caracteristica_19264,caracteristica_19265,caracteristica_19266,caracteristica_19267,caracteristica_19268,caracteristica_19269,caracteristica_19270,caracteristica_19271,caracteristica_19272,caracteristica_19273,caracteristica_19274,caracteristica_19275,caracteristica_19276,caracteristica_19277,caracteristica_19278,caracteristica_19279,caracteristica_19280,caracteristica_19281,caracteristica_19282,caracteristica_19283,caracteristica_19284,caracteristica_19285,caracteristica_19286,caracteristica_19287,caracteristica_19288,caracteristica_19289,caracteristica_19290,caracteristica_19291,caracteristica_19292,caracteristica_19293,caracteristica_19294,caracteristica_19295,caracteristica_19296,caracteristica_19297,caracteristica_19298,caracteristica_19299,caracteristica_19300,caracteristica_19301,caracteristica_19302,caracteristica_19303,caracteristica_19304,caracteristica_19305,caracteristica_19306,caracteristica_19307,caracteristica_19308,caracteristica_19309,caracteristica_19310,caracteristica_19311,caracteristica_19312,caracteristica_19313,caracteristica_19314,caracteristica_19315,caracteristica_19316,caracteristica_19317,caracteristica_19318,caracteristica_19319,caracteristica_19320,caracteristica_19321,caracteristica_19322,caracteristica_19323,caracteristica_19324,caracteristica_19325,caracteristica_19326,caracteristica_19327,caracteristica_19328,caracteristica_19329,caracteristica_19330,caracteristica_19331,caracteristica_19332,caracteristica_19333,caracteristica_19334,caracteristica_19335,caracteristica_19336,caracteristica_19337,caracteristica_19338,caracteristica_19339,caracteristica_19340,caracteristica_19341,caracteristica_19342,caracteristica_19343,caracteristica_19344,caracteristica_19345,caracteristica_19346,caracteristica_19347,caracteristica_19348,caracteristica_19349,caracteristica_19350,caracteristica_19351,caracteristica_19352,caracteristica_19353,caracteristica_19354,caracteristica_19355,caracteristica_19356,caracteristica_19357,caracteristica_19358,caracteristica_19359,caracteristica_19360,caracteristica_19361,caracteristica_19362,caracteristica_19363,caracteristica_19364,caracteristica_19365,caracteristica_19366,caracteristica_19367,caracteristica_19368,caracteristica_19369,caracteristica_19370,caracteristica_19371,caracteristica_19372,caracteristica_19373,caracteristica_19374,caracteristica_19375,caracteristica_19376,caracteristica_19377,caracteristica_19378,caracteristica_19379,caracteristica_19380,caracteristica_19381,caracteristica_19382,caracteristica_19383,caracteristica_19384,caracteristica_19385,caracteristica_19386,caracteristica_19387,caracteristica_19388,caracteristica_19389,caracteristica_19390,caracteristica_19391,caracteristica_19392,caracteristica_19393,caracteristica_19394,caracteristica_19395,caracteristica_19396,caracteristica_19397,caracteristica_19398,caracteristica_19399,caracteristica_19400,caracteristica_19401,caracteristica_19402,caracteristica_19403,caracteristica_19404,caracteristica_19405,caracteristica_19406,caracteristica_19407,caracteristica_19408,caracteristica_19409,caracteristica_19410,caracteristica_19411,caracteristica_19412,caracteristica_19413,caracteristica_19414,caracteristica_19415,caracteristica_19416,caracteristica_19417,caracteristica_19418,caracteristica_19419,caracteristica_19420,caracteristica_19421,caracteristica_19422,caracteristica_19423,caracteristica_19424,caracteristica_19425,caracteristica_19426,caracteristica_19427,caracteristica_19428,caracteristica_19429,caracteristica_19430,caracteristica_19431,caracteristica_19432,caracteristica_19433,caracteristica_19434,caracteristica_19435,caracteristica_19436,caracteristica_19437,caracteristica_19438,caracteristica_19439,caracteristica_19440,caracteristica_19441,caracteristica_19442,caracteristica_19443,caracteristica_19444,caracteristica_19445,caracteristica_19446,caracteristica_19447,caracteristica_19448,caracteristica_19449,caracteristica_19450,caracteristica_19451,caracteristica_19452,caracteristica_19453,caracteristica_19454,caracteristica_19455,caracteristica_19456,caracteristica_19457,caracteristica_19458,caracteristica_19459,caracteristica_19460,caracteristica_19461,caracteristica_19462,caracteristica_19463,caracteristica_19464,caracteristica_19465,caracteristica_19466,caracteristica_19467,caracteristica_19468,caracteristica_19469,caracteristica_19470,caracteristica_19471,caracteristica_19472,caracteristica_19473,caracteristica_19474,caracteristica_19475,caracteristica_19476,caracteristica_19477,caracteristica_19478,caracteristica_19479,caracteristica_19480,caracteristica_19481,caracteristica_19482,caracteristica_19483,caracteristica_19484,caracteristica_19485,caracteristica_19486,caracteristica_19487,caracteristica_19488,caracteristica_19489,caracteristica_19490,caracteristica_19491,caracteristica_19492,caracteristica_19493,caracteristica_19494,caracteristica_19495,caracteristica_19496,caracteristica_19497,caracteristica_19498,caracteristica_19499,caracteristica_19500,caracteristica_19501,caracteristica_19502,caracteristica_19503,caracteristica_19504,caracteristica_19505,caracteristica_19506,caracteristica_19507,caracteristica_19508,caracteristica_19509,caracteristica_19510,caracteristica_19511,caracteristica_19512,caracteristica_19513,caracteristica_19514,caracteristica_19515,caracteristica_19516,caracteristica_19517,caracteristica_19518,caracteristica_19519,caracteristica_19520,caracteristica_19521,caracteristica_19522,caracteristica_19523,caracteristica_19524,caracteristica_19525,caracteristica_19526,caracteristica_19527,caracteristica_19528,caracteristica_19529,caracteristica_19530,caracteristica_19531,caracteristica_19532,caracteristica_19533,caracteristica_19534,caracteristica_19535,caracteristica_19536,caracteristica_19537,caracteristica_19538,caracteristica_19539,caracteristica_19540,caracteristica_19541,caracteristica_19542,caracteristica_19543,caracteristica_19544,caracteristica_19545,caracteristica_19546,caracteristica_19547,caracteristica_19548,caracteristica_19549,caracteristica_19550,caracteristica_19551,caracteristica_19552,caracteristica_19553,caracteristica_19554,caracteristica_19555,caracteristica_19556,caracteristica_19557,caracteristica_19558,caracteristica_19559,caracteristica_19560,caracteristica_19561,caracteristica_19562,caracteristica_19563,caracteristica_19564,caracteristica_19565,caracteristica_19566,caracteristica_19567,caracteristica_19568,caracteristica_19569,caracteristica_19570,caracteristica_19571,caracteristica_19572,caracteristica_19573,caracteristica_19574,caracteristica_19575,caracteristica_19576,caracteristica_19577,caracteristica_19578,caracteristica_19579,caracteristica_19580,caracteristica_19581,caracteristica_19582,caracteristica_19583,caracteristica_19584,caracteristica_19585,caracteristica_19586,caracteristica_19587,caracteristica_19588,caracteristica_19589,caracteristica_19590,caracteristica_19591,caracteristica_19592,caracteristica_19593,caracteristica_19594,caracteristica_19595,caracteristica_19596,caracteristica_19597,caracteristica_19598,caracteristica_19599,caracteristica_19600,caracteristica_19601,caracteristica_19602,caracteristica_19603,caracteristica_19604,caracteristica_19605,caracteristica_19606,caracteristica_19607,caracteristica_19608,caracteristica_19609,caracteristica_19610,caracteristica_19611,caracteristica_19612,caracteristica_19613,caracteristica_19614,caracteristica_19615,caracteristica_19616,caracteristica_19617,caracteristica_19618,caracteristica_19619,caracteristica_19620,caracteristica_19621,caracteristica_19622,caracteristica_19623,caracteristica_19624,caracteristica_19625,caracteristica_19626,caracteristica_19627,caracteristica_19628,caracteristica_19629,caracteristica_19630,caracteristica_19631,caracteristica_19632,caracteristica_19633,caracteristica_19634,caracteristica_19635,caracteristica_19636,caracteristica_19637,caracteristica_19638,caracteristica_19639,caracteristica_19640,caracteristica_19641,caracteristica_19642,caracteristica_19643,caracteristica_19644,caracteristica_19645,caracteristica_19646,caracteristica_19647,caracteristica_19648,caracteristica_19649,caracteristica_19650,caracteristica_19651,caracteristica_19652,caracteristica_19653,caracteristica_19654,caracteristica_19655,caracteristica_19656,caracteristica_19657,caracteristica_19658,caracteristica_19659,caracteristica_19660,caracteristica_19661,caracteristica_19662,caracteristica_19663,caracteristica_19664,caracteristica_19665,caracteristica_19666,caracteristica_19667,caracteristica_19668,caracteristica_19669,caracteristica_19670,caracteristica_19671,caracteristica_19672,caracteristica_19673,caracteristica_19674,caracteristica_19675,caracteristica_19676,caracteristica_19677,caracteristica_19678,caracteristica_19679,caracteristica_19680,caracteristica_19681,caracteristica_19682,caracteristica_19683,caracteristica_19684,caracteristica_19685,caracteristica_19686,caracteristica_19687,caracteristica_19688,caracteristica_19689,caracteristica_19690,caracteristica_19691,caracteristica_19692,caracteristica_19693,caracteristica_19694,caracteristica_19695,caracteristica_19696,caracteristica_19697,caracteristica_19698,caracteristica_19699,caracteristica_19700,caracteristica_19701,caracteristica_19702,caracteristica_19703,caracteristica_19704,caracteristica_19705,caracteristica_19706,caracteristica_19707,caracteristica_19708,caracteristica_19709,caracteristica_19710,caracteristica_19711,caracteristica_19712,caracteristica_19713,caracteristica_19714,caracteristica_19715,caracteristica_19716,caracteristica_19717,caracteristica_19718,caracteristica_19719,caracteristica_19720,caracteristica_19721,caracteristica_19722,caracteristica_19723,caracteristica_19724,caracteristica_19725,caracteristica_19726,caracteristica_19727,caracteristica_19728,caracteristica_19729,caracteristica_19730,caracteristica_19731,caracteristica_19732,caracteristica_19733,caracteristica_19734,caracteristica_19735,caracteristica_19736,caracteristica_19737,caracteristica_19738,caracteristica_19739,caracteristica_19740,caracteristica_19741,caracteristica_19742,caracteristica_19743,caracteristica_19744,caracteristica_19745,caracteristica_19746,caracteristica_19747,caracteristica_19748,caracteristica_19749,caracteristica_19750,caracteristica_19751,caracteristica_19752,caracteristica_19753,caracteristica_19754,caracteristica_19755,caracteristica_19756,caracteristica_19757,caracteristica_19758,caracteristica_19759,caracteristica_19760,caracteristica_19761,caracteristica_19762,caracteristica_19763,caracteristica_19764,caracteristica_19765,caracteristica_19766,caracteristica_19767,caracteristica_19768,caracteristica_19769,caracteristica_19770,caracteristica_19771,caracteristica_19772,caracteristica_19773,caracteristica_19774,caracteristica_19775,caracteristica_19776,caracteristica_19777,caracteristica_19778,caracteristica_19779,caracteristica_19780,caracteristica_19781,caracteristica_19782,caracteristica_19783,caracteristica_19784,caracteristica_19785,caracteristica_19786,caracteristica_19787,caracteristica_19788,caracteristica_19789,caracteristica_19790,caracteristica_19791,caracteristica_19792,caracteristica_19793,caracteristica_19794,caracteristica_19795,caracteristica_19796,caracteristica_19797,caracteristica_19798,caracteristica_19799,caracteristica_19800,caracteristica_19801,caracteristica_19802,caracteristica_19803,caracteristica_19804,caracteristica_19805,caracteristica_19806,caracteristica_19807,caracteristica_19808,caracteristica_19809,caracteristica_19810,caracteristica_19811,caracteristica_19812,caracteristica_19813,caracteristica_19814,caracteristica_19815,caracteristica_19816,caracteristica_19817,caracteristica_19818,caracteristica_19819,caracteristica_19820,caracteristica_19821,caracteristica_19822,caracteristica_19823,caracteristica_19824,caracteristica_19825,caracteristica_19826,caracteristica_19827,caracteristica_19828,caracteristica_19829,caracteristica_19830,caracteristica_19831,caracteristica_19832,caracteristica_19833,caracteristica_19834,caracteristica_19835,caracteristica_19836,caracteristica_19837,caracteristica_19838,caracteristica_19839,caracteristica_19840,caracteristica_19841,caracteristica_19842,caracteristica_19843,caracteristica_19844,caracteristica_19845,caracteristica_19846,caracteristica_19847,caracteristica_19848,caracteristica_19849,caracteristica_19850,caracteristica_19851,caracteristica_19852,caracteristica_19853,caracteristica_19854,caracteristica_19855,caracteristica_19856,caracteristica_19857,caracteristica_19858,caracteristica_19859,caracteristica_19860,caracteristica_19861,caracteristica_19862,caracteristica_19863,caracteristica_19864,caracteristica_19865,caracteristica_19866,caracteristica_19867,caracteristica_19868,caracteristica_19869,caracteristica_19870,caracteristica_19871,caracteristica_19872,caracteristica_19873,caracteristica_19874,caracteristica_19875,caracteristica_19876,caracteristica_19877,caracteristica_19878,caracteristica_19879,caracteristica_19880,caracteristica_19881,caracteristica_19882,caracteristica_19883,caracteristica_19884,caracteristica_19885,caracteristica_19886,caracteristica_19887,caracteristica_19888,caracteristica_19889,caracteristica_19890,caracteristica_19891,caracteristica_19892,caracteristica_19893,caracteristica_19894,caracteristica_19895,caracteristica_19896,caracteristica_19897,caracteristica_19898,caracteristica_19899,caracteristica_19900,caracteristica_19901,caracteristica_19902,caracteristica_19903,caracteristica_19904,caracteristica_19905,caracteristica_19906,caracteristica_19907,caracteristica_19908,caracteristica_19909,caracteristica_19910,caracteristica_19911,caracteristica_19912,caracteristica_19913,caracteristica_19914,caracteristica_19915,caracteristica_19916,caracteristica_19917,caracteristica_19918,caracteristica_19919,caracteristica_19920,caracteristica_19921,caracteristica_19922,caracteristica_19923,caracteristica_19924,caracteristica_19925,caracteristica_19926,caracteristica_19927,caracteristica_19928,caracteristica_19929,caracteristica_19930,caracteristica_19931,caracteristica_19932,caracteristica_19933,caracteristica_19934,caracteristica_19935,caracteristica_19936,caracteristica_19937,caracteristica_19938,caracteristica_19939,caracteristica_19940,caracteristica_19941,caracteristica_19942,caracteristica_19943,caracteristica_19944,caracteristica_19945,caracteristica_19946,caracteristica_19947,caracteristica_19948,caracteristica_19949,caracteristica_19950,caracteristica_19951,caracteristica_19952,caracteristica_19953,caracteristica_19954,caracteristica_19955,caracteristica_19956,caracteristica_19957,caracteristica_19958,caracteristica_19959,caracteristica_19960,caracteristica_19961,caracteristica_19962,caracteristica_19963,caracteristica_19964,caracteristica_19965,caracteristica_19966,caracteristica_19967,caracteristica_19968,caracteristica_19969,caracteristica_19970,caracteristica_19971,caracteristica_19972,caracteristica_19973,caracteristica_19974,caracteristica_19975,caracteristica_19976,caracteristica_19977,caracteristica_19978,caracteristica_19979,caracteristica_19980,caracteristica_19981,caracteristica_19982,caracteristica_19983,caracteristica_19984,caracteristica_19985,caracteristica_19986,caracteristica_19987,caracteristica_19988,caracteristica_19989,caracteristica_19990,caracteristica_19991,caracteristica_19992,caracteristica_19993,caracteristica_19994,caracteristica_19995,caracteristica_19996,caracteristica_19997,caracteristica_19998,caracteristica_19999,caracteristica_20000,caracteristica_20001,caracteristica_20002,caracteristica_20003,caracteristica_20004,caracteristica_20005,caracteristica_20006,caracteristica_20007,caracteristica_20008,caracteristica_20009,caracteristica_20010,caracteristica_20011,caracteristica_20012,caracteristica_20013,caracteristica_20014,caracteristica_20015,caracteristica_20016,caracteristica_20017,caracteristica_20018,caracteristica_20019,caracteristica_20020,caracteristica_20021,caracteristica_20022,caracteristica_20023,caracteristica_20024,caracteristica_20025,caracteristica_20026,caracteristica_20027,caracteristica_20028,caracteristica_20029,caracteristica_20030,caracteristica_20031,caracteristica_20032,caracteristica_20033,caracteristica_20034,caracteristica_20035,caracteristica_20036,caracteristica_20037,caracteristica_20038,caracteristica_20039,caracteristica_20040,caracteristica_20041,caracteristica_20042,caracteristica_20043,caracteristica_20044,caracteristica_20045,caracteristica_20046,caracteristica_20047,caracteristica_20048,caracteristica_20049,caracteristica_20050,caracteristica_20051,caracteristica_20052,caracteristica_20053,caracteristica_20054,caracteristica_20055,caracteristica_20056,caracteristica_20057,caracteristica_20058,caracteristica_20059,caracteristica_20060,caracteristica_20061,caracteristica_20062,caracteristica_20063,caracteristica_20064,caracteristica_20065,caracteristica_20066,caracteristica_20067,caracteristica_20068,caracteristica_20069,caracteristica_20070,caracteristica_20071,caracteristica_20072,caracteristica_20073,caracteristica_20074,caracteristica_20075,caracteristica_20076,caracteristica_20077,caracteristica_20078,caracteristica_20079,caracteristica_20080,caracteristica_20081,caracteristica_20082,caracteristica_20083,caracteristica_20084,caracteristica_20085,caracteristica_20086,caracteristica_20087,caracteristica_20088,caracteristica_20089,caracteristica_20090,caracteristica_20091,caracteristica_20092,caracteristica_20093,caracteristica_20094,caracteristica_20095,caracteristica_20096,caracteristica_20097,caracteristica_20098,caracteristica_20099,caracteristica_20100,caracteristica_20101,caracteristica_20102,caracteristica_20103,caracteristica_20104,caracteristica_20105,caracteristica_20106,caracteristica_20107,caracteristica_20108,caracteristica_20109,caracteristica_20110,caracteristica_20111,caracteristica_20112,caracteristica_20113,caracteristica_20114,caracteristica_20115,caracteristica_20116,caracteristica_20117,caracteristica_20118,caracteristica_20119,caracteristica_20120,caracteristica_20121,caracteristica_20122,caracteristica_20123,caracteristica_20124,caracteristica_20125,caracteristica_20126,caracteristica_20127,caracteristica_20128,caracteristica_20129,caracteristica_20130,caracteristica_20131,caracteristica_20132,caracteristica_20133,caracteristica_20134,caracteristica_20135,caracteristica_20136,caracteristica_20137,caracteristica_20138,caracteristica_20139,caracteristica_20140,caracteristica_20141,caracteristica_20142,caracteristica_20143,caracteristica_20144,caracteristica_20145,caracteristica_20146,caracteristica_20147,caracteristica_20148,caracteristica_20149,caracteristica_20150,caracteristica_20151,caracteristica_20152,caracteristica_20153,caracteristica_20154,caracteristica_20155,caracteristica_20156,caracteristica_20157,caracteristica_20158,caracteristica_20159,caracteristica_20160,caracteristica_20161,caracteristica_20162,caracteristica_20163,caracteristica_20164,caracteristica_20165,caracteristica_20166,caracteristica_20167,caracteristica_20168,caracteristica_20169,caracteristica_20170,caracteristica_20171,caracteristica_20172,caracteristica_20173,caracteristica_20174,caracteristica_20175,caracteristica_20176,caracteristica_20177,caracteristica_20178,caracteristica_20179,caracteristica_20180,caracteristica_20181,caracteristica_20182,caracteristica_20183,caracteristica_20184,caracteristica_20185,caracteristica_20186,caracteristica_20187,caracteristica_20188,caracteristica_20189,caracteristica_20190,caracteristica_20191,caracteristica_20192,caracteristica_20193,caracteristica_20194,caracteristica_20195,caracteristica_20196,caracteristica_20197,caracteristica_20198,caracteristica_20199,caracteristica_20200,caracteristica_20201,caracteristica_20202,caracteristica_20203,caracteristica_20204,caracteristica_20205,caracteristica_20206,caracteristica_20207,caracteristica_20208,caracteristica_20209,caracteristica_20210,caracteristica_20211,caracteristica_20212,caracteristica_20213,caracteristica_20214,caracteristica_20215,caracteristica_20216,caracteristica_20217,caracteristica_20218,caracteristica_20219,caracteristica_20220,caracteristica_20221,caracteristica_20222,caracteristica_20223,caracteristica_20224,caracteristica_20225,caracteristica_20226,caracteristica_20227,caracteristica_20228,caracteristica_20229,caracteristica_20230,caracteristica_20231,caracteristica_20232,caracteristica_20233,caracteristica_20234,caracteristica_20235,caracteristica_20236,caracteristica_20237,caracteristica_20238,caracteristica_20239,caracteristica_20240,caracteristica_20241,caracteristica_20242,caracteristica_20243,caracteristica_20244,caracteristica_20245,caracteristica_20246,caracteristica_20247,caracteristica_20248,caracteristica_20249,caracteristica_20250,caracteristica_20251,caracteristica_20252,caracteristica_20253,caracteristica_20254,caracteristica_20255,caracteristica_20256,caracteristica_20257,caracteristica_20258,caracteristica_20259,caracteristica_20260,caracteristica_20261,caracteristica_20262,caracteristica_20263,caracteristica_20264,caracteristica_20265,caracteristica_20266,caracteristica_20267,caracteristica_20268,caracteristica_20269,caracteristica_20270,caracteristica_20271,caracteristica_20272,caracteristica_20273,caracteristica_20274,caracteristica_20275,caracteristica_20276,caracteristica_20277,caracteristica_20278,caracteristica_20279,caracteristica_20280,caracteristica_20281,caracteristica_20282,caracteristica_20283,caracteristica_20284,caracteristica_20285,caracteristica_20286,caracteristica_20287,caracteristica_20288,caracteristica_20289,caracteristica_20290,caracteristica_20291,caracteristica_20292,caracteristica_20293,caracteristica_20294,caracteristica_20295,caracteristica_20296,caracteristica_20297,caracteristica_20298,caracteristica_20299,caracteristica_20300,caracteristica_20301,caracteristica_20302,caracteristica_20303,caracteristica_20304,caracteristica_20305,caracteristica_20306,caracteristica_20307,caracteristica_20308,caracteristica_20309,caracteristica_20310,caracteristica_20311,caracteristica_20312,caracteristica_20313,caracteristica_20314,caracteristica_20315,caracteristica_20316,caracteristica_20317,caracteristica_20318,caracteristica_20319,caracteristica_20320,caracteristica_20321,caracteristica_20322,caracteristica_20323,caracteristica_20324,caracteristica_20325,caracteristica_20326,caracteristica_20327,caracteristica_20328,caracteristica_20329,caracteristica_20330,caracteristica_20331,caracteristica_20332,caracteristica_20333,caracteristica_20334,caracteristica_20335,caracteristica_20336,caracteristica_20337,caracteristica_20338,caracteristica_20339,caracteristica_20340,caracteristica_20341,caracteristica_20342,caracteristica_20343,caracteristica_20344,caracteristica_20345,caracteristica_20346,caracteristica_20347,caracteristica_20348,caracteristica_20349,caracteristica_20350,caracteristica_20351,caracteristica_20352,caracteristica_20353,caracteristica_20354,caracteristica_20355,caracteristica_20356,caracteristica_20357,caracteristica_20358,caracteristica_20359,caracteristica_20360,caracteristica_20361,caracteristica_20362,caracteristica_20363,caracteristica_20364,caracteristica_20365,caracteristica_20366,caracteristica_20367,caracteristica_20368,caracteristica_20369,caracteristica_20370,caracteristica_20371,caracteristica_20372,caracteristica_20373,caracteristica_20374,caracteristica_20375,caracteristica_20376,caracteristica_20377,caracteristica_20378,caracteristica_20379,caracteristica_20380,caracteristica_20381,caracteristica_20382,caracteristica_20383,caracteristica_20384,caracteristica_20385,caracteristica_20386,caracteristica_20387,caracteristica_20388,caracteristica_20389,caracteristica_20390,caracteristica_20391,caracteristica_20392,caracteristica_20393,caracteristica_20394,caracteristica_20395,caracteristica_20396,caracteristica_20397,caracteristica_20398,caracteristica_20399,caracteristica_20400,caracteristica_20401,caracteristica_20402,caracteristica_20403,caracteristica_20404,caracteristica_20405,caracteristica_20406,caracteristica_20407,caracteristica_20408,caracteristica_20409,caracteristica_20410,caracteristica_20411,caracteristica_20412,caracteristica_20413,caracteristica_20414,caracteristica_20415,caracteristica_20416,caracteristica_20417,caracteristica_20418,caracteristica_20419,caracteristica_20420,caracteristica_20421,caracteristica_20422,caracteristica_20423,caracteristica_20424,caracteristica_20425,caracteristica_20426,caracteristica_20427,caracteristica_20428,caracteristica_20429,caracteristica_20430,caracteristica_20431,caracteristica_20432,caracteristica_20433,caracteristica_20434,caracteristica_20435,caracteristica_20436,caracteristica_20437,caracteristica_20438,caracteristica_20439,caracteristica_20440,caracteristica_20441,caracteristica_20442,caracteristica_20443,caracteristica_20444,caracteristica_20445,caracteristica_20446,caracteristica_20447,caracteristica_20448,caracteristica_20449,caracteristica_20450,caracteristica_20451,caracteristica_20452,caracteristica_20453,caracteristica_20454,caracteristica_20455,caracteristica_20456,caracteristica_20457,caracteristica_20458,caracteristica_20459,caracteristica_20460,caracteristica_20461,caracteristica_20462,caracteristica_20463,caracteristica_20464,caracteristica_20465,caracteristica_20466,caracteristica_20467,caracteristica_20468,caracteristica_20469,caracteristica_20470,caracteristica_20471,caracteristica_20472,caracteristica_20473,caracteristica_20474,caracteristica_20475,caracteristica_20476,caracteristica_20477,caracteristica_20478,caracteristica_20479,caracteristica_20480,caracteristica_20481,caracteristica_20482,caracteristica_20483,caracteristica_20484,caracteristica_20485,caracteristica_20486,caracteristica_20487,caracteristica_20488,caracteristica_20489,caracteristica_20490,caracteristica_20491,caracteristica_20492,caracteristica_20493,caracteristica_20494,caracteristica_20495,caracteristica_20496,caracteristica_20497,caracteristica_20498,caracteristica_20499,caracteristica_20500,caracteristica_20501,caracteristica_20502,caracteristica_20503,caracteristica_20504,caracteristica_20505,caracteristica_20506,caracteristica_20507,caracteristica_20508,caracteristica_20509,caracteristica_20510,caracteristica_20511,caracteristica_20512,caracteristica_20513,caracteristica_20514,caracteristica_20515,caracteristica_20516,caracteristica_20517,caracteristica_20518,caracteristica_20519,caracteristica_20520,caracteristica_20521,caracteristica_20522,caracteristica_20523,caracteristica_20524,caracteristica_20525,caracteristica_20526,caracteristica_20527,caracteristica_20528,caracteristica_20529,caracteristica_20530,caracteristica_20531,caracteristica_20532,caracteristica_20533,caracteristica_20534,caracteristica_20535,caracteristica_20536,caracteristica_20537,caracteristica_20538,caracteristica_20539,caracteristica_20540,caracteristica_20541,caracteristica_20542,caracteristica_20543,caracteristica_20544,caracteristica_20545,caracteristica_20546,caracteristica_20547,caracteristica_20548,caracteristica_20549,caracteristica_20550,caracteristica_20551,caracteristica_20552,caracteristica_20553,caracteristica_20554,caracteristica_20555,caracteristica_20556,caracteristica_20557,caracteristica_20558,caracteristica_20559,caracteristica_20560,caracteristica_20561,caracteristica_20562,caracteristica_20563,caracteristica_20564,caracteristica_20565,caracteristica_20566,caracteristica_20567,caracteristica_20568,caracteristica_20569,caracteristica_20570,caracteristica_20571,caracteristica_20572,caracteristica_20573,caracteristica_20574,caracteristica_20575,caracteristica_20576,caracteristica_20577,caracteristica_20578,caracteristica_20579,caracteristica_20580,caracteristica_20581,caracteristica_20582,caracteristica_20583,caracteristica_20584,caracteristica_20585,caracteristica_20586,caracteristica_20587,caracteristica_20588,caracteristica_20589,caracteristica_20590,caracteristica_20591,caracteristica_20592,caracteristica_20593,caracteristica_20594,caracteristica_20595,caracteristica_20596,caracteristica_20597,caracteristica_20598,caracteristica_20599,caracteristica_20600,caracteristica_20601,caracteristica_20602,caracteristica_20603,caracteristica_20604,caracteristica_20605,caracteristica_20606,caracteristica_20607,caracteristica_20608,caracteristica_20609,caracteristica_20610,caracteristica_20611,caracteristica_20612,caracteristica_20613,caracteristica_20614,caracteristica_20615,caracteristica_20616,caracteristica_20617,caracteristica_20618,caracteristica_20619,caracteristica_20620,caracteristica_20621,caracteristica_20622,caracteristica_20623,caracteristica_20624,caracteristica_20625,caracteristica_20626,caracteristica_20627,caracteristica_20628,caracteristica_20629,caracteristica_20630,caracteristica_20631,caracteristica_20632,caracteristica_20633,caracteristica_20634,caracteristica_20635,caracteristica_20636,caracteristica_20637,caracteristica_20638,caracteristica_20639,caracteristica_20640,caracteristica_20641,caracteristica_20642,caracteristica_20643,caracteristica_20644,caracteristica_20645,caracteristica_20646,caracteristica_20647,caracteristica_20648,caracteristica_20649,caracteristica_20650,caracteristica_20651,caracteristica_20652,caracteristica_20653,caracteristica_20654,caracteristica_20655,caracteristica_20656,caracteristica_20657,caracteristica_20658,caracteristica_20659,caracteristica_20660,caracteristica_20661,caracteristica_20662,caracteristica_20663,caracteristica_20664,caracteristica_20665,caracteristica_20666,caracteristica_20667,caracteristica_20668,caracteristica_20669,caracteristica_20670,caracteristica_20671,caracteristica_20672,caracteristica_20673,caracteristica_20674,caracteristica_20675,caracteristica_20676,caracteristica_20677,caracteristica_20678,caracteristica_20679,caracteristica_20680,caracteristica_20681,caracteristica_20682,caracteristica_20683,caracteristica_20684,caracteristica_20685,caracteristica_20686,caracteristica_20687,caracteristica_20688,caracteristica_20689,caracteristica_20690,caracteristica_20691,caracteristica_20692,caracteristica_20693,caracteristica_20694,caracteristica_20695,caracteristica_20696,caracteristica_20697,caracteristica_20698,caracteristica_20699,caracteristica_20700,caracteristica_20701,caracteristica_20702,caracteristica_20703,caracteristica_20704,caracteristica_20705,caracteristica_20706,caracteristica_20707,caracteristica_20708,caracteristica_20709,caracteristica_20710,caracteristica_20711,caracteristica_20712,caracteristica_20713,caracteristica_20714,caracteristica_20715,caracteristica_20716,caracteristica_20717,caracteristica_20718,caracteristica_20719,caracteristica_20720,caracteristica_20721,caracteristica_20722,caracteristica_20723,caracteristica_20724,caracteristica_20725,caracteristica_20726,caracteristica_20727,caracteristica_20728,caracteristica_20729,caracteristica_20730,caracteristica_20731,caracteristica_20732,caracteristica_20733,caracteristica_20734,caracteristica_20735,caracteristica_20736,caracteristica_20737,caracteristica_20738,caracteristica_20739,caracteristica_20740,caracteristica_20741,caracteristica_20742,caracteristica_20743,caracteristica_20744,caracteristica_20745,caracteristica_20746,caracteristica_20747,caracteristica_20748,caracteristica_20749,caracteristica_20750,caracteristica_20751,caracteristica_20752,caracteristica_20753,caracteristica_20754,caracteristica_20755,caracteristica_20756,caracteristica_20757,caracteristica_20758,caracteristica_20759,caracteristica_20760,caracteristica_20761,caracteristica_20762,caracteristica_20763,caracteristica_20764,caracteristica_20765,caracteristica_20766,caracteristica_20767,caracteristica_20768,caracteristica_20769,caracteristica_20770,caracteristica_20771,caracteristica_20772,caracteristica_20773,caracteristica_20774,caracteristica_20775,caracteristica_20776,caracteristica_20777,caracteristica_20778,caracteristica_20779,caracteristica_20780,caracteristica_20781,caracteristica_20782,caracteristica_20783,caracteristica_20784,caracteristica_20785,caracteristica_20786,caracteristica_20787,caracteristica_20788,caracteristica_20789,caracteristica_20790,caracteristica_20791,caracteristica_20792,caracteristica_20793,caracteristica_20794,caracteristica_20795,caracteristica_20796,caracteristica_20797,caracteristica_20798,caracteristica_20799,caracteristica_20800,caracteristica_20801,caracteristica_20802,caracteristica_20803,caracteristica_20804,caracteristica_20805,caracteristica_20806,caracteristica_20807,caracteristica_20808,caracteristica_20809,caracteristica_20810,caracteristica_20811,caracteristica_20812,caracteristica_20813,caracteristica_20814,caracteristica_20815,caracteristica_20816,caracteristica_20817,caracteristica_20818,caracteristica_20819,caracteristica_20820,caracteristica_20821,caracteristica_20822,caracteristica_20823,caracteristica_20824,caracteristica_20825,caracteristica_20826,caracteristica_20827,caracteristica_20828,caracteristica_20829,caracteristica_20830,caracteristica_20831,caracteristica_20832,caracteristica_20833,caracteristica_20834,caracteristica_20835,caracteristica_20836,caracteristica_20837,caracteristica_20838,caracteristica_20839,caracteristica_20840,caracteristica_20841,caracteristica_20842,caracteristica_20843,caracteristica_20844,caracteristica_20845,caracteristica_20846,caracteristica_20847,caracteristica_20848,caracteristica_20849,caracteristica_20850,caracteristica_20851,caracteristica_20852,caracteristica_20853,caracteristica_20854,caracteristica_20855,caracteristica_20856,caracteristica_20857,caracteristica_20858,caracteristica_20859,caracteristica_20860,caracteristica_20861,caracteristica_20862,caracteristica_20863,caracteristica_20864,caracteristica_20865,caracteristica_20866,caracteristica_20867,caracteristica_20868,caracteristica_20869,caracteristica_20870,caracteristica_20871,caracteristica_20872,caracteristica_20873,caracteristica_20874,caracteristica_20875,caracteristica_20876,caracteristica_20877,caracteristica_20878,caracteristica_20879,caracteristica_20880,caracteristica_20881,caracteristica_20882,caracteristica_20883,caracteristica_20884,caracteristica_20885,caracteristica_20886,caracteristica_20887,caracteristica_20888,caracteristica_20889,caracteristica_20890,caracteristica_20891,caracteristica_20892,caracteristica_20893,caracteristica_20894,caracteristica_20895,caracteristica_20896,caracteristica_20897,caracteristica_20898,caracteristica_20899,caracteristica_20900,caracteristica_20901,caracteristica_20902,caracteristica_20903,caracteristica_20904,caracteristica_20905,caracteristica_20906,caracteristica_20907,caracteristica_20908,caracteristica_20909,caracteristica_20910,caracteristica_20911,caracteristica_20912,caracteristica_20913,caracteristica_20914,caracteristica_20915,caracteristica_20916,caracteristica_20917,caracteristica_20918,caracteristica_20919,caracteristica_20920,caracteristica_20921,caracteristica_20922,caracteristica_20923,caracteristica_20924,caracteristica_20925,caracteristica_20926,caracteristica_20927,caracteristica_20928,caracteristica_20929,caracteristica_20930,caracteristica_20931,caracteristica_20932,caracteristica_20933,caracteristica_20934,caracteristica_20935,caracteristica_20936,caracteristica_20937,caracteristica_20938,caracteristica_20939,caracteristica_20940,caracteristica_20941,caracteristica_20942,caracteristica_20943,caracteristica_20944,caracteristica_20945,caracteristica_20946,caracteristica_20947,caracteristica_20948,caracteristica_20949,caracteristica_20950,caracteristica_20951,caracteristica_20952,caracteristica_20953,caracteristica_20954,caracteristica_20955,caracteristica_20956,caracteristica_20957,caracteristica_20958,caracteristica_20959,caracteristica_20960,caracteristica_20961,caracteristica_20962,caracteristica_20963,caracteristica_20964,caracteristica_20965,caracteristica_20966,caracteristica_20967,caracteristica_20968,caracteristica_20969,caracteristica_20970,caracteristica_20971,caracteristica_20972,caracteristica_20973,caracteristica_20974,caracteristica_20975,caracteristica_20976,caracteristica_20977,caracteristica_20978,caracteristica_20979,caracteristica_20980,caracteristica_20981,caracteristica_20982,caracteristica_20983,caracteristica_20984,caracteristica_20985,caracteristica_20986,caracteristica_20987,caracteristica_20988,caracteristica_20989,caracteristica_20990,caracteristica_20991,caracteristica_20992,caracteristica_20993,caracteristica_20994,caracteristica_20995,caracteristica_20996,caracteristica_20997,caracteristica_20998,caracteristica_20999,caracteristica_21000,caracteristica_21001,caracteristica_21002,caracteristica_21003,caracteristica_21004,caracteristica_21005,caracteristica_21006,caracteristica_21007,caracteristica_21008,caracteristica_21009,caracteristica_21010,caracteristica_21011,caracteristica_21012,caracteristica_21013,caracteristica_21014,caracteristica_21015,caracteristica_21016,caracteristica_21017,caracteristica_21018,caracteristica_21019,caracteristica_21020,caracteristica_21021,caracteristica_21022,caracteristica_21023,caracteristica_21024,caracteristica_21025,caracteristica_21026,caracteristica_21027,caracteristica_21028,caracteristica_21029,caracteristica_21030,caracteristica_21031,caracteristica_21032,caracteristica_21033,caracteristica_21034,caracteristica_21035,caracteristica_21036,caracteristica_21037,caracteristica_21038,caracteristica_21039,caracteristica_21040,caracteristica_21041,caracteristica_21042,caracteristica_21043,caracteristica_21044,caracteristica_21045,caracteristica_21046,caracteristica_21047,caracteristica_21048,caracteristica_21049,caracteristica_21050,caracteristica_21051,caracteristica_21052,caracteristica_21053,caracteristica_21054,caracteristica_21055,caracteristica_21056,caracteristica_21057,caracteristica_21058,caracteristica_21059,caracteristica_21060,caracteristica_21061,caracteristica_21062,caracteristica_21063,caracteristica_21064,caracteristica_21065,caracteristica_21066,caracteristica_21067,caracteristica_21068,caracteristica_21069,caracteristica_21070,caracteristica_21071,caracteristica_21072,caracteristica_21073,caracteristica_21074,caracteristica_21075,caracteristica_21076,caracteristica_21077,caracteristica_21078,caracteristica_21079,caracteristica_21080,caracteristica_21081,caracteristica_21082,caracteristica_21083,caracteristica_21084,caracteristica_21085,caracteristica_21086,caracteristica_21087,caracteristica_21088,caracteristica_21089,caracteristica_21090,caracteristica_21091,caracteristica_21092,caracteristica_21093,caracteristica_21094,caracteristica_21095,caracteristica_21096,caracteristica_21097,caracteristica_21098,caracteristica_21099,caracteristica_21100,caracteristica_21101,caracteristica_21102,caracteristica_21103,caracteristica_21104,caracteristica_21105,caracteristica_21106,caracteristica_21107,caracteristica_21108,caracteristica_21109,caracteristica_21110,caracteristica_21111,caracteristica_21112,caracteristica_21113,caracteristica_21114,caracteristica_21115,caracteristica_21116,caracteristica_21117,caracteristica_21118,caracteristica_21119,caracteristica_21120,caracteristica_21121,caracteristica_21122,caracteristica_21123,caracteristica_21124,caracteristica_21125,caracteristica_21126,caracteristica_21127,caracteristica_21128,caracteristica_21129,caracteristica_21130,caracteristica_21131,caracteristica_21132,caracteristica_21133,caracteristica_21134,caracteristica_21135,caracteristica_21136,caracteristica_21137,caracteristica_21138,caracteristica_21139,caracteristica_21140,caracteristica_21141,caracteristica_21142,caracteristica_21143,caracteristica_21144,caracteristica_21145,caracteristica_21146,caracteristica_21147,caracteristica_21148,caracteristica_21149,caracteristica_21150,caracteristica_21151,caracteristica_21152,caracteristica_21153,caracteristica_21154,caracteristica_21155,caracteristica_21156,caracteristica_21157,caracteristica_21158,caracteristica_21159,caracteristica_21160,caracteristica_21161,caracteristica_21162,caracteristica_21163,caracteristica_21164,caracteristica_21165,caracteristica_21166,caracteristica_21167,caracteristica_21168,caracteristica_21169,caracteristica_21170,caracteristica_21171,caracteristica_21172,caracteristica_21173,caracteristica_21174,caracteristica_21175,caracteristica_21176,caracteristica_21177,caracteristica_21178,caracteristica_21179,caracteristica_21180,caracteristica_21181,caracteristica_21182,caracteristica_21183,caracteristica_21184,caracteristica_21185,caracteristica_21186,caracteristica_21187,caracteristica_21188,caracteristica_21189,caracteristica_21190,caracteristica_21191,caracteristica_21192,caracteristica_21193,caracteristica_21194,caracteristica_21195,caracteristica_21196,caracteristica_21197,caracteristica_21198,caracteristica_21199,caracteristica_21200,caracteristica_21201,caracteristica_21202,caracteristica_21203,caracteristica_21204,caracteristica_21205,caracteristica_21206,caracteristica_21207,caracteristica_21208,caracteristica_21209,caracteristica_21210,caracteristica_21211,caracteristica_21212,caracteristica_21213,caracteristica_21214,caracteristica_21215,caracteristica_21216,caracteristica_21217,caracteristica_21218,caracteristica_21219,caracteristica_21220,caracteristica_21221,caracteristica_21222,caracteristica_21223,caracteristica_21224,caracteristica_21225,caracteristica_21226,caracteristica_21227,caracteristica_21228,caracteristica_21229,caracteristica_21230,caracteristica_21231,caracteristica_21232,caracteristica_21233,caracteristica_21234,caracteristica_21235,caracteristica_21236,caracteristica_21237,caracteristica_21238,caracteristica_21239,caracteristica_21240,caracteristica_21241,caracteristica_21242,caracteristica_21243,caracteristica_21244,caracteristica_21245,caracteristica_21246,caracteristica_21247,caracteristica_21248,caracteristica_21249,caracteristica_21250,caracteristica_21251,caracteristica_21252,caracteristica_21253,caracteristica_21254,caracteristica_21255,caracteristica_21256,caracteristica_21257,caracteristica_21258,caracteristica_21259,caracteristica_21260,caracteristica_21261,caracteristica_21262,caracteristica_21263,caracteristica_21264,caracteristica_21265,caracteristica_21266,caracteristica_21267,caracteristica_21268,caracteristica_21269,caracteristica_21270,caracteristica_21271,caracteristica_21272,caracteristica_21273,caracteristica_21274,caracteristica_21275,caracteristica_21276,caracteristica_21277,caracteristica_21278,caracteristica_21279,caracteristica_21280,caracteristica_21281,caracteristica_21282,caracteristica_21283,caracteristica_21284,caracteristica_21285,caracteristica_21286,caracteristica_21287,caracteristica_21288,caracteristica_21289,caracteristica_21290,caracteristica_21291,caracteristica_21292,caracteristica_21293,caracteristica_21294,caracteristica_21295,caracteristica_21296,caracteristica_21297,caracteristica_21298,caracteristica_21299,caracteristica_21300,caracteristica_21301,caracteristica_21302,caracteristica_21303,caracteristica_21304,caracteristica_21305,caracteristica_21306,caracteristica_21307,caracteristica_21308,caracteristica_21309,caracteristica_21310,caracteristica_21311,caracteristica_21312,caracteristica_21313,caracteristica_21314,caracteristica_21315,caracteristica_21316,caracteristica_21317,caracteristica_21318,caracteristica_21319,caracteristica_21320,caracteristica_21321,caracteristica_21322,caracteristica_21323,caracteristica_21324,caracteristica_21325,caracteristica_21326,caracteristica_21327,caracteristica_21328,caracteristica_21329,caracteristica_21330,caracteristica_21331,caracteristica_21332,caracteristica_21333,caracteristica_21334,caracteristica_21335,caracteristica_21336,caracteristica_21337,caracteristica_21338,caracteristica_21339,caracteristica_21340,caracteristica_21341,caracteristica_21342,caracteristica_21343,caracteristica_21344,caracteristica_21345,caracteristica_21346,caracteristica_21347,caracteristica_21348,caracteristica_21349,caracteristica_21350,caracteristica_21351,caracteristica_21352,caracteristica_21353,caracteristica_21354,caracteristica_21355,caracteristica_21356,caracteristica_21357,caracteristica_21358,caracteristica_21359,caracteristica_21360,caracteristica_21361,caracteristica_21362,caracteristica_21363,caracteristica_21364,caracteristica_21365,caracteristica_21366,caracteristica_21367,caracteristica_21368,caracteristica_21369,caracteristica_21370,caracteristica_21371,caracteristica_21372,caracteristica_21373,caracteristica_21374,caracteristica_21375,caracteristica_21376,caracteristica_21377,caracteristica_21378,caracteristica_21379,caracteristica_21380,caracteristica_21381,caracteristica_21382,caracteristica_21383,caracteristica_21384,caracteristica_21385,caracteristica_21386,caracteristica_21387,caracteristica_21388,caracteristica_21389,caracteristica_21390,caracteristica_21391,caracteristica_21392,caracteristica_21393,caracteristica_21394,caracteristica_21395,caracteristica_21396,caracteristica_21397,caracteristica_21398,caracteristica_21399,caracteristica_21400,caracteristica_21401,caracteristica_21402,caracteristica_21403,caracteristica_21404,caracteristica_21405,caracteristica_21406,caracteristica_21407,caracteristica_21408,caracteristica_21409,caracteristica_21410,caracteristica_21411,caracteristica_21412,caracteristica_21413,caracteristica_21414,caracteristica_21415,caracteristica_21416,caracteristica_21417,caracteristica_21418,caracteristica_21419,caracteristica_21420,caracteristica_21421,caracteristica_21422,caracteristica_21423,caracteristica_21424,caracteristica_21425,caracteristica_21426,caracteristica_21427,caracteristica_21428,caracteristica_21429,caracteristica_21430,caracteristica_21431,caracteristica_21432,caracteristica_21433,caracteristica_21434,caracteristica_21435,caracteristica_21436,caracteristica_21437,caracteristica_21438,caracteristica_21439,caracteristica_21440,caracteristica_21441,caracteristica_21442,caracteristica_21443,caracteristica_21444,caracteristica_21445,caracteristica_21446,caracteristica_21447,caracteristica_21448,caracteristica_21449,caracteristica_21450,caracteristica_21451,caracteristica_21452,caracteristica_21453,caracteristica_21454,caracteristica_21455,caracteristica_21456,caracteristica_21457,caracteristica_21458,caracteristica_21459,caracteristica_21460,caracteristica_21461,caracteristica_21462,caracteristica_21463,caracteristica_21464,caracteristica_21465,caracteristica_21466,caracteristica_21467,caracteristica_21468,caracteristica_21469,caracteristica_21470,caracteristica_21471,caracteristica_21472,caracteristica_21473,caracteristica_21474,caracteristica_21475,caracteristica_21476,caracteristica_21477,caracteristica_21478,caracteristica_21479,caracteristica_21480,caracteristica_21481,caracteristica_21482,caracteristica_21483,caracteristica_21484,caracteristica_21485,caracteristica_21486,caracteristica_21487,caracteristica_21488,caracteristica_21489,caracteristica_21490,caracteristica_21491,caracteristica_21492,caracteristica_21493,caracteristica_21494,caracteristica_21495,caracteristica_21496,caracteristica_21497,caracteristica_21498,caracteristica_21499,caracteristica_21500,caracteristica_21501,caracteristica_21502,caracteristica_21503,caracteristica_21504,caracteristica_21505,caracteristica_21506,caracteristica_21507,caracteristica_21508,caracteristica_21509,caracteristica_21510,caracteristica_21511,caracteristica_21512,caracteristica_21513,caracteristica_21514,caracteristica_21515,caracteristica_21516,caracteristica_21517,caracteristica_21518,caracteristica_21519,caracteristica_21520,caracteristica_21521,caracteristica_21522,caracteristica_21523,caracteristica_21524,caracteristica_21525,caracteristica_21526,caracteristica_21527,caracteristica_21528,caracteristica_21529,caracteristica_21530,caracteristica_21531,caracteristica_21532,caracteristica_21533,caracteristica_21534,caracteristica_21535,caracteristica_21536,caracteristica_21537,caracteristica_21538,caracteristica_21539,caracteristica_21540,caracteristica_21541,caracteristica_21542,caracteristica_21543,caracteristica_21544,caracteristica_21545,caracteristica_21546,caracteristica_21547,caracteristica_21548,caracteristica_21549,caracteristica_21550,caracteristica_21551,caracteristica_21552,caracteristica_21553,caracteristica_21554,caracteristica_21555,caracteristica_21556,caracteristica_21557,caracteristica_21558,caracteristica_21559,caracteristica_21560,caracteristica_21561,caracteristica_21562,caracteristica_21563,caracteristica_21564,caracteristica_21565,caracteristica_21566,caracteristica_21567,caracteristica_21568,caracteristica_21569,caracteristica_21570,caracteristica_21571,caracteristica_21572,caracteristica_21573,caracteristica_21574,caracteristica_21575,caracteristica_21576,caracteristica_21577,caracteristica_21578,caracteristica_21579,caracteristica_21580,caracteristica_21581,caracteristica_21582,caracteristica_21583,caracteristica_21584,caracteristica_21585,caracteristica_21586,caracteristica_21587,caracteristica_21588,caracteristica_21589,caracteristica_21590,caracteristica_21591,caracteristica_21592,caracteristica_21593,caracteristica_21594,caracteristica_21595,caracteristica_21596,caracteristica_21597,caracteristica_21598,caracteristica_21599,caracteristica_21600,caracteristica_21601,caracteristica_21602,caracteristica_21603,caracteristica_21604,caracteristica_21605,caracteristica_21606,caracteristica_21607,caracteristica_21608,caracteristica_21609,caracteristica_21610,caracteristica_21611,caracteristica_21612,caracteristica_21613,caracteristica_21614,caracteristica_21615,caracteristica_21616,caracteristica_21617,caracteristica_21618,caracteristica_21619,caracteristica_21620,caracteristica_21621,caracteristica_21622,caracteristica_21623,caracteristica_21624,caracteristica_21625,caracteristica_21626,caracteristica_21627,caracteristica_21628,caracteristica_21629,caracteristica_21630,caracteristica_21631,caracteristica_21632,caracteristica_21633,caracteristica_21634,caracteristica_21635,caracteristica_21636,caracteristica_21637,caracteristica_21638,caracteristica_21639,caracteristica_21640,caracteristica_21641,caracteristica_21642,caracteristica_21643,caracteristica_21644,caracteristica_21645,caracteristica_21646,caracteristica_21647,caracteristica_21648,caracteristica_21649,caracteristica_21650,caracteristica_21651,caracteristica_21652,caracteristica_21653,caracteristica_21654,caracteristica_21655,caracteristica_21656,caracteristica_21657,caracteristica_21658,caracteristica_21659,caracteristica_21660,caracteristica_21661,caracteristica_21662,caracteristica_21663,caracteristica_21664,caracteristica_21665,caracteristica_21666,caracteristica_21667,caracteristica_21668,caracteristica_21669,caracteristica_21670,caracteristica_21671,caracteristica_21672,caracteristica_21673,caracteristica_21674,caracteristica_21675,caracteristica_21676,caracteristica_21677,caracteristica_21678,caracteristica_21679,caracteristica_21680,caracteristica_21681,caracteristica_21682,caracteristica_21683,caracteristica_21684,caracteristica_21685,caracteristica_21686,caracteristica_21687,caracteristica_21688,caracteristica_21689,caracteristica_21690,caracteristica_21691,caracteristica_21692,caracteristica_21693,caracteristica_21694,caracteristica_21695,caracteristica_21696,caracteristica_21697,caracteristica_21698,caracteristica_21699,caracteristica_21700,caracteristica_21701,caracteristica_21702,caracteristica_21703,caracteristica_21704,caracteristica_21705,caracteristica_21706,caracteristica_21707,caracteristica_21708,caracteristica_21709,caracteristica_21710,caracteristica_21711,caracteristica_21712,caracteristica_21713,caracteristica_21714,caracteristica_21715,caracteristica_21716,caracteristica_21717,caracteristica_21718,caracteristica_21719,caracteristica_21720,caracteristica_21721,caracteristica_21722,caracteristica_21723,caracteristica_21724,caracteristica_21725,caracteristica_21726,caracteristica_21727,caracteristica_21728,caracteristica_21729,caracteristica_21730,caracteristica_21731,caracteristica_21732,caracteristica_21733,caracteristica_21734,caracteristica_21735,caracteristica_21736,caracteristica_21737,caracteristica_21738,caracteristica_21739,caracteristica_21740,caracteristica_21741,caracteristica_21742,caracteristica_21743,caracteristica_21744,caracteristica_21745,caracteristica_21746,caracteristica_21747,caracteristica_21748,caracteristica_21749,caracteristica_21750,caracteristica_21751,caracteristica_21752,caracteristica_21753,caracteristica_21754,caracteristica_21755,caracteristica_21756,caracteristica_21757,caracteristica_21758,caracteristica_21759,caracteristica_21760,caracteristica_21761,caracteristica_21762,caracteristica_21763,caracteristica_21764,caracteristica_21765,caracteristica_21766,caracteristica_21767,caracteristica_21768,caracteristica_21769,caracteristica_21770,caracteristica_21771,caracteristica_21772,caracteristica_21773,caracteristica_21774,caracteristica_21775,caracteristica_21776,caracteristica_21777,caracteristica_21778,caracteristica_21779,caracteristica_21780,caracteristica_21781,caracteristica_21782,caracteristica_21783,caracteristica_21784,caracteristica_21785,caracteristica_21786,caracteristica_21787,caracteristica_21788,caracteristica_21789,caracteristica_21790,caracteristica_21791,caracteristica_21792,caracteristica_21793,caracteristica_21794,caracteristica_21795,caracteristica_21796,caracteristica_21797,caracteristica_21798,caracteristica_21799,caracteristica_21800,caracteristica_21801,caracteristica_21802,caracteristica_21803,caracteristica_21804,caracteristica_21805,caracteristica_21806,caracteristica_21807,caracteristica_21808,caracteristica_21809,caracteristica_21810,caracteristica_21811,caracteristica_21812,caracteristica_21813,caracteristica_21814,caracteristica_21815,caracteristica_21816,caracteristica_21817,caracteristica_21818,caracteristica_21819,caracteristica_21820,caracteristica_21821,caracteristica_21822,caracteristica_21823,caracteristica_21824,caracteristica_21825,caracteristica_21826,caracteristica_21827,caracteristica_21828,caracteristica_21829,caracteristica_21830,caracteristica_21831,caracteristica_21832,caracteristica_21833,caracteristica_21834,caracteristica_21835,caracteristica_21836,caracteristica_21837,caracteristica_21838,caracteristica_21839,caracteristica_21840,caracteristica_21841,caracteristica_21842,caracteristica_21843,caracteristica_21844,caracteristica_21845,caracteristica_21846,caracteristica_21847,caracteristica_21848,caracteristica_21849,caracteristica_21850,caracteristica_21851,caracteristica_21852,caracteristica_21853,caracteristica_21854,caracteristica_21855,caracteristica_21856,caracteristica_21857,caracteristica_21858,caracteristica_21859,caracteristica_21860,caracteristica_21861,caracteristica_21862,caracteristica_21863,caracteristica_21864,caracteristica_21865,caracteristica_21866,caracteristica_21867,caracteristica_21868,caracteristica_21869,caracteristica_21870,caracteristica_21871,caracteristica_21872,caracteristica_21873,caracteristica_21874,caracteristica_21875,caracteristica_21876,caracteristica_21877,caracteristica_21878,caracteristica_21879,caracteristica_21880,caracteristica_21881,caracteristica_21882,caracteristica_21883,caracteristica_21884,caracteristica_21885,caracteristica_21886,caracteristica_21887,caracteristica_21888,caracteristica_21889,caracteristica_21890,caracteristica_21891,caracteristica_21892,caracteristica_21893,caracteristica_21894,caracteristica_21895,caracteristica_21896,caracteristica_21897,caracteristica_21898,caracteristica_21899,caracteristica_21900,caracteristica_21901,caracteristica_21902,caracteristica_21903,caracteristica_21904,caracteristica_21905,caracteristica_21906,caracteristica_21907,caracteristica_21908,caracteristica_21909,caracteristica_21910,caracteristica_21911,caracteristica_21912,caracteristica_21913,caracteristica_21914,caracteristica_21915,caracteristica_21916,caracteristica_21917,caracteristica_21918,caracteristica_21919,caracteristica_21920,caracteristica_21921,caracteristica_21922,caracteristica_21923,caracteristica_21924,caracteristica_21925,caracteristica_21926,caracteristica_21927,caracteristica_21928,caracteristica_21929,caracteristica_21930,caracteristica_21931,caracteristica_21932,caracteristica_21933,caracteristica_21934,caracteristica_21935,caracteristica_21936,caracteristica_21937,caracteristica_21938,caracteristica_21939,caracteristica_21940,caracteristica_21941,caracteristica_21942,caracteristica_21943,caracteristica_21944,caracteristica_21945,caracteristica_21946,caracteristica_21947,caracteristica_21948,caracteristica_21949,caracteristica_21950,caracteristica_21951,caracteristica_21952,caracteristica_21953,caracteristica_21954,caracteristica_21955,caracteristica_21956,caracteristica_21957,caracteristica_21958,caracteristica_21959,caracteristica_21960,caracteristica_21961,caracteristica_21962,caracteristica_21963,caracteristica_21964,caracteristica_21965,caracteristica_21966,caracteristica_21967,caracteristica_21968,caracteristica_21969,caracteristica_21970,caracteristica_21971,caracteristica_21972,caracteristica_21973,caracteristica_21974,caracteristica_21975,caracteristica_21976,caracteristica_21977,caracteristica_21978,caracteristica_21979,caracteristica_21980,caracteristica_21981,caracteristica_21982,caracteristica_21983,caracteristica_21984,caracteristica_21985,caracteristica_21986,caracteristica_21987,caracteristica_21988,caracteristica_21989,caracteristica_21990,caracteristica_21991,caracteristica_21992,caracteristica_21993,caracteristica_21994,caracteristica_21995,caracteristica_21996,caracteristica_21997,caracteristica_21998,caracteristica_21999,caracteristica_22000,caracteristica_22001,caracteristica_22002,caracteristica_22003,caracteristica_22004,caracteristica_22005,caracteristica_22006,caracteristica_22007,caracteristica_22008,caracteristica_22009,caracteristica_22010,caracteristica_22011,caracteristica_22012,caracteristica_22013,caracteristica_22014,caracteristica_22015,caracteristica_22016,caracteristica_22017,caracteristica_22018,caracteristica_22019,caracteristica_22020,caracteristica_22021,caracteristica_22022,caracteristica_22023,caracteristica_22024,caracteristica_22025,caracteristica_22026,caracteristica_22027,caracteristica_22028,caracteristica_22029,caracteristica_22030,caracteristica_22031,caracteristica_22032,caracteristica_22033,caracteristica_22034,caracteristica_22035,caracteristica_22036,caracteristica_22037,caracteristica_22038,caracteristica_22039,caracteristica_22040,caracteristica_22041,caracteristica_22042,caracteristica_22043,caracteristica_22044,caracteristica_22045,caracteristica_22046,caracteristica_22047,caracteristica_22048,caracteristica_22049,caracteristica_22050,caracteristica_22051,caracteristica_22052,caracteristica_22053,caracteristica_22054,caracteristica_22055,caracteristica_22056,caracteristica_22057,caracteristica_22058,caracteristica_22059,caracteristica_22060,caracteristica_22061,caracteristica_22062,caracteristica_22063,caracteristica_22064,caracteristica_22065,caracteristica_22066,caracteristica_22067,caracteristica_22068,caracteristica_22069,caracteristica_22070,caracteristica_22071,caracteristica_22072,caracteristica_22073,caracteristica_22074,caracteristica_22075,caracteristica_22076,caracteristica_22077,caracteristica_22078,caracteristica_22079,caracteristica_22080,caracteristica_22081,caracteristica_22082,caracteristica_22083,caracteristica_22084,caracteristica_22085,caracteristica_22086,caracteristica_22087,caracteristica_22088,caracteristica_22089,caracteristica_22090,caracteristica_22091,caracteristica_22092,caracteristica_22093,caracteristica_22094,caracteristica_22095,caracteristica_22096,caracteristica_22097,caracteristica_22098,caracteristica_22099,caracteristica_22100,caracteristica_22101,caracteristica_22102,caracteristica_22103,caracteristica_22104,caracteristica_22105,caracteristica_22106,caracteristica_22107,caracteristica_22108,caracteristica_22109,caracteristica_22110,caracteristica_22111,caracteristica_22112,caracteristica_22113,caracteristica_22114,caracteristica_22115,caracteristica_22116,caracteristica_22117,caracteristica_22118,caracteristica_22119,caracteristica_22120,caracteristica_22121,caracteristica_22122,caracteristica_22123,caracteristica_22124,caracteristica_22125,caracteristica_22126,caracteristica_22127,caracteristica_22128,caracteristica_22129,caracteristica_22130,caracteristica_22131,caracteristica_22132,caracteristica_22133,caracteristica_22134,caracteristica_22135,caracteristica_22136,caracteristica_22137,caracteristica_22138,caracteristica_22139,caracteristica_22140,caracteristica_22141,caracteristica_22142,caracteristica_22143,caracteristica_22144,caracteristica_22145,caracteristica_22146,caracteristica_22147,caracteristica_22148,caracteristica_22149,caracteristica_22150,caracteristica_22151,caracteristica_22152,caracteristica_22153,caracteristica_22154,caracteristica_22155,caracteristica_22156,caracteristica_22157,caracteristica_22158,caracteristica_22159,caracteristica_22160,caracteristica_22161,caracteristica_22162,caracteristica_22163,caracteristica_22164,caracteristica_22165,caracteristica_22166,caracteristica_22167,caracteristica_22168,caracteristica_22169,caracteristica_22170,caracteristica_22171,caracteristica_22172,caracteristica_22173,caracteristica_22174,caracteristica_22175,caracteristica_22176,caracteristica_22177,caracteristica_22178,caracteristica_22179,caracteristica_22180,caracteristica_22181,caracteristica_22182,caracteristica_22183,caracteristica_22184,caracteristica_22185,caracteristica_22186,caracteristica_22187,caracteristica_22188,caracteristica_22189,caracteristica_22190,caracteristica_22191,caracteristica_22192,caracteristica_22193,caracteristica_22194,caracteristica_22195,caracteristica_22196,caracteristica_22197,caracteristica_22198,caracteristica_22199,caracteristica_22200,caracteristica_22201,caracteristica_22202,caracteristica_22203,caracteristica_22204,caracteristica_22205,caracteristica_22206,caracteristica_22207,caracteristica_22208,caracteristica_22209,caracteristica_22210,caracteristica_22211,caracteristica_22212,caracteristica_22213,caracteristica_22214,caracteristica_22215,caracteristica_22216,caracteristica_22217,caracteristica_22218,caracteristica_22219,caracteristica_22220,caracteristica_22221,caracteristica_22222,caracteristica_22223,caracteristica_22224,caracteristica_22225,caracteristica_22226,caracteristica_22227,caracteristica_22228,caracteristica_22229,caracteristica_22230,caracteristica_22231,caracteristica_22232,caracteristica_22233,caracteristica_22234,caracteristica_22235,caracteristica_22236,caracteristica_22237,caracteristica_22238,caracteristica_22239,caracteristica_22240,caracteristica_22241,caracteristica_22242,caracteristica_22243,caracteristica_22244,caracteristica_22245,caracteristica_22246,caracteristica_22247,caracteristica_22248,caracteristica_22249,caracteristica_22250,caracteristica_22251,caracteristica_22252,caracteristica_22253,caracteristica_22254,caracteristica_22255,caracteristica_22256,caracteristica_22257,caracteristica_22258,caracteristica_22259,caracteristica_22260,caracteristica_22261,caracteristica_22262,caracteristica_22263,caracteristica_22264,caracteristica_22265,caracteristica_22266,caracteristica_22267,caracteristica_22268,caracteristica_22269,caracteristica_22270,caracteristica_22271,caracteristica_22272,caracteristica_22273,caracteristica_22274,caracteristica_22275,caracteristica_22276,caracteristica_22277,caracteristica_22278,caracteristica_22279,caracteristica_22280,caracteristica_22281,caracteristica_22282,caracteristica_22283,caracteristica_22284,caracteristica_22285,caracteristica_22286,caracteristica_22287,caracteristica_22288,caracteristica_22289,caracteristica_22290,caracteristica_22291,caracteristica_22292,caracteristica_22293,caracteristica_22294,caracteristica_22295,caracteristica_22296,caracteristica_22297,caracteristica_22298,caracteristica_22299,caracteristica_22300,caracteristica_22301,caracteristica_22302,caracteristica_22303,caracteristica_22304,caracteristica_22305,caracteristica_22306,caracteristica_22307,caracteristica_22308,caracteristica_22309,caracteristica_22310,caracteristica_22311,caracteristica_22312,caracteristica_22313,caracteristica_22314,caracteristica_22315,caracteristica_22316,caracteristica_22317,caracteristica_22318,caracteristica_22319,caracteristica_22320,caracteristica_22321,caracteristica_22322,caracteristica_22323,caracteristica_22324,caracteristica_22325,caracteristica_22326,caracteristica_22327,caracteristica_22328,caracteristica_22329,caracteristica_22330,caracteristica_22331,caracteristica_22332,caracteristica_22333,caracteristica_22334,caracteristica_22335,caracteristica_22336,caracteristica_22337,caracteristica_22338,caracteristica_22339,caracteristica_22340,caracteristica_22341,caracteristica_22342,caracteristica_22343,caracteristica_22344,caracteristica_22345,caracteristica_22346,caracteristica_22347,caracteristica_22348,caracteristica_22349,caracteristica_22350,caracteristica_22351,caracteristica_22352,caracteristica_22353,caracteristica_22354,caracteristica_22355,caracteristica_22356,caracteristica_22357,caracteristica_22358,caracteristica_22359,caracteristica_22360,caracteristica_22361,caracteristica_22362,caracteristica_22363,caracteristica_22364,caracteristica_22365,caracteristica_22366,caracteristica_22367,caracteristica_22368,caracteristica_22369,caracteristica_22370,caracteristica_22371,caracteristica_22372,caracteristica_22373,caracteristica_22374,caracteristica_22375,caracteristica_22376,caracteristica_22377,caracteristica_22378,caracteristica_22379,caracteristica_22380,caracteristica_22381,caracteristica_22382,caracteristica_22383,caracteristica_22384,caracteristica_22385,caracteristica_22386,caracteristica_22387,caracteristica_22388,caracteristica_22389,caracteristica_22390,caracteristica_22391,caracteristica_22392,caracteristica_22393,caracteristica_22394,caracteristica_22395,caracteristica_22396,caracteristica_22397,caracteristica_22398,caracteristica_22399,caracteristica_22400,caracteristica_22401,caracteristica_22402,caracteristica_22403,caracteristica_22404,caracteristica_22405,caracteristica_22406,caracteristica_22407,caracteristica_22408,caracteristica_22409,caracteristica_22410,caracteristica_22411,caracteristica_22412,caracteristica_22413,caracteristica_22414,caracteristica_22415,caracteristica_22416,caracteristica_22417,caracteristica_22418,caracteristica_22419,caracteristica_22420,caracteristica_22421,caracteristica_22422,caracteristica_22423,caracteristica_22424,caracteristica_22425,caracteristica_22426,caracteristica_22427,caracteristica_22428,caracteristica_22429,caracteristica_22430,caracteristica_22431,caracteristica_22432,caracteristica_22433,caracteristica_22434,caracteristica_22435,caracteristica_22436,caracteristica_22437,caracteristica_22438,caracteristica_22439,caracteristica_22440,caracteristica_22441,caracteristica_22442,caracteristica_22443,caracteristica_22444,caracteristica_22445,caracteristica_22446,caracteristica_22447,caracteristica_22448,caracteristica_22449,caracteristica_22450,caracteristica_22451,caracteristica_22452,caracteristica_22453,caracteristica_22454,caracteristica_22455,caracteristica_22456,caracteristica_22457,caracteristica_22458,caracteristica_22459,caracteristica_22460,caracteristica_22461,caracteristica_22462,caracteristica_22463,caracteristica_22464,caracteristica_22465,caracteristica_22466,caracteristica_22467,caracteristica_22468,caracteristica_22469,caracteristica_22470,caracteristica_22471,caracteristica_22472,caracteristica_22473,caracteristica_22474,caracteristica_22475,caracteristica_22476,caracteristica_22477,caracteristica_22478,caracteristica_22479,caracteristica_22480,caracteristica_22481,caracteristica_22482,caracteristica_22483,caracteristica_22484,caracteristica_22485,caracteristica_22486,caracteristica_22487,caracteristica_22488,caracteristica_22489,caracteristica_22490,caracteristica_22491,caracteristica_22492,caracteristica_22493,caracteristica_22494,caracteristica_22495,caracteristica_22496,caracteristica_22497,caracteristica_22498,caracteristica_22499,caracteristica_22500,caracteristica_22501,caracteristica_22502,caracteristica_22503,caracteristica_22504,caracteristica_22505,caracteristica_22506,caracteristica_22507,caracteristica_22508,caracteristica_22509,caracteristica_22510,caracteristica_22511,caracteristica_22512,caracteristica_22513,caracteristica_22514,caracteristica_22515,caracteristica_22516,caracteristica_22517,caracteristica_22518,caracteristica_22519,caracteristica_22520,caracteristica_22521,caracteristica_22522,caracteristica_22523,caracteristica_22524,caracteristica_22525,caracteristica_22526,caracteristica_22527,caracteristica_22528,caracteristica_22529,caracteristica_22530,caracteristica_22531,caracteristica_22532,caracteristica_22533,caracteristica_22534,caracteristica_22535,caracteristica_22536,caracteristica_22537,caracteristica_22538,caracteristica_22539,caracteristica_22540,caracteristica_22541,caracteristica_22542,caracteristica_22543,caracteristica_22544,caracteristica_22545,caracteristica_22546,caracteristica_22547,caracteristica_22548,caracteristica_22549,caracteristica_22550,caracteristica_22551,caracteristica_22552,caracteristica_22553,caracteristica_22554,caracteristica_22555,caracteristica_22556,caracteristica_22557,caracteristica_22558,caracteristica_22559,caracteristica_22560,caracteristica_22561,caracteristica_22562,caracteristica_22563,caracteristica_22564,caracteristica_22565,caracteristica_22566,caracteristica_22567,caracteristica_22568,caracteristica_22569,caracteristica_22570,caracteristica_22571,caracteristica_22572,caracteristica_22573,caracteristica_22574,caracteristica_22575,caracteristica_22576,caracteristica_22577,caracteristica_22578,caracteristica_22579,caracteristica_22580,caracteristica_22581,caracteristica_22582,caracteristica_22583,caracteristica_22584,caracteristica_22585,caracteristica_22586,caracteristica_22587,caracteristica_22588,caracteristica_22589,caracteristica_22590,caracteristica_22591,caracteristica_22592,caracteristica_22593,caracteristica_22594,caracteristica_22595,caracteristica_22596,caracteristica_22597,caracteristica_22598,caracteristica_22599,caracteristica_22600,caracteristica_22601,caracteristica_22602,caracteristica_22603,caracteristica_22604,caracteristica_22605,caracteristica_22606,caracteristica_22607,caracteristica_22608,caracteristica_22609,caracteristica_22610,caracteristica_22611,caracteristica_22612,caracteristica_22613,caracteristica_22614,caracteristica_22615,caracteristica_22616,caracteristica_22617,caracteristica_22618,caracteristica_22619,caracteristica_22620,caracteristica_22621,caracteristica_22622,caracteristica_22623,caracteristica_22624,caracteristica_22625,caracteristica_22626,caracteristica_22627,caracteristica_22628,caracteristica_22629,caracteristica_22630,caracteristica_22631,caracteristica_22632,caracteristica_22633,caracteristica_22634,caracteristica_22635,caracteristica_22636,caracteristica_22637,caracteristica_22638,caracteristica_22639,caracteristica_22640,caracteristica_22641,caracteristica_22642,caracteristica_22643,caracteristica_22644,caracteristica_22645,caracteristica_22646,caracteristica_22647,caracteristica_22648,caracteristica_22649,caracteristica_22650,caracteristica_22651,caracteristica_22652,caracteristica_22653,caracteristica_22654,caracteristica_22655,caracteristica_22656,caracteristica_22657,caracteristica_22658,caracteristica_22659,caracteristica_22660,caracteristica_22661,caracteristica_22662,caracteristica_22663,caracteristica_22664,caracteristica_22665,caracteristica_22666,caracteristica_22667,caracteristica_22668,caracteristica_22669,caracteristica_22670,caracteristica_22671,caracteristica_22672,caracteristica_22673,caracteristica_22674,caracteristica_22675,caracteristica_22676,caracteristica_22677,caracteristica_22678,caracteristica_22679,caracteristica_22680,caracteristica_22681,caracteristica_22682,caracteristica_22683,caracteristica_22684,caracteristica_22685,caracteristica_22686,caracteristica_22687,caracteristica_22688,caracteristica_22689,caracteristica_22690,caracteristica_22691,caracteristica_22692,caracteristica_22693,caracteristica_22694,caracteristica_22695,caracteristica_22696,caracteristica_22697,caracteristica_22698,caracteristica_22699,caracteristica_22700,caracteristica_22701,caracteristica_22702,caracteristica_22703,caracteristica_22704,caracteristica_22705,caracteristica_22706,caracteristica_22707,caracteristica_22708,caracteristica_22709,caracteristica_22710,caracteristica_22711,caracteristica_22712,caracteristica_22713,caracteristica_22714,caracteristica_22715,caracteristica_22716,caracteristica_22717,caracteristica_22718,caracteristica_22719,caracteristica_22720,caracteristica_22721,caracteristica_22722,caracteristica_22723,caracteristica_22724,caracteristica_22725,caracteristica_22726,caracteristica_22727,caracteristica_22728,caracteristica_22729,caracteristica_22730,caracteristica_22731,caracteristica_22732,caracteristica_22733,caracteristica_22734,caracteristica_22735,caracteristica_22736,caracteristica_22737,caracteristica_22738,caracteristica_22739,caracteristica_22740,caracteristica_22741,caracteristica_22742,caracteristica_22743,caracteristica_22744,caracteristica_22745,caracteristica_22746,caracteristica_22747,caracteristica_22748,caracteristica_22749,caracteristica_22750,caracteristica_22751,caracteristica_22752,caracteristica_22753,caracteristica_22754,caracteristica_22755,caracteristica_22756,caracteristica_22757,caracteristica_22758,caracteristica_22759,caracteristica_22760,caracteristica_22761,caracteristica_22762,caracteristica_22763,caracteristica_22764,caracteristica_22765,caracteristica_22766,caracteristica_22767,caracteristica_22768,caracteristica_22769,caracteristica_22770,caracteristica_22771,caracteristica_22772,caracteristica_22773,caracteristica_22774,caracteristica_22775,caracteristica_22776,caracteristica_22777,caracteristica_22778,caracteristica_22779,caracteristica_22780,caracteristica_22781,caracteristica_22782,caracteristica_22783,caracteristica_22784,caracteristica_22785,caracteristica_22786,caracteristica_22787,caracteristica_22788,caracteristica_22789,caracteristica_22790,caracteristica_22791,caracteristica_22792,caracteristica_22793,caracteristica_22794,caracteristica_22795,caracteristica_22796,caracteristica_22797,caracteristica_22798,caracteristica_22799,caracteristica_22800,caracteristica_22801,caracteristica_22802,caracteristica_22803,caracteristica_22804,caracteristica_22805,caracteristica_22806,caracteristica_22807,caracteristica_22808,caracteristica_22809,caracteristica_22810,caracteristica_22811,caracteristica_22812,caracteristica_22813,caracteristica_22814,caracteristica_22815,caracteristica_22816,caracteristica_22817,caracteristica_22818,caracteristica_22819,caracteristica_22820,caracteristica_22821,caracteristica_22822,caracteristica_22823,caracteristica_22824,caracteristica_22825,caracteristica_22826,caracteristica_22827,caracteristica_22828,caracteristica_22829,caracteristica_22830,caracteristica_22831,caracteristica_22832,caracteristica_22833,caracteristica_22834,caracteristica_22835,caracteristica_22836,caracteristica_22837,caracteristica_22838,caracteristica_22839,caracteristica_22840,caracteristica_22841,caracteristica_22842,caracteristica_22843,caracteristica_22844,caracteristica_22845,caracteristica_22846,caracteristica_22847,caracteristica_22848,caracteristica_22849,caracteristica_22850,caracteristica_22851,caracteristica_22852,caracteristica_22853,caracteristica_22854,caracteristica_22855,caracteristica_22856,caracteristica_22857,caracteristica_22858,caracteristica_22859,caracteristica_22860,caracteristica_22861,caracteristica_22862,caracteristica_22863,caracteristica_22864,caracteristica_22865,caracteristica_22866,caracteristica_22867,caracteristica_22868,caracteristica_22869,caracteristica_22870,caracteristica_22871,caracteristica_22872,caracteristica_22873,caracteristica_22874,caracteristica_22875,caracteristica_22876,caracteristica_22877,caracteristica_22878,caracteristica_22879,caracteristica_22880,caracteristica_22881,caracteristica_22882,caracteristica_22883,caracteristica_22884,caracteristica_22885,caracteristica_22886,caracteristica_22887,caracteristica_22888,caracteristica_22889,caracteristica_22890,caracteristica_22891,caracteristica_22892,caracteristica_22893,caracteristica_22894,caracteristica_22895,caracteristica_22896,caracteristica_22897,caracteristica_22898,caracteristica_22899,caracteristica_22900,caracteristica_22901,caracteristica_22902,caracteristica_22903,caracteristica_22904,caracteristica_22905,caracteristica_22906,caracteristica_22907,caracteristica_22908,caracteristica_22909,caracteristica_22910,caracteristica_22911,caracteristica_22912,caracteristica_22913,caracteristica_22914,caracteristica_22915,caracteristica_22916,caracteristica_22917,caracteristica_22918,caracteristica_22919,caracteristica_22920,caracteristica_22921,caracteristica_22922,caracteristica_22923,caracteristica_22924,caracteristica_22925,caracteristica_22926,caracteristica_22927,caracteristica_22928,caracteristica_22929,caracteristica_22930,caracteristica_22931,caracteristica_22932,caracteristica_22933,caracteristica_22934,caracteristica_22935,caracteristica_22936,caracteristica_22937,caracteristica_22938,caracteristica_22939,caracteristica_22940,caracteristica_22941,caracteristica_22942,caracteristica_22943,caracteristica_22944,caracteristica_22945,caracteristica_22946,caracteristica_22947,caracteristica_22948,caracteristica_22949,caracteristica_22950,caracteristica_22951,caracteristica_22952,caracteristica_22953,caracteristica_22954,caracteristica_22955,caracteristica_22956,caracteristica_22957,caracteristica_22958,caracteristica_22959,caracteristica_22960,caracteristica_22961,caracteristica_22962,caracteristica_22963,caracteristica_22964,caracteristica_22965,caracteristica_22966,caracteristica_22967,caracteristica_22968,caracteristica_22969,caracteristica_22970,caracteristica_22971,caracteristica_22972,caracteristica_22973,caracteristica_22974,caracteristica_22975,caracteristica_22976,caracteristica_22977,caracteristica_22978,caracteristica_22979,caracteristica_22980,caracteristica_22981,caracteristica_22982,caracteristica_22983,caracteristica_22984,caracteristica_22985,caracteristica_22986,caracteristica_22987,caracteristica_22988,caracteristica_22989,caracteristica_22990,caracteristica_22991,caracteristica_22992,caracteristica_22993,caracteristica_22994,caracteristica_22995,caracteristica_22996,caracteristica_22997,caracteristica_22998,caracteristica_22999,caracteristica_23000,caracteristica_23001,caracteristica_23002,caracteristica_23003,caracteristica_23004,caracteristica_23005,caracteristica_23006,caracteristica_23007,caracteristica_23008,caracteristica_23009,caracteristica_23010,caracteristica_23011,caracteristica_23012,caracteristica_23013,caracteristica_23014,caracteristica_23015,caracteristica_23016,caracteristica_23017,caracteristica_23018,caracteristica_23019,caracteristica_23020,caracteristica_23021,caracteristica_23022,caracteristica_23023,caracteristica_23024,caracteristica_23025,caracteristica_23026,caracteristica_23027,caracteristica_23028,caracteristica_23029,caracteristica_23030,caracteristica_23031,caracteristica_23032,caracteristica_23033,caracteristica_23034,caracteristica_23035,caracteristica_23036,caracteristica_23037,caracteristica_23038,caracteristica_23039,caracteristica_23040,caracteristica_23041,caracteristica_23042,caracteristica_23043,caracteristica_23044,caracteristica_23045,caracteristica_23046,caracteristica_23047,caracteristica_23048,caracteristica_23049,caracteristica_23050,caracteristica_23051,caracteristica_23052,caracteristica_23053,caracteristica_23054,caracteristica_23055,caracteristica_23056,caracteristica_23057,caracteristica_23058,caracteristica_23059,caracteristica_23060,caracteristica_23061,caracteristica_23062,caracteristica_23063,caracteristica_23064,caracteristica_23065,caracteristica_23066,caracteristica_23067,caracteristica_23068,caracteristica_23069,caracteristica_23070,caracteristica_23071,caracteristica_23072,caracteristica_23073,caracteristica_23074,caracteristica_23075,caracteristica_23076,caracteristica_23077,caracteristica_23078,caracteristica_23079,caracteristica_23080,caracteristica_23081,caracteristica_23082,caracteristica_23083,caracteristica_23084,caracteristica_23085,caracteristica_23086,caracteristica_23087,caracteristica_23088,caracteristica_23089,caracteristica_23090,caracteristica_23091,caracteristica_23092,caracteristica_23093,caracteristica_23094,caracteristica_23095,caracteristica_23096,caracteristica_23097,caracteristica_23098,caracteristica_23099,caracteristica_23100,caracteristica_23101,caracteristica_23102,caracteristica_23103,caracteristica_23104,caracteristica_23105,caracteristica_23106,caracteristica_23107,caracteristica_23108,caracteristica_23109,caracteristica_23110,caracteristica_23111,caracteristica_23112,caracteristica_23113,caracteristica_23114,caracteristica_23115,caracteristica_23116,caracteristica_23117,caracteristica_23118,caracteristica_23119,caracteristica_23120,caracteristica_23121,caracteristica_23122,caracteristica_23123,caracteristica_23124,caracteristica_23125,caracteristica_23126,caracteristica_23127,caracteristica_23128,caracteristica_23129,caracteristica_23130,caracteristica_23131,caracteristica_23132,caracteristica_23133,caracteristica_23134,caracteristica_23135,caracteristica_23136,caracteristica_23137,caracteristica_23138,caracteristica_23139,caracteristica_23140,caracteristica_23141,caracteristica_23142,caracteristica_23143,caracteristica_23144,caracteristica_23145,caracteristica_23146,caracteristica_23147,caracteristica_23148,caracteristica_23149,caracteristica_23150,caracteristica_23151,caracteristica_23152,caracteristica_23153,caracteristica_23154,caracteristica_23155,caracteristica_23156,caracteristica_23157,caracteristica_23158,caracteristica_23159,caracteristica_23160,caracteristica_23161,caracteristica_23162,caracteristica_23163,caracteristica_23164,caracteristica_23165,caracteristica_23166,caracteristica_23167,caracteristica_23168,caracteristica_23169,caracteristica_23170,caracteristica_23171,caracteristica_23172,caracteristica_23173,caracteristica_23174,caracteristica_23175,caracteristica_23176,caracteristica_23177,caracteristica_23178,caracteristica_23179,caracteristica_23180,caracteristica_23181,caracteristica_23182,caracteristica_23183,caracteristica_23184,caracteristica_23185,caracteristica_23186,caracteristica_23187,caracteristica_23188,caracteristica_23189,caracteristica_23190,caracteristica_23191,caracteristica_23192,caracteristica_23193,caracteristica_23194,caracteristica_23195,caracteristica_23196,caracteristica_23197,caracteristica_23198,caracteristica_23199,caracteristica_23200,caracteristica_23201,caracteristica_23202,caracteristica_23203,caracteristica_23204,caracteristica_23205,caracteristica_23206,caracteristica_23207,caracteristica_23208,caracteristica_23209,caracteristica_23210,caracteristica_23211,caracteristica_23212,caracteristica_23213,caracteristica_23214,caracteristica_23215,caracteristica_23216,caracteristica_23217,caracteristica_23218,caracteristica_23219,caracteristica_23220,caracteristica_23221,caracteristica_23222,caracteristica_23223,caracteristica_23224,caracteristica_23225,caracteristica_23226,caracteristica_23227,caracteristica_23228,caracteristica_23229,caracteristica_23230,caracteristica_23231,caracteristica_23232,caracteristica_23233,caracteristica_23234,caracteristica_23235,caracteristica_23236,caracteristica_23237,caracteristica_23238,caracteristica_23239,caracteristica_23240,caracteristica_23241,caracteristica_23242,caracteristica_23243,caracteristica_23244,caracteristica_23245,caracteristica_23246,caracteristica_23247,caracteristica_23248,caracteristica_23249,caracteristica_23250,caracteristica_23251,caracteristica_23252,caracteristica_23253,caracteristica_23254,caracteristica_23255,caracteristica_23256,caracteristica_23257,caracteristica_23258,caracteristica_23259,caracteristica_23260,caracteristica_23261,caracteristica_23262,caracteristica_23263,caracteristica_23264,caracteristica_23265,caracteristica_23266,caracteristica_23267,caracteristica_23268,caracteristica_23269,caracteristica_23270,caracteristica_23271,caracteristica_23272,caracteristica_23273,caracteristica_23274,caracteristica_23275,caracteristica_23276,caracteristica_23277,caracteristica_23278,caracteristica_23279,caracteristica_23280,caracteristica_23281,caracteristica_23282,caracteristica_23283,caracteristica_23284,caracteristica_23285,caracteristica_23286,caracteristica_23287,caracteristica_23288,caracteristica_23289,caracteristica_23290,caracteristica_23291,caracteristica_23292,caracteristica_23293,caracteristica_23294,caracteristica_23295,caracteristica_23296,caracteristica_23297,caracteristica_23298,caracteristica_23299,caracteristica_23300,caracteristica_23301,caracteristica_23302,caracteristica_23303,caracteristica_23304,caracteristica_23305,caracteristica_23306,caracteristica_23307,caracteristica_23308,caracteristica_23309,caracteristica_23310,caracteristica_23311,caracteristica_23312,caracteristica_23313,caracteristica_23314,caracteristica_23315,caracteristica_23316,caracteristica_23317,caracteristica_23318,caracteristica_23319,caracteristica_23320,caracteristica_23321,caracteristica_23322,caracteristica_23323,caracteristica_23324,caracteristica_23325,caracteristica_23326,caracteristica_23327,caracteristica_23328,caracteristica_23329,caracteristica_23330,caracteristica_23331,caracteristica_23332,caracteristica_23333,caracteristica_23334,caracteristica_23335,caracteristica_23336,caracteristica_23337,caracteristica_23338,caracteristica_23339,caracteristica_23340,caracteristica_23341,caracteristica_23342,caracteristica_23343,caracteristica_23344,caracteristica_23345,caracteristica_23346,caracteristica_23347,caracteristica_23348,caracteristica_23349,caracteristica_23350,caracteristica_23351,caracteristica_23352,caracteristica_23353,caracteristica_23354,caracteristica_23355,caracteristica_23356,caracteristica_23357,caracteristica_23358,caracteristica_23359,caracteristica_23360,caracteristica_23361,caracteristica_23362,caracteristica_23363,caracteristica_23364,caracteristica_23365,caracteristica_23366,caracteristica_23367,caracteristica_23368,caracteristica_23369,caracteristica_23370,caracteristica_23371,caracteristica_23372,caracteristica_23373,caracteristica_23374,caracteristica_23375,caracteristica_23376,caracteristica_23377,caracteristica_23378,caracteristica_23379,caracteristica_23380,caracteristica_23381,caracteristica_23382,caracteristica_23383,caracteristica_23384,caracteristica_23385,caracteristica_23386,caracteristica_23387,caracteristica_23388,caracteristica_23389,caracteristica_23390,caracteristica_23391,caracteristica_23392,caracteristica_23393,caracteristica_23394,caracteristica_23395,caracteristica_23396,caracteristica_23397,caracteristica_23398,caracteristica_23399,caracteristica_23400,caracteristica_23401,caracteristica_23402,caracteristica_23403,caracteristica_23404,caracteristica_23405,caracteristica_23406,caracteristica_23407,caracteristica_23408,caracteristica_23409,caracteristica_23410,caracteristica_23411,caracteristica_23412,caracteristica_23413,caracteristica_23414,caracteristica_23415,caracteristica_23416,caracteristica_23417,caracteristica_23418,caracteristica_23419,caracteristica_23420,caracteristica_23421,caracteristica_23422,caracteristica_23423,caracteristica_23424,caracteristica_23425,caracteristica_23426,caracteristica_23427,caracteristica_23428,caracteristica_23429,caracteristica_23430,caracteristica_23431,caracteristica_23432,caracteristica_23433,caracteristica_23434,caracteristica_23435,caracteristica_23436,caracteristica_23437,caracteristica_23438,caracteristica_23439,caracteristica_23440,caracteristica_23441,caracteristica_23442,caracteristica_23443,caracteristica_23444,caracteristica_23445,caracteristica_23446,caracteristica_23447,caracteristica_23448,caracteristica_23449,caracteristica_23450,caracteristica_23451,caracteristica_23452,caracteristica_23453,caracteristica_23454,caracteristica_23455,caracteristica_23456,caracteristica_23457,caracteristica_23458,caracteristica_23459,caracteristica_23460,caracteristica_23461,caracteristica_23462,caracteristica_23463,caracteristica_23464,caracteristica_23465,caracteristica_23466,caracteristica_23467,caracteristica_23468,caracteristica_23469,caracteristica_23470,caracteristica_23471,caracteristica_23472,caracteristica_23473,caracteristica_23474,caracteristica_23475,caracteristica_23476,caracteristica_23477,caracteristica_23478,caracteristica_23479,caracteristica_23480,caracteristica_23481,caracteristica_23482,caracteristica_23483,caracteristica_23484,caracteristica_23485,caracteristica_23486,caracteristica_23487,caracteristica_23488,caracteristica_23489,caracteristica_23490,caracteristica_23491,caracteristica_23492,caracteristica_23493,caracteristica_23494,caracteristica_23495,caracteristica_23496,caracteristica_23497,caracteristica_23498,caracteristica_23499,caracteristica_23500,caracteristica_23501,caracteristica_23502,caracteristica_23503,caracteristica_23504,caracteristica_23505,caracteristica_23506,caracteristica_23507,caracteristica_23508,caracteristica_23509,caracteristica_23510,caracteristica_23511,caracteristica_23512,caracteristica_23513,caracteristica_23514,caracteristica_23515,caracteristica_23516,caracteristica_23517,caracteristica_23518,caracteristica_23519,caracteristica_23520,caracteristica_23521,caracteristica_23522,caracteristica_23523,caracteristica_23524,caracteristica_23525,caracteristica_23526,caracteristica_23527,caracteristica_23528,caracteristica_23529,caracteristica_23530,caracteristica_23531,caracteristica_23532,caracteristica_23533,caracteristica_23534,caracteristica_23535,caracteristica_23536,caracteristica_23537,caracteristica_23538,caracteristica_23539,caracteristica_23540,caracteristica_23541,caracteristica_23542,caracteristica_23543,caracteristica_23544,caracteristica_23545,caracteristica_23546,caracteristica_23547,caracteristica_23548,caracteristica_23549,caracteristica_23550,caracteristica_23551,caracteristica_23552,caracteristica_23553,caracteristica_23554,caracteristica_23555,caracteristica_23556,caracteristica_23557,caracteristica_23558,caracteristica_23559,caracteristica_23560,caracteristica_23561,caracteristica_23562,caracteristica_23563,caracteristica_23564,caracteristica_23565,caracteristica_23566,caracteristica_23567,caracteristica_23568,caracteristica_23569,caracteristica_23570,caracteristica_23571,caracteristica_23572,caracteristica_23573,caracteristica_23574,caracteristica_23575,caracteristica_23576,caracteristica_23577,caracteristica_23578,caracteristica_23579,caracteristica_23580,caracteristica_23581,caracteristica_23582,caracteristica_23583,caracteristica_23584,caracteristica_23585,caracteristica_23586,caracteristica_23587,caracteristica_23588,caracteristica_23589,caracteristica_23590,caracteristica_23591,caracteristica_23592,caracteristica_23593,caracteristica_23594,caracteristica_23595,caracteristica_23596,caracteristica_23597,caracteristica_23598,caracteristica_23599,caracteristica_23600,caracteristica_23601,caracteristica_23602,caracteristica_23603,caracteristica_23604,caracteristica_23605,caracteristica_23606,caracteristica_23607,caracteristica_23608,caracteristica_23609,caracteristica_23610,caracteristica_23611,caracteristica_23612,caracteristica_23613,caracteristica_23614,caracteristica_23615,caracteristica_23616,caracteristica_23617,caracteristica_23618,caracteristica_23619,caracteristica_23620,caracteristica_23621,caracteristica_23622,caracteristica_23623,caracteristica_23624,caracteristica_23625,caracteristica_23626,caracteristica_23627,caracteristica_23628,caracteristica_23629,caracteristica_23630,caracteristica_23631,caracteristica_23632,caracteristica_23633,caracteristica_23634,caracteristica_23635,caracteristica_23636,caracteristica_23637,caracteristica_23638,caracteristica_23639,caracteristica_23640,caracteristica_23641,caracteristica_23642,caracteristica_23643,caracteristica_23644,caracteristica_23645,caracteristica_23646,caracteristica_23647,caracteristica_23648,caracteristica_23649,caracteristica_23650,caracteristica_23651,caracteristica_23652,caracteristica_23653,caracteristica_23654,caracteristica_23655,caracteristica_23656,caracteristica_23657,caracteristica_23658,caracteristica_23659,caracteristica_23660,caracteristica_23661,caracteristica_23662,caracteristica_23663,caracteristica_23664,caracteristica_23665,caracteristica_23666,caracteristica_23667,caracteristica_23668,caracteristica_23669,caracteristica_23670,caracteristica_23671,caracteristica_23672,caracteristica_23673,caracteristica_23674,caracteristica_23675,caracteristica_23676,caracteristica_23677,caracteristica_23678,caracteristica_23679,caracteristica_23680,caracteristica_23681,caracteristica_23682,caracteristica_23683,caracteristica_23684,caracteristica_23685,caracteristica_23686,caracteristica_23687,caracteristica_23688,caracteristica_23689,caracteristica_23690,caracteristica_23691,caracteristica_23692,caracteristica_23693,caracteristica_23694,caracteristica_23695,caracteristica_23696,caracteristica_23697,caracteristica_23698,caracteristica_23699,caracteristica_23700,caracteristica_23701,caracteristica_23702,caracteristica_23703,caracteristica_23704,caracteristica_23705,caracteristica_23706,caracteristica_23707,caracteristica_23708,caracteristica_23709,caracteristica_23710,caracteristica_23711,caracteristica_23712,caracteristica_23713,caracteristica_23714,caracteristica_23715,caracteristica_23716,caracteristica_23717,caracteristica_23718,caracteristica_23719,caracteristica_23720,caracteristica_23721,caracteristica_23722,caracteristica_23723,caracteristica_23724,caracteristica_23725,caracteristica_23726,caracteristica_23727,caracteristica_23728,caracteristica_23729,caracteristica_23730,caracteristica_23731,caracteristica_23732,caracteristica_23733,caracteristica_23734,caracteristica_23735,caracteristica_23736,caracteristica_23737,caracteristica_23738,caracteristica_23739,caracteristica_23740,caracteristica_23741,caracteristica_23742,caracteristica_23743,caracteristica_23744,caracteristica_23745,caracteristica_23746,caracteristica_23747,caracteristica_23748,caracteristica_23749,caracteristica_23750,caracteristica_23751,caracteristica_23752,caracteristica_23753,caracteristica_23754,caracteristica_23755,caracteristica_23756,caracteristica_23757,caracteristica_23758,caracteristica_23759,caracteristica_23760,caracteristica_23761,caracteristica_23762,caracteristica_23763,caracteristica_23764,caracteristica_23765,caracteristica_23766,caracteristica_23767,caracteristica_23768,caracteristica_23769,caracteristica_23770,caracteristica_23771,caracteristica_23772,caracteristica_23773,caracteristica_23774,caracteristica_23775,caracteristica_23776,caracteristica_23777,caracteristica_23778,caracteristica_23779,caracteristica_23780,caracteristica_23781,caracteristica_23782,caracteristica_23783,caracteristica_23784,caracteristica_23785,caracteristica_23786,caracteristica_23787,caracteristica_23788,caracteristica_23789,caracteristica_23790,caracteristica_23791,caracteristica_23792,caracteristica_23793,caracteristica_23794,caracteristica_23795,caracteristica_23796,caracteristica_23797,caracteristica_23798,caracteristica_23799,caracteristica_23800,caracteristica_23801,caracteristica_23802,caracteristica_23803,caracteristica_23804,caracteristica_23805,caracteristica_23806,caracteristica_23807,caracteristica_23808,caracteristica_23809,caracteristica_23810,caracteristica_23811,caracteristica_23812,caracteristica_23813,caracteristica_23814,caracteristica_23815,caracteristica_23816,caracteristica_23817,caracteristica_23818,caracteristica_23819,caracteristica_23820,caracteristica_23821,caracteristica_23822,caracteristica_23823,caracteristica_23824,caracteristica_23825,caracteristica_23826,caracteristica_23827,caracteristica_23828,caracteristica_23829,caracteristica_23830,caracteristica_23831,caracteristica_23832,caracteristica_23833,caracteristica_23834,caracteristica_23835,caracteristica_23836,caracteristica_23837,caracteristica_23838,caracteristica_23839,caracteristica_23840,caracteristica_23841,caracteristica_23842,caracteristica_23843,caracteristica_23844,caracteristica_23845,caracteristica_23846,caracteristica_23847,caracteristica_23848,caracteristica_23849,caracteristica_23850,caracteristica_23851,caracteristica_23852,caracteristica_23853,caracteristica_23854,caracteristica_23855,caracteristica_23856,caracteristica_23857,caracteristica_23858,caracteristica_23859,caracteristica_23860,caracteristica_23861,caracteristica_23862,caracteristica_23863,caracteristica_23864,caracteristica_23865,caracteristica_23866,caracteristica_23867,caracteristica_23868,caracteristica_23869,caracteristica_23870,caracteristica_23871,caracteristica_23872,caracteristica_23873,caracteristica_23874,caracteristica_23875,caracteristica_23876,caracteristica_23877,caracteristica_23878,caracteristica_23879,caracteristica_23880,caracteristica_23881,caracteristica_23882,caracteristica_23883,caracteristica_23884,caracteristica_23885,caracteristica_23886,caracteristica_23887,caracteristica_23888,caracteristica_23889,caracteristica_23890,caracteristica_23891,caracteristica_23892,caracteristica_23893,caracteristica_23894,caracteristica_23895,caracteristica_23896,caracteristica_23897,caracteristica_23898,caracteristica_23899,caracteristica_23900,caracteristica_23901,caracteristica_23902,caracteristica_23903,caracteristica_23904,caracteristica_23905,caracteristica_23906,caracteristica_23907,caracteristica_23908,caracteristica_23909,caracteristica_23910,caracteristica_23911,caracteristica_23912,caracteristica_23913,caracteristica_23914,caracteristica_23915,caracteristica_23916,caracteristica_23917,caracteristica_23918,caracteristica_23919,caracteristica_23920,caracteristica_23921,caracteristica_23922,caracteristica_23923,caracteristica_23924,caracteristica_23925,caracteristica_23926,caracteristica_23927,caracteristica_23928,caracteristica_23929,caracteristica_23930,caracteristica_23931,caracteristica_23932,caracteristica_23933,caracteristica_23934,caracteristica_23935,caracteristica_23936,caracteristica_23937,caracteristica_23938,caracteristica_23939,caracteristica_23940,caracteristica_23941,caracteristica_23942,caracteristica_23943,caracteristica_23944,caracteristica_23945,caracteristica_23946,caracteristica_23947,caracteristica_23948,caracteristica_23949,caracteristica_23950,caracteristica_23951,caracteristica_23952,caracteristica_23953,caracteristica_23954,caracteristica_23955,caracteristica_23956,caracteristica_23957,caracteristica_23958,caracteristica_23959,caracteristica_23960,caracteristica_23961,caracteristica_23962,caracteristica_23963,caracteristica_23964,caracteristica_23965,caracteristica_23966,caracteristica_23967,caracteristica_23968,caracteristica_23969,caracteristica_23970,caracteristica_23971,caracteristica_23972,caracteristica_23973,caracteristica_23974,caracteristica_23975,caracteristica_23976,caracteristica_23977,caracteristica_23978,caracteristica_23979,caracteristica_23980,caracteristica_23981,caracteristica_23982,caracteristica_23983,caracteristica_23984,caracteristica_23985,caracteristica_23986,caracteristica_23987,caracteristica_23988,caracteristica_23989,caracteristica_23990,caracteristica_23991,caracteristica_23992,caracteristica_23993,caracteristica_23994,caracteristica_23995,caracteristica_23996,caracteristica_23997,caracteristica_23998,caracteristica_23999,caracteristica_24000,caracteristica_24001,caracteristica_24002,caracteristica_24003,caracteristica_24004,caracteristica_24005,caracteristica_24006,caracteristica_24007,caracteristica_24008,caracteristica_24009,caracteristica_24010,caracteristica_24011,caracteristica_24012,caracteristica_24013,caracteristica_24014,caracteristica_24015,caracteristica_24016,caracteristica_24017,caracteristica_24018,caracteristica_24019,caracteristica_24020,caracteristica_24021,caracteristica_24022,caracteristica_24023,caracteristica_24024,caracteristica_24025,caracteristica_24026,caracteristica_24027,caracteristica_24028,caracteristica_24029,caracteristica_24030,caracteristica_24031,caracteristica_24032,caracteristica_24033,caracteristica_24034,caracteristica_24035,caracteristica_24036,caracteristica_24037,caracteristica_24038,caracteristica_24039,caracteristica_24040,caracteristica_24041,caracteristica_24042,caracteristica_24043,caracteristica_24044,caracteristica_24045,caracteristica_24046,caracteristica_24047,caracteristica_24048,caracteristica_24049,caracteristica_24050,caracteristica_24051,caracteristica_24052,caracteristica_24053,caracteristica_24054,caracteristica_24055,caracteristica_24056,caracteristica_24057,caracteristica_24058,caracteristica_24059,caracteristica_24060,caracteristica_24061,caracteristica_24062,caracteristica_24063,caracteristica_24064,caracteristica_24065,caracteristica_24066,caracteristica_24067,caracteristica_24068,caracteristica_24069,caracteristica_24070,caracteristica_24071,caracteristica_24072,caracteristica_24073,caracteristica_24074,caracteristica_24075,caracteristica_24076,caracteristica_24077,caracteristica_24078,caracteristica_24079,caracteristica_24080,caracteristica_24081,caracteristica_24082,caracteristica_24083,caracteristica_24084,caracteristica_24085,caracteristica_24086,caracteristica_24087,caracteristica_24088,caracteristica_24089,caracteristica_24090,caracteristica_24091,caracteristica_24092,caracteristica_24093,caracteristica_24094,caracteristica_24095,caracteristica_24096,caracteristica_24097,caracteristica_24098,caracteristica_24099,caracteristica_24100,caracteristica_24101,caracteristica_24102,caracteristica_24103,caracteristica_24104,caracteristica_24105,caracteristica_24106,caracteristica_24107,caracteristica_24108,caracteristica_24109,caracteristica_24110,caracteristica_24111,caracteristica_24112,caracteristica_24113,caracteristica_24114,caracteristica_24115,caracteristica_24116,caracteristica_24117,caracteristica_24118,caracteristica_24119,caracteristica_24120,caracteristica_24121,caracteristica_24122,caracteristica_24123,caracteristica_24124,caracteristica_24125,caracteristica_24126,caracteristica_24127,caracteristica_24128,caracteristica_24129,caracteristica_24130,caracteristica_24131,caracteristica_24132,caracteristica_24133,caracteristica_24134,caracteristica_24135,caracteristica_24136,caracteristica_24137,caracteristica_24138,caracteristica_24139,caracteristica_24140,caracteristica_24141,caracteristica_24142,caracteristica_24143,caracteristica_24144,caracteristica_24145,caracteristica_24146,caracteristica_24147,caracteristica_24148,caracteristica_24149,caracteristica_24150,caracteristica_24151,caracteristica_24152,caracteristica_24153,caracteristica_24154,caracteristica_24155,caracteristica_24156,caracteristica_24157,caracteristica_24158,caracteristica_24159,caracteristica_24160,caracteristica_24161,caracteristica_24162,caracteristica_24163,caracteristica_24164,caracteristica_24165,caracteristica_24166,caracteristica_24167,caracteristica_24168,caracteristica_24169,caracteristica_24170,caracteristica_24171,caracteristica_24172,caracteristica_24173,caracteristica_24174,caracteristica_24175,caracteristica_24176,caracteristica_24177,caracteristica_24178,caracteristica_24179,caracteristica_24180,caracteristica_24181,caracteristica_24182,caracteristica_24183,caracteristica_24184,caracteristica_24185,caracteristica_24186,caracteristica_24187,caracteristica_24188,caracteristica_24189,caracteristica_24190,caracteristica_24191,caracteristica_24192,caracteristica_24193,caracteristica_24194,caracteristica_24195,caracteristica_24196,caracteristica_24197,caracteristica_24198,caracteristica_24199,caracteristica_24200,caracteristica_24201,caracteristica_24202,caracteristica_24203,caracteristica_24204,caracteristica_24205,caracteristica_24206,caracteristica_24207,caracteristica_24208,caracteristica_24209,caracteristica_24210,caracteristica_24211,caracteristica_24212,caracteristica_24213,caracteristica_24214,caracteristica_24215,caracteristica_24216,caracteristica_24217,caracteristica_24218,caracteristica_24219,caracteristica_24220,caracteristica_24221,caracteristica_24222,caracteristica_24223,caracteristica_24224,caracteristica_24225,caracteristica_24226,caracteristica_24227,caracteristica_24228,caracteristica_24229,caracteristica_24230,caracteristica_24231,caracteristica_24232,caracteristica_24233,caracteristica_24234,caracteristica_24235,caracteristica_24236,caracteristica_24237,caracteristica_24238,caracteristica_24239,caracteristica_24240,caracteristica_24241,caracteristica_24242,caracteristica_24243,caracteristica_24244,caracteristica_24245,caracteristica_24246,caracteristica_24247,caracteristica_24248,caracteristica_24249,caracteristica_24250,caracteristica_24251,caracteristica_24252,caracteristica_24253,caracteristica_24254,caracteristica_24255,caracteristica_24256,caracteristica_24257,caracteristica_24258,caracteristica_24259,caracteristica_24260,caracteristica_24261,caracteristica_24262,caracteristica_24263,caracteristica_24264,caracteristica_24265,caracteristica_24266,caracteristica_24267,caracteristica_24268,caracteristica_24269,caracteristica_24270,caracteristica_24271,caracteristica_24272,caracteristica_24273,caracteristica_24274,caracteristica_24275,caracteristica_24276,caracteristica_24277,caracteristica_24278,caracteristica_24279,caracteristica_24280,caracteristica_24281,caracteristica_24282,caracteristica_24283,caracteristica_24284,caracteristica_24285,caracteristica_24286,caracteristica_24287,caracteristica_24288,caracteristica_24289,caracteristica_24290,caracteristica_24291,caracteristica_24292,caracteristica_24293,caracteristica_24294,caracteristica_24295,caracteristica_24296,caracteristica_24297,caracteristica_24298,caracteristica_24299,caracteristica_24300,caracteristica_24301,caracteristica_24302,caracteristica_24303,caracteristica_24304,caracteristica_24305,caracteristica_24306,caracteristica_24307,caracteristica_24308,caracteristica_24309,caracteristica_24310,caracteristica_24311,caracteristica_24312,caracteristica_24313,caracteristica_24314,caracteristica_24315,caracteristica_24316,caracteristica_24317,caracteristica_24318,caracteristica_24319,caracteristica_24320,caracteristica_24321,caracteristica_24322,caracteristica_24323,caracteristica_24324,caracteristica_24325,caracteristica_24326,caracteristica_24327,caracteristica_24328,caracteristica_24329,caracteristica_24330,caracteristica_24331,caracteristica_24332,caracteristica_24333,caracteristica_24334,caracteristica_24335,caracteristica_24336,caracteristica_24337,caracteristica_24338,caracteristica_24339,caracteristica_24340,caracteristica_24341,caracteristica_24342,caracteristica_24343,caracteristica_24344,caracteristica_24345,caracteristica_24346,caracteristica_24347,caracteristica_24348,caracteristica_24349,caracteristica_24350,caracteristica_24351,caracteristica_24352,caracteristica_24353,caracteristica_24354,caracteristica_24355,caracteristica_24356,caracteristica_24357,caracteristica_24358,caracteristica_24359,caracteristica_24360,caracteristica_24361,caracteristica_24362,caracteristica_24363,caracteristica_24364,caracteristica_24365,caracteristica_24366,caracteristica_24367,caracteristica_24368,caracteristica_24369,caracteristica_24370,caracteristica_24371,caracteristica_24372,caracteristica_24373,caracteristica_24374,caracteristica_24375,caracteristica_24376,caracteristica_24377,caracteristica_24378,caracteristica_24379,caracteristica_24380,caracteristica_24381,caracteristica_24382,caracteristica_24383,caracteristica_24384,caracteristica_24385,caracteristica_24386,caracteristica_24387,caracteristica_24388,caracteristica_24389,caracteristica_24390,caracteristica_24391,caracteristica_24392,caracteristica_24393,caracteristica_24394,caracteristica_24395,caracteristica_24396,caracteristica_24397,caracteristica_24398,caracteristica_24399,caracteristica_24400,caracteristica_24401,caracteristica_24402,caracteristica_24403,caracteristica_24404,caracteristica_24405,caracteristica_24406,caracteristica_24407,caracteristica_24408,caracteristica_24409,caracteristica_24410,caracteristica_24411,caracteristica_24412,caracteristica_24413,caracteristica_24414,caracteristica_24415,caracteristica_24416,caracteristica_24417,caracteristica_24418,caracteristica_24419,caracteristica_24420,caracteristica_24421,caracteristica_24422,caracteristica_24423,caracteristica_24424,caracteristica_24425,caracteristica_24426,caracteristica_24427,caracteristica_24428,caracteristica_24429,caracteristica_24430,caracteristica_24431,caracteristica_24432,caracteristica_24433,caracteristica_24434,caracteristica_24435,caracteristica_24436,caracteristica_24437,caracteristica_24438,caracteristica_24439,caracteristica_24440,caracteristica_24441,caracteristica_24442,caracteristica_24443,caracteristica_24444,caracteristica_24445,caracteristica_24446,caracteristica_24447,caracteristica_24448,caracteristica_24449,caracteristica_24450,caracteristica_24451,caracteristica_24452,caracteristica_24453,caracteristica_24454,caracteristica_24455,caracteristica_24456,caracteristica_24457,caracteristica_24458,caracteristica_24459,caracteristica_24460,caracteristica_24461,caracteristica_24462,caracteristica_24463,caracteristica_24464,caracteristica_24465,caracteristica_24466,caracteristica_24467,caracteristica_24468,caracteristica_24469,caracteristica_24470,caracteristica_24471,caracteristica_24472,caracteristica_24473,caracteristica_24474,caracteristica_24475,caracteristica_24476,caracteristica_24477,caracteristica_24478,caracteristica_24479,caracteristica_24480,caracteristica_24481,caracteristica_24482,caracteristica_24483,caracteristica_24484,caracteristica_24485,caracteristica_24486,caracteristica_24487,caracteristica_24488,caracteristica_24489,caracteristica_24490,caracteristica_24491,caracteristica_24492,caracteristica_24493,caracteristica_24494,caracteristica_24495,caracteristica_24496,caracteristica_24497,caracteristica_24498,caracteristica_24499,caracteristica_24500,caracteristica_24501,caracteristica_24502,caracteristica_24503,caracteristica_24504,caracteristica_24505,caracteristica_24506,caracteristica_24507,caracteristica_24508,caracteristica_24509,caracteristica_24510,caracteristica_24511,caracteristica_24512,caracteristica_24513,caracteristica_24514,caracteristica_24515,caracteristica_24516,caracteristica_24517,caracteristica_24518,caracteristica_24519,caracteristica_24520,caracteristica_24521,caracteristica_24522,caracteristica_24523,caracteristica_24524,caracteristica_24525,caracteristica_24526,caracteristica_24527,caracteristica_24528,caracteristica_24529,caracteristica_24530,caracteristica_24531,caracteristica_24532,caracteristica_24533,caracteristica_24534,caracteristica_24535,caracteristica_24536,caracteristica_24537,caracteristica_24538,caracteristica_24539,caracteristica_24540,caracteristica_24541,caracteristica_24542,caracteristica_24543,caracteristica_24544,caracteristica_24545,caracteristica_24546,caracteristica_24547,caracteristica_24548,caracteristica_24549,caracteristica_24550,caracteristica_24551,caracteristica_24552,caracteristica_24553,caracteristica_24554,caracteristica_24555,caracteristica_24556,caracteristica_24557,caracteristica_24558,caracteristica_24559,caracteristica_24560,caracteristica_24561,caracteristica_24562,caracteristica_24563,caracteristica_24564,caracteristica_24565,caracteristica_24566,caracteristica_24567,caracteristica_24568,caracteristica_24569,caracteristica_24570,caracteristica_24571,caracteristica_24572,caracteristica_24573,caracteristica_24574,caracteristica_24575,caracteristica_24576,caracteristica_24577,caracteristica_24578,caracteristica_24579,caracteristica_24580,caracteristica_24581,caracteristica_24582,caracteristica_24583,caracteristica_24584,caracteristica_24585,caracteristica_24586,caracteristica_24587,caracteristica_24588,caracteristica_24589,caracteristica_24590,caracteristica_24591,caracteristica_24592,caracteristica_24593,caracteristica_24594,caracteristica_24595,caracteristica_24596,caracteristica_24597,caracteristica_24598,caracteristica_24599,caracteristica_24600,caracteristica_24601,caracteristica_24602,caracteristica_24603,caracteristica_24604,caracteristica_24605,caracteristica_24606,caracteristica_24607,caracteristica_24608,caracteristica_24609,caracteristica_24610,caracteristica_24611,caracteristica_24612,caracteristica_24613,caracteristica_24614,caracteristica_24615,caracteristica_24616,caracteristica_24617,caracteristica_24618,caracteristica_24619,caracteristica_24620,caracteristica_24621,caracteristica_24622,caracteristica_24623,caracteristica_24624,caracteristica_24625,caracteristica_24626,caracteristica_24627,caracteristica_24628,caracteristica_24629,caracteristica_24630,caracteristica_24631,caracteristica_24632,caracteristica_24633,caracteristica_24634,caracteristica_24635,caracteristica_24636,caracteristica_24637,caracteristica_24638,caracteristica_24639,caracteristica_24640,caracteristica_24641,caracteristica_24642,caracteristica_24643,caracteristica_24644,caracteristica_24645,caracteristica_24646,caracteristica_24647,caracteristica_24648,caracteristica_24649,caracteristica_24650,caracteristica_24651,caracteristica_24652,caracteristica_24653,caracteristica_24654,caracteristica_24655,caracteristica_24656,caracteristica_24657,caracteristica_24658,caracteristica_24659,caracteristica_24660,caracteristica_24661,caracteristica_24662,caracteristica_24663,caracteristica_24664,caracteristica_24665,caracteristica_24666,caracteristica_24667,caracteristica_24668,caracteristica_24669,caracteristica_24670,caracteristica_24671,caracteristica_24672,caracteristica_24673,caracteristica_24674,caracteristica_24675,caracteristica_24676,caracteristica_24677,caracteristica_24678,caracteristica_24679,caracteristica_24680,caracteristica_24681,caracteristica_24682,caracteristica_24683,caracteristica_24684,caracteristica_24685,caracteristica_24686,caracteristica_24687,caracteristica_24688,caracteristica_24689,caracteristica_24690,caracteristica_24691,caracteristica_24692,caracteristica_24693,caracteristica_24694,caracteristica_24695,caracteristica_24696,caracteristica_24697,caracteristica_24698,caracteristica_24699,caracteristica_24700,caracteristica_24701,caracteristica_24702,caracteristica_24703,caracteristica_24704,caracteristica_24705,caracteristica_24706,caracteristica_24707,caracteristica_24708,caracteristica_24709,caracteristica_24710,caracteristica_24711,caracteristica_24712,caracteristica_24713,caracteristica_24714,caracteristica_24715,caracteristica_24716,caracteristica_24717,caracteristica_24718,caracteristica_24719,caracteristica_24720,caracteristica_24721,caracteristica_24722,caracteristica_24723,caracteristica_24724,caracteristica_24725,caracteristica_24726,caracteristica_24727,caracteristica_24728,caracteristica_24729,caracteristica_24730,caracteristica_24731,caracteristica_24732,caracteristica_24733,caracteristica_24734,caracteristica_24735,caracteristica_24736,caracteristica_24737,caracteristica_24738,caracteristica_24739,caracteristica_24740,caracteristica_24741,caracteristica_24742,caracteristica_24743,caracteristica_24744,caracteristica_24745,caracteristica_24746,caracteristica_24747,caracteristica_24748,caracteristica_24749,caracteristica_24750,caracteristica_24751,caracteristica_24752,caracteristica_24753,caracteristica_24754,caracteristica_24755,caracteristica_24756,caracteristica_24757,caracteristica_24758,caracteristica_24759,caracteristica_24760,caracteristica_24761,caracteristica_24762,caracteristica_24763,caracteristica_24764,caracteristica_24765,caracteristica_24766,caracteristica_24767,caracteristica_24768,caracteristica_24769,caracteristica_24770,caracteristica_24771,caracteristica_24772,caracteristica_24773,caracteristica_24774,caracteristica_24775,caracteristica_24776,caracteristica_24777,caracteristica_24778,caracteristica_24779,caracteristica_24780,caracteristica_24781,caracteristica_24782,caracteristica_24783,caracteristica_24784,caracteristica_24785,caracteristica_24786,caracteristica_24787,caracteristica_24788,caracteristica_24789,caracteristica_24790,caracteristica_24791,caracteristica_24792,caracteristica_24793,caracteristica_24794,caracteristica_24795,caracteristica_24796,caracteristica_24797,caracteristica_24798,caracteristica_24799,caracteristica_24800,caracteristica_24801,caracteristica_24802,caracteristica_24803,caracteristica_24804,caracteristica_24805,caracteristica_24806,caracteristica_24807,caracteristica_24808,caracteristica_24809,caracteristica_24810,caracteristica_24811,caracteristica_24812,caracteristica_24813,caracteristica_24814,caracteristica_24815,caracteristica_24816,caracteristica_24817,caracteristica_24818,caracteristica_24819,caracteristica_24820,caracteristica_24821,caracteristica_24822,caracteristica_24823,caracteristica_24824,caracteristica_24825,caracteristica_24826,caracteristica_24827,caracteristica_24828,caracteristica_24829,caracteristica_24830,caracteristica_24831,caracteristica_24832,caracteristica_24833,caracteristica_24834,caracteristica_24835,caracteristica_24836,caracteristica_24837,caracteristica_24838,caracteristica_24839,caracteristica_24840,caracteristica_24841,caracteristica_24842,caracteristica_24843,caracteristica_24844,caracteristica_24845,caracteristica_24846,caracteristica_24847,caracteristica_24848,caracteristica_24849,caracteristica_24850,caracteristica_24851,caracteristica_24852,caracteristica_24853,caracteristica_24854,caracteristica_24855,caracteristica_24856,caracteristica_24857,caracteristica_24858,caracteristica_24859,caracteristica_24860,caracteristica_24861,caracteristica_24862,caracteristica_24863,caracteristica_24864,caracteristica_24865,caracteristica_24866,caracteristica_24867,caracteristica_24868,caracteristica_24869,caracteristica_24870,caracteristica_24871,caracteristica_24872,caracteristica_24873,caracteristica_24874,caracteristica_24875,caracteristica_24876,caracteristica_24877,caracteristica_24878,caracteristica_24879,caracteristica_24880,caracteristica_24881,caracteristica_24882,caracteristica_24883,caracteristica_24884,caracteristica_24885,caracteristica_24886,caracteristica_24887,caracteristica_24888,caracteristica_24889,caracteristica_24890,caracteristica_24891,caracteristica_24892,caracteristica_24893,caracteristica_24894,caracteristica_24895,caracteristica_24896,caracteristica_24897,caracteristica_24898,caracteristica_24899,caracteristica_24900,caracteristica_24901,caracteristica_24902,caracteristica_24903,caracteristica_24904,caracteristica_24905,caracteristica_24906,caracteristica_24907,caracteristica_24908,caracteristica_24909,caracteristica_24910,caracteristica_24911,caracteristica_24912,caracteristica_24913,caracteristica_24914,caracteristica_24915,caracteristica_24916,caracteristica_24917,caracteristica_24918,caracteristica_24919,caracteristica_24920,caracteristica_24921,caracteristica_24922,caracteristica_24923,caracteristica_24924,caracteristica_24925,caracteristica_24926,caracteristica_24927,caracteristica_24928,caracteristica_24929,caracteristica_24930,caracteristica_24931,caracteristica_24932,caracteristica_24933,caracteristica_24934,caracteristica_24935,caracteristica_24936,caracteristica_24937,caracteristica_24938,caracteristica_24939,caracteristica_24940,caracteristica_24941,caracteristica_24942,caracteristica_24943,caracteristica_24944,caracteristica_24945,caracteristica_24946,caracteristica_24947,caracteristica_24948,caracteristica_24949,caracteristica_24950,caracteristica_24951,caracteristica_24952,caracteristica_24953,caracteristica_24954,caracteristica_24955,caracteristica_24956,caracteristica_24957,caracteristica_24958,caracteristica_24959,caracteristica_24960,caracteristica_24961,caracteristica_24962,caracteristica_24963,caracteristica_24964,caracteristica_24965,caracteristica_24966,caracteristica_24967,caracteristica_24968,caracteristica_24969,caracteristica_24970,caracteristica_24971,caracteristica_24972,caracteristica_24973,caracteristica_24974,caracteristica_24975,caracteristica_24976,caracteristica_24977,caracteristica_24978,caracteristica_24979,caracteristica_24980,caracteristica_24981,caracteristica_24982,caracteristica_24983,caracteristica_24984,caracteristica_24985,caracteristica_24986,caracteristica_24987,caracteristica_24988,caracteristica_24989,caracteristica_24990,caracteristica_24991,caracteristica_24992,caracteristica_24993,caracteristica_24994,caracteristica_24995,caracteristica_24996,caracteristica_24997,caracteristica_24998,caracteristica_24999,caracteristica_25000,caracteristica_25001,caracteristica_25002,caracteristica_25003,caracteristica_25004,caracteristica_25005,caracteristica_25006,caracteristica_25007,caracteristica_25008,caracteristica_25009,caracteristica_25010,caracteristica_25011,caracteristica_25012,caracteristica_25013,caracteristica_25014,caracteristica_25015,caracteristica_25016,caracteristica_25017,caracteristica_25018,caracteristica_25019,caracteristica_25020,caracteristica_25021,caracteristica_25022,caracteristica_25023,caracteristica_25024,caracteristica_25025,caracteristica_25026,caracteristica_25027,caracteristica_25028,caracteristica_25029,caracteristica_25030,caracteristica_25031,caracteristica_25032,caracteristica_25033,caracteristica_25034,caracteristica_25035,caracteristica_25036,caracteristica_25037,caracteristica_25038,caracteristica_25039,caracteristica_25040,caracteristica_25041,caracteristica_25042,caracteristica_25043,caracteristica_25044,caracteristica_25045,caracteristica_25046,caracteristica_25047,caracteristica_25048,caracteristica_25049,caracteristica_25050,caracteristica_25051,caracteristica_25052,caracteristica_25053,caracteristica_25054,caracteristica_25055,caracteristica_25056,caracteristica_25057,caracteristica_25058,caracteristica_25059,caracteristica_25060,caracteristica_25061,caracteristica_25062,caracteristica_25063,caracteristica_25064,caracteristica_25065,caracteristica_25066,caracteristica_25067,caracteristica_25068,caracteristica_25069,caracteristica_25070,caracteristica_25071,caracteristica_25072,caracteristica_25073,caracteristica_25074,caracteristica_25075,caracteristica_25076,caracteristica_25077,caracteristica_25078,caracteristica_25079,caracteristica_25080,caracteristica_25081,caracteristica_25082,caracteristica_25083,caracteristica_25084,caracteristica_25085,caracteristica_25086,caracteristica_25087,caracteristica_25088,caracteristica_25089,caracteristica_25090,caracteristica_25091,caracteristica_25092,caracteristica_25093,caracteristica_25094,caracteristica_25095,caracteristica_25096,caracteristica_25097,caracteristica_25098,caracteristica_25099,caracteristica_25100,caracteristica_25101,caracteristica_25102,caracteristica_25103,caracteristica_25104,caracteristica_25105,caracteristica_25106,caracteristica_25107,caracteristica_25108,caracteristica_25109,caracteristica_25110,caracteristica_25111,caracteristica_25112,caracteristica_25113,caracteristica_25114,caracteristica_25115,caracteristica_25116,caracteristica_25117,caracteristica_25118,caracteristica_25119,caracteristica_25120,caracteristica_25121,caracteristica_25122,caracteristica_25123,caracteristica_25124,caracteristica_25125,caracteristica_25126,caracteristica_25127,caracteristica_25128,caracteristica_25129,caracteristica_25130,caracteristica_25131,caracteristica_25132,caracteristica_25133,caracteristica_25134,caracteristica_25135,caracteristica_25136,caracteristica_25137,caracteristica_25138,caracteristica_25139,caracteristica_25140,caracteristica_25141,caracteristica_25142,caracteristica_25143,caracteristica_25144,caracteristica_25145,caracteristica_25146,caracteristica_25147,caracteristica_25148,caracteristica_25149,caracteristica_25150,caracteristica_25151,caracteristica_25152,caracteristica_25153,caracteristica_25154,caracteristica_25155,caracteristica_25156,caracteristica_25157,caracteristica_25158,caracteristica_25159,caracteristica_25160,caracteristica_25161,caracteristica_25162,caracteristica_25163,caracteristica_25164,caracteristica_25165,caracteristica_25166,caracteristica_25167,caracteristica_25168,caracteristica_25169,caracteristica_25170,caracteristica_25171,caracteristica_25172,caracteristica_25173,caracteristica_25174,caracteristica_25175,caracteristica_25176,caracteristica_25177,caracteristica_25178,caracteristica_25179,caracteristica_25180,caracteristica_25181,caracteristica_25182,caracteristica_25183,caracteristica_25184,caracteristica_25185,caracteristica_25186,caracteristica_25187,caracteristica_25188,caracteristica_25189,caracteristica_25190,caracteristica_25191,caracteristica_25192,caracteristica_25193,caracteristica_25194,caracteristica_25195,caracteristica_25196,caracteristica_25197,caracteristica_25198,caracteristica_25199,caracteristica_25200,caracteristica_25201,caracteristica_25202,caracteristica_25203,caracteristica_25204,caracteristica_25205,caracteristica_25206,caracteristica_25207,caracteristica_25208,caracteristica_25209,caracteristica_25210,caracteristica_25211,caracteristica_25212,caracteristica_25213,caracteristica_25214,caracteristica_25215,caracteristica_25216,caracteristica_25217,caracteristica_25218,caracteristica_25219,caracteristica_25220,caracteristica_25221,caracteristica_25222,caracteristica_25223,caracteristica_25224,caracteristica_25225,caracteristica_25226,caracteristica_25227,caracteristica_25228,caracteristica_25229,caracteristica_25230,caracteristica_25231,caracteristica_25232,caracteristica_25233,caracteristica_25234,caracteristica_25235,caracteristica_25236,caracteristica_25237,caracteristica_25238,caracteristica_25239,caracteristica_25240,caracteristica_25241,caracteristica_25242,caracteristica_25243,caracteristica_25244,caracteristica_25245,caracteristica_25246,caracteristica_25247,caracteristica_25248,caracteristica_25249,caracteristica_25250,caracteristica_25251,caracteristica_25252,caracteristica_25253,caracteristica_25254,caracteristica_25255,caracteristica_25256,caracteristica_25257,caracteristica_25258,caracteristica_25259,caracteristica_25260,caracteristica_25261,caracteristica_25262,caracteristica_25263,caracteristica_25264,caracteristica_25265,caracteristica_25266,caracteristica_25267,caracteristica_25268,caracteristica_25269,caracteristica_25270,caracteristica_25271,caracteristica_25272,caracteristica_25273,caracteristica_25274,caracteristica_25275,caracteristica_25276,caracteristica_25277,caracteristica_25278,caracteristica_25279,caracteristica_25280,caracteristica_25281,caracteristica_25282,caracteristica_25283,caracteristica_25284,caracteristica_25285,caracteristica_25286,caracteristica_25287,caracteristica_25288,caracteristica_25289,caracteristica_25290,caracteristica_25291,caracteristica_25292,caracteristica_25293,caracteristica_25294,caracteristica_25295,caracteristica_25296,caracteristica_25297,caracteristica_25298,caracteristica_25299,caracteristica_25300,caracteristica_25301,caracteristica_25302,caracteristica_25303,caracteristica_25304,caracteristica_25305,caracteristica_25306,caracteristica_25307,caracteristica_25308,caracteristica_25309,caracteristica_25310,caracteristica_25311,caracteristica_25312,caracteristica_25313,caracteristica_25314,caracteristica_25315,caracteristica_25316,caracteristica_25317,caracteristica_25318,caracteristica_25319,caracteristica_25320,caracteristica_25321,caracteristica_25322,caracteristica_25323,caracteristica_25324,caracteristica_25325,caracteristica_25326,caracteristica_25327,caracteristica_25328,caracteristica_25329,caracteristica_25330,caracteristica_25331,caracteristica_25332,caracteristica_25333,caracteristica_25334,caracteristica_25335,caracteristica_25336,caracteristica_25337,caracteristica_25338,caracteristica_25339,caracteristica_25340,caracteristica_25341,caracteristica_25342,caracteristica_25343,caracteristica_25344,caracteristica_25345,caracteristica_25346,caracteristica_25347,caracteristica_25348,caracteristica_25349,caracteristica_25350,caracteristica_25351,caracteristica_25352,caracteristica_25353,caracteristica_25354,caracteristica_25355,caracteristica_25356,caracteristica_25357,caracteristica_25358,caracteristica_25359,caracteristica_25360,caracteristica_25361,caracteristica_25362,caracteristica_25363,caracteristica_25364,caracteristica_25365,caracteristica_25366,caracteristica_25367,caracteristica_25368,caracteristica_25369,caracteristica_25370,caracteristica_25371,caracteristica_25372,caracteristica_25373,caracteristica_25374,caracteristica_25375,caracteristica_25376,caracteristica_25377,caracteristica_25378,caracteristica_25379,caracteristica_25380,caracteristica_25381,caracteristica_25382,caracteristica_25383,caracteristica_25384,caracteristica_25385,caracteristica_25386,caracteristica_25387,caracteristica_25388,caracteristica_25389,caracteristica_25390,caracteristica_25391,caracteristica_25392,caracteristica_25393,caracteristica_25394,caracteristica_25395,caracteristica_25396,caracteristica_25397,caracteristica_25398,caracteristica_25399,caracteristica_25400,caracteristica_25401,caracteristica_25402,caracteristica_25403,caracteristica_25404,caracteristica_25405,caracteristica_25406,caracteristica_25407,caracteristica_25408,caracteristica_25409,caracteristica_25410,caracteristica_25411,caracteristica_25412,caracteristica_25413,caracteristica_25414,caracteristica_25415,caracteristica_25416,caracteristica_25417,caracteristica_25418,caracteristica_25419,caracteristica_25420,caracteristica_25421,caracteristica_25422,caracteristica_25423,caracteristica_25424,caracteristica_25425,caracteristica_25426,caracteristica_25427,caracteristica_25428,caracteristica_25429,caracteristica_25430,caracteristica_25431,caracteristica_25432,caracteristica_25433,caracteristica_25434,caracteristica_25435,caracteristica_25436,caracteristica_25437,caracteristica_25438,caracteristica_25439,caracteristica_25440,caracteristica_25441,caracteristica_25442,caracteristica_25443,caracteristica_25444,caracteristica_25445,caracteristica_25446,caracteristica_25447,caracteristica_25448,caracteristica_25449,caracteristica_25450,caracteristica_25451,caracteristica_25452,caracteristica_25453,caracteristica_25454,caracteristica_25455,caracteristica_25456,caracteristica_25457,caracteristica_25458,caracteristica_25459,caracteristica_25460,caracteristica_25461,caracteristica_25462,caracteristica_25463,caracteristica_25464,caracteristica_25465,caracteristica_25466,caracteristica_25467,caracteristica_25468,caracteristica_25469,caracteristica_25470,caracteristica_25471,caracteristica_25472,caracteristica_25473,caracteristica_25474,caracteristica_25475,caracteristica_25476,caracteristica_25477,caracteristica_25478,caracteristica_25479,caracteristica_25480,caracteristica_25481,caracteristica_25482,caracteristica_25483,caracteristica_25484,caracteristica_25485,caracteristica_25486,caracteristica_25487,caracteristica_25488,caracteristica_25489,caracteristica_25490,caracteristica_25491,caracteristica_25492,caracteristica_25493,caracteristica_25494,caracteristica_25495,caracteristica_25496,caracteristica_25497,caracteristica_25498,caracteristica_25499,caracteristica_25500,caracteristica_25501,caracteristica_25502,caracteristica_25503,caracteristica_25504,caracteristica_25505,caracteristica_25506,caracteristica_25507,caracteristica_25508,caracteristica_25509,caracteristica_25510,caracteristica_25511,caracteristica_25512,caracteristica_25513,caracteristica_25514,caracteristica_25515,caracteristica_25516,caracteristica_25517,caracteristica_25518,caracteristica_25519,caracteristica_25520,caracteristica_25521,caracteristica_25522,caracteristica_25523,caracteristica_25524,caracteristica_25525,caracteristica_25526,caracteristica_25527,caracteristica_25528,caracteristica_25529,caracteristica_25530,caracteristica_25531,caracteristica_25532,caracteristica_25533,caracteristica_25534,caracteristica_25535,caracteristica_25536,caracteristica_25537,caracteristica_25538,caracteristica_25539,caracteristica_25540,caracteristica_25541,caracteristica_25542,caracteristica_25543,caracteristica_25544,caracteristica_25545,caracteristica_25546,caracteristica_25547,caracteristica_25548,caracteristica_25549,caracteristica_25550,caracteristica_25551,caracteristica_25552,caracteristica_25553,caracteristica_25554,caracteristica_25555,caracteristica_25556,caracteristica_25557,caracteristica_25558,caracteristica_25559,caracteristica_25560,caracteristica_25561,caracteristica_25562,caracteristica_25563,caracteristica_25564,caracteristica_25565,caracteristica_25566,caracteristica_25567,caracteristica_25568,caracteristica_25569,caracteristica_25570,caracteristica_25571,caracteristica_25572,caracteristica_25573,caracteristica_25574,caracteristica_25575,caracteristica_25576,caracteristica_25577,caracteristica_25578,caracteristica_25579,caracteristica_25580,caracteristica_25581,caracteristica_25582,caracteristica_25583,caracteristica_25584,caracteristica_25585,caracteristica_25586,caracteristica_25587,caracteristica_25588,caracteristica_25589,caracteristica_25590,caracteristica_25591,caracteristica_25592,caracteristica_25593,caracteristica_25594,caracteristica_25595,caracteristica_25596,caracteristica_25597,caracteristica_25598,caracteristica_25599,caracteristica_25600,caracteristica_25601,caracteristica_25602,caracteristica_25603,caracteristica_25604,caracteristica_25605,caracteristica_25606,caracteristica_25607,caracteristica_25608,caracteristica_25609,caracteristica_25610,caracteristica_25611,caracteristica_25612,caracteristica_25613,caracteristica_25614,caracteristica_25615,caracteristica_25616,caracteristica_25617,caracteristica_25618,caracteristica_25619,caracteristica_25620,caracteristica_25621,caracteristica_25622,caracteristica_25623,caracteristica_25624,caracteristica_25625,caracteristica_25626,caracteristica_25627,caracteristica_25628,caracteristica_25629,caracteristica_25630,caracteristica_25631,caracteristica_25632,caracteristica_25633,caracteristica_25634,caracteristica_25635,caracteristica_25636,caracteristica_25637,caracteristica_25638,caracteristica_25639,caracteristica_25640,caracteristica_25641,caracteristica_25642,caracteristica_25643,caracteristica_25644,caracteristica_25645,caracteristica_25646,caracteristica_25647,caracteristica_25648,caracteristica_25649,caracteristica_25650,caracteristica_25651,caracteristica_25652,caracteristica_25653,caracteristica_25654,caracteristica_25655,caracteristica_25656,caracteristica_25657,caracteristica_25658,caracteristica_25659,caracteristica_25660,caracteristica_25661,caracteristica_25662,caracteristica_25663,caracteristica_25664,caracteristica_25665,caracteristica_25666,caracteristica_25667,caracteristica_25668,caracteristica_25669,caracteristica_25670,caracteristica_25671,caracteristica_25672,caracteristica_25673,caracteristica_25674,caracteristica_25675,caracteristica_25676,caracteristica_25677,caracteristica_25678,caracteristica_25679,caracteristica_25680,caracteristica_25681,caracteristica_25682,caracteristica_25683,caracteristica_25684,caracteristica_25685,caracteristica_25686,caracteristica_25687,caracteristica_25688,caracteristica_25689,caracteristica_25690,caracteristica_25691,caracteristica_25692,caracteristica_25693,caracteristica_25694,caracteristica_25695,caracteristica_25696,caracteristica_25697,caracteristica_25698,caracteristica_25699,caracteristica_25700,caracteristica_25701,caracteristica_25702,caracteristica_25703,caracteristica_25704,caracteristica_25705,caracteristica_25706,caracteristica_25707,caracteristica_25708,caracteristica_25709,caracteristica_25710,caracteristica_25711,caracteristica_25712,caracteristica_25713,caracteristica_25714,caracteristica_25715,caracteristica_25716,caracteristica_25717,caracteristica_25718,caracteristica_25719,caracteristica_25720,caracteristica_25721,caracteristica_25722,caracteristica_25723,caracteristica_25724,caracteristica_25725,caracteristica_25726,caracteristica_25727,caracteristica_25728,caracteristica_25729,caracteristica_25730,caracteristica_25731,caracteristica_25732,caracteristica_25733,caracteristica_25734,caracteristica_25735,caracteristica_25736,caracteristica_25737,caracteristica_25738,caracteristica_25739,caracteristica_25740,caracteristica_25741,caracteristica_25742,caracteristica_25743,caracteristica_25744,caracteristica_25745,caracteristica_25746,caracteristica_25747,caracteristica_25748,caracteristica_25749,caracteristica_25750,caracteristica_25751,caracteristica_25752,caracteristica_25753,caracteristica_25754,caracteristica_25755,caracteristica_25756,caracteristica_25757,caracteristica_25758,caracteristica_25759,caracteristica_25760,caracteristica_25761,caracteristica_25762,caracteristica_25763,caracteristica_25764,caracteristica_25765,caracteristica_25766,caracteristica_25767,caracteristica_25768,caracteristica_25769,caracteristica_25770,caracteristica_25771,caracteristica_25772,caracteristica_25773,caracteristica_25774,caracteristica_25775,caracteristica_25776,caracteristica_25777,caracteristica_25778,caracteristica_25779,caracteristica_25780,caracteristica_25781,caracteristica_25782,caracteristica_25783,caracteristica_25784,caracteristica_25785,caracteristica_25786,caracteristica_25787,caracteristica_25788,caracteristica_25789,caracteristica_25790,caracteristica_25791,caracteristica_25792,caracteristica_25793,caracteristica_25794,caracteristica_25795,caracteristica_25796,caracteristica_25797,caracteristica_25798,caracteristica_25799,caracteristica_25800,caracteristica_25801,caracteristica_25802,caracteristica_25803,caracteristica_25804,caracteristica_25805,caracteristica_25806,caracteristica_25807,caracteristica_25808,caracteristica_25809,caracteristica_25810,caracteristica_25811,caracteristica_25812,caracteristica_25813,caracteristica_25814,caracteristica_25815,caracteristica_25816,caracteristica_25817,caracteristica_25818,caracteristica_25819,caracteristica_25820,caracteristica_25821,caracteristica_25822,caracteristica_25823,caracteristica_25824,caracteristica_25825,caracteristica_25826,caracteristica_25827,caracteristica_25828,caracteristica_25829,caracteristica_25830,caracteristica_25831,caracteristica_25832,caracteristica_25833,caracteristica_25834,caracteristica_25835,caracteristica_25836,caracteristica_25837,caracteristica_25838,caracteristica_25839,caracteristica_25840,caracteristica_25841,caracteristica_25842,caracteristica_25843,caracteristica_25844,caracteristica_25845,caracteristica_25846,caracteristica_25847,caracteristica_25848,caracteristica_25849,caracteristica_25850,caracteristica_25851,caracteristica_25852,caracteristica_25853,caracteristica_25854,caracteristica_25855,caracteristica_25856,caracteristica_25857,caracteristica_25858,caracteristica_25859,caracteristica_25860,caracteristica_25861,caracteristica_25862,caracteristica_25863,caracteristica_25864,caracteristica_25865,caracteristica_25866,caracteristica_25867,caracteristica_25868,caracteristica_25869,caracteristica_25870,caracteristica_25871,caracteristica_25872,caracteristica_25873,caracteristica_25874,caracteristica_25875,caracteristica_25876,caracteristica_25877,caracteristica_25878,caracteristica_25879,caracteristica_25880,caracteristica_25881,caracteristica_25882,caracteristica_25883,caracteristica_25884,caracteristica_25885,caracteristica_25886,caracteristica_25887,caracteristica_25888,caracteristica_25889,caracteristica_25890,caracteristica_25891,caracteristica_25892,caracteristica_25893,caracteristica_25894,caracteristica_25895,caracteristica_25896,caracteristica_25897,caracteristica_25898,caracteristica_25899,caracteristica_25900,caracteristica_25901,caracteristica_25902,caracteristica_25903,caracteristica_25904,caracteristica_25905,caracteristica_25906,caracteristica_25907,caracteristica_25908,caracteristica_25909,caracteristica_25910,caracteristica_25911,caracteristica_25912,caracteristica_25913,caracteristica_25914,caracteristica_25915,caracteristica_25916,caracteristica_25917,caracteristica_25918,caracteristica_25919,caracteristica_25920,caracteristica_25921,caracteristica_25922,caracteristica_25923,caracteristica_25924,caracteristica_25925,caracteristica_25926,caracteristica_25927,caracteristica_25928,caracteristica_25929,caracteristica_25930,caracteristica_25931,caracteristica_25932,caracteristica_25933,caracteristica_25934,caracteristica_25935,caracteristica_25936,caracteristica_25937,caracteristica_25938,caracteristica_25939,caracteristica_25940,caracteristica_25941,caracteristica_25942,caracteristica_25943,caracteristica_25944,caracteristica_25945,caracteristica_25946,caracteristica_25947,caracteristica_25948,caracteristica_25949,caracteristica_25950,caracteristica_25951,caracteristica_25952,caracteristica_25953,caracteristica_25954,caracteristica_25955,caracteristica_25956,caracteristica_25957,caracteristica_25958,caracteristica_25959,caracteristica_25960,caracteristica_25961,caracteristica_25962,caracteristica_25963,caracteristica_25964,caracteristica_25965,caracteristica_25966,caracteristica_25967,caracteristica_25968,caracteristica_25969,caracteristica_25970,caracteristica_25971,caracteristica_25972,caracteristica_25973,caracteristica_25974,caracteristica_25975,caracteristica_25976,caracteristica_25977,caracteristica_25978,caracteristica_25979,caracteristica_25980,caracteristica_25981,caracteristica_25982,caracteristica_25983,caracteristica_25984,caracteristica_25985,caracteristica_25986,caracteristica_25987,caracteristica_25988,caracteristica_25989,caracteristica_25990,caracteristica_25991,caracteristica_25992,caracteristica_25993,caracteristica_25994,caracteristica_25995,caracteristica_25996,caracteristica_25997,caracteristica_25998,caracteristica_25999,caracteristica_26000,caracteristica_26001,caracteristica_26002,caracteristica_26003,caracteristica_26004,caracteristica_26005,caracteristica_26006,caracteristica_26007,caracteristica_26008,caracteristica_26009,caracteristica_26010,caracteristica_26011,caracteristica_26012,caracteristica_26013,caracteristica_26014,caracteristica_26015,caracteristica_26016,caracteristica_26017,caracteristica_26018,caracteristica_26019,caracteristica_26020,caracteristica_26021,caracteristica_26022,caracteristica_26023,caracteristica_26024,caracteristica_26025,caracteristica_26026,caracteristica_26027,caracteristica_26028,caracteristica_26029,caracteristica_26030,caracteristica_26031,caracteristica_26032,caracteristica_26033,caracteristica_26034,caracteristica_26035,caracteristica_26036,caracteristica_26037,caracteristica_26038,caracteristica_26039,caracteristica_26040,caracteristica_26041,caracteristica_26042,caracteristica_26043,caracteristica_26044,caracteristica_26045,caracteristica_26046,caracteristica_26047,caracteristica_26048,caracteristica_26049,caracteristica_26050,caracteristica_26051,caracteristica_26052,caracteristica_26053,caracteristica_26054,caracteristica_26055,caracteristica_26056,caracteristica_26057,caracteristica_26058,caracteristica_26059,caracteristica_26060,caracteristica_26061,caracteristica_26062,caracteristica_26063,caracteristica_26064,caracteristica_26065,caracteristica_26066,caracteristica_26067,caracteristica_26068,caracteristica_26069,caracteristica_26070,caracteristica_26071,caracteristica_26072,caracteristica_26073,caracteristica_26074,caracteristica_26075,caracteristica_26076,caracteristica_26077,caracteristica_26078,caracteristica_26079,caracteristica_26080,caracteristica_26081,caracteristica_26082,caracteristica_26083,caracteristica_26084,caracteristica_26085,caracteristica_26086,caracteristica_26087,caracteristica_26088,caracteristica_26089,caracteristica_26090,caracteristica_26091,caracteristica_26092,caracteristica_26093,caracteristica_26094,caracteristica_26095,caracteristica_26096,caracteristica_26097,caracteristica_26098,caracteristica_26099,caracteristica_26100,caracteristica_26101,caracteristica_26102,caracteristica_26103,caracteristica_26104,caracteristica_26105,caracteristica_26106,caracteristica_26107,caracteristica_26108,caracteristica_26109,caracteristica_26110,caracteristica_26111,caracteristica_26112,caracteristica_26113,caracteristica_26114,caracteristica_26115,caracteristica_26116,caracteristica_26117,caracteristica_26118,caracteristica_26119,caracteristica_26120,caracteristica_26121,caracteristica_26122,caracteristica_26123,caracteristica_26124,caracteristica_26125,caracteristica_26126,caracteristica_26127,caracteristica_26128,caracteristica_26129,caracteristica_26130,caracteristica_26131,caracteristica_26132,caracteristica_26133,caracteristica_26134,caracteristica_26135,caracteristica_26136,caracteristica_26137,caracteristica_26138,caracteristica_26139,caracteristica_26140,caracteristica_26141,caracteristica_26142,caracteristica_26143,caracteristica_26144,caracteristica_26145,caracteristica_26146,caracteristica_26147,caracteristica_26148,caracteristica_26149,caracteristica_26150,caracteristica_26151,caracteristica_26152,caracteristica_26153,caracteristica_26154,caracteristica_26155,caracteristica_26156,caracteristica_26157,caracteristica_26158,caracteristica_26159,caracteristica_26160,caracteristica_26161,caracteristica_26162,caracteristica_26163,caracteristica_26164,caracteristica_26165,caracteristica_26166,caracteristica_26167,caracteristica_26168,caracteristica_26169,caracteristica_26170,caracteristica_26171,caracteristica_26172,caracteristica_26173,caracteristica_26174,caracteristica_26175,caracteristica_26176,caracteristica_26177,caracteristica_26178,caracteristica_26179,caracteristica_26180,caracteristica_26181,caracteristica_26182,caracteristica_26183,caracteristica_26184,caracteristica_26185,caracteristica_26186,caracteristica_26187,caracteristica_26188,caracteristica_26189,caracteristica_26190,caracteristica_26191,caracteristica_26192,caracteristica_26193,caracteristica_26194,caracteristica_26195,caracteristica_26196,caracteristica_26197,caracteristica_26198,caracteristica_26199,caracteristica_26200,caracteristica_26201,caracteristica_26202,caracteristica_26203,caracteristica_26204,caracteristica_26205,caracteristica_26206,caracteristica_26207,caracteristica_26208,caracteristica_26209,caracteristica_26210,caracteristica_26211,caracteristica_26212,caracteristica_26213,caracteristica_26214,caracteristica_26215,caracteristica_26216,caracteristica_26217,caracteristica_26218,caracteristica_26219,caracteristica_26220,caracteristica_26221,caracteristica_26222,caracteristica_26223,caracteristica_26224,caracteristica_26225,caracteristica_26226,caracteristica_26227,caracteristica_26228,caracteristica_26229,caracteristica_26230,caracteristica_26231,caracteristica_26232,caracteristica_26233,caracteristica_26234,caracteristica_26235,caracteristica_26236,caracteristica_26237,caracteristica_26238,caracteristica_26239,caracteristica_26240,caracteristica_26241,caracteristica_26242,caracteristica_26243,caracteristica_26244
n000362_1.jpg,0.0,0.0,0.0,0.0,0.0,0.0,0.0,0.0,0.0,0.0072329761897404875,0.0,0.0,0.0,0.0,0.0,0.007530658281554055,0.0,0.010650086159895019,0.0,0.0,0.0,0.0,0.0,0.0,0.0,0.0,0.0,0.0,0.0,0.0,0.0,0.0,0.0,0.04185571413669177,0.0,0.0,0.0,0.0,0.0,0.0,0.018813794940734062,0.0,0.0,0.0,0.0,0.0,0.0,0.0,0.0,0.0,0.0,0.0,0.03513576982625405,0.022069767962712688,0.0,0.0,0.0,0.0,0.0,0.0,0.054406068715512755,0.0,0.07625980809892514,0.0,0.0,0.0017230376768741973,0.0,0.011174877593088887,0.0,0.0,0.0,0.0,0.0,0.0,0.0,0.0,0.0,0.0,0.0384544776101926,0.0,0.0,0.022949636420766056,0.0,0.002014614499159508,0.0,0.0,0.0,0.0,0.0,0.0,0.0,0.0,0.0,0.0,0.0,0.0,0.0,0.02276340063113846,0.0,0.0,0.0,0.01293779043209363,0.0,0.0,0.0,0.03152667490552638,0.0,0.0,0.0,0.0,0.0,0.0,0.0,0.0,0.0,0.0,0.0,0.0,0.0,0.014448673013998683,0.0,0.0,0.0,0.0,0.0,0.0,0.0,0.0,0.0,0.0,0.0,0.0,0.0,0.0,0.0,0.0,0.0,0.0,0.0,0.0,0.0,0.0,0.0,0.0,0.020160361566147887,0.0,0.0,0.0,0.0,0.0,0.023022832804396473,0.0,0.0,0.0009306976230355605,0.0,0.0,0.0,0.0,0.0,0.0015337244405848325,0.0,0.0,0.0,0.00010321259287105448,0.0,0.0,0.0,0.0,0.0,0.0,0.0,0.0,0.0,0.0,0.011242424577600548,0.0,0.0,0.0,0.01083816600060944,0.0,0.0,0.04080190424857127,0.0,0.0,0.020892113537129203,0.06151698888136527,0.0,0.0,0.0,0.0,0.0,0.0,0.0,0.0,0.0,0.0,0.0,0.0,0.0,0.0,0.0,0.0,0.0,0.0,0.018584828178125203,0.0,0.00797972997398336,0.0,0.0,0.0,0.0,0.0,0.0,0.0,0.0,0.0,0.0,0.0,0.0,0.044894730897228265,0.0,0.0,0.0,0.0,0.0,0.0,0.0,0.0,0.0,0.0,0.0,0.0,0.0,0.0,0.0,0.0,0.0,0.0,0.0,0.0,0.0,0.0,0.08558877718396043,0.0,0.0,0.0,0.0,0.03528386985776705,0.0,0.0,0.0,0.0023377564262515777,0.0,0.0,0.0,0.0,0.0,0.0,0.0405344808444462,0.0,0.0,0.0,0.0,0.0,0.0,0.0,0.0,0.0,0.0,0.0,0.0,0.0,0.0,0.0,0.011818205617477413,0.0,0.0,0.0,0.0,0.0,0.0,0.0,0.0075865660434502125,0.0,0.0,0.0,0.0,0.0,0.0,0.0,0.0,0.0,0.0,0.0,0.0,0.0,0.0,0.0,0.0,0.0,0.019239259590987438,0.0,0.0,0.0,0.0,0.0,0.0,0.0,0.0,0.0,0.0,0.0,0.0,0.0,0.0,0.0,0.0,0.0,0.0,0.0,0.0,0.0,0.0,0.0,0.0,0.0,0.0,0.07322735299256264,0.013069365996896076,0.0,0.0,0.0,0.0,0.0,0.0,0.005886390537586503,0.0,0.0,0.0,0.0,0.0,0.0,0.0511796272512068,0.0,0.0,0.0,0.0,0.0,0.0,0.0,0.0,0.0,0.0,0.0,0.0,0.0,0.0,0.0,0.0,0.0,0.0,0.017319630178358476,0.0,0.0,0.0,0.0,0.0,0.0,0.0,0.0,0.0,0.0,0.0,0.0,0.0,0.0,0.0,0.0,0.0,0.0,0.0,0.0,0.0,0.0,0.0,0.0,0.0,0.0,0.0,0.0,0.0,0.0,0.0,0.0,0.0,0.0,0.0,0.0,0.0,0.0,0.0,0.005325271915065646,0.0,0.0,0.0,0.0,0.06780105834350118,0.0,0.0,0.0,0.0,0.0,0.0,0.002369006047137041,0.0,0.0,0.0,0.011924155762938348,0.0,0.033039173217636345,0.0,0.0,0.0,0.0,0.0,0.0,0.0,0.0,0.04327894721175216,0.0,0.0,0.0,0.0,0.0,0.0,0.05723382078109595,0.0,0.0,0.004772210859884292,0.03505366481433915,0.0,0.012663806402267023,0.0,0.0,0.0,0.0,0.0,0.0,0.0,0.0,0.0,0.0,0.0,0.0,0.0,0.0,0.0,0.0,0.0,0.0,0.0,0.0,0.0,0.0,0.03657936665564747,0.0,0.0,0.0,0.0,0.0,0.0,0.0,0.0,0.0,0.0,0.0,0.010262195721803419,0.0,0.0,0.0,0.0,0.0,0.005911010625116878,0.0,0.0,0.0,0.0,0.0,0.0,0.0,0.0,0.0,0.0,0.0,0.0,0.029939059023266094,0.0,0.0,0.0,0.013290406322401667,0.0,0.0,0.0,0.0,0.0030390810400640587,0.0,0.0,0.0,0.0,0.0,0.0,0.0,0.0,0.0,0.0,0.0,0.0,0.0,0.0,0.0,0.0,0.0,0.0,0.0,0.0,0.0,0.02209889635918846,0.0,0.0,0.0,0.0,0.04372441565098421,0.0,0.0,0.0,0.011928926846592436,0.0,0.0,0.0,0.0,0.011418277937935617,0.0,0.0,0.0,0.0,0.018140246282137357,0.03949703600980788,0.0,0.0,0.01844965810214124,0.0,0.0,0.0,0.0,0.0,0.0,0.0,0.0,0.0,0.0,0.0,0.0,0.0,0.0,0.0,0.0,0.0,0.0,0.0,0.0,0.0,0.0,0.0,0.0,0.0,0.0,0.02808170567388835,0.0,0.0,0.0,0.0,0.0,0.010366239079358623,0.0,0.0,0.0,0.02327536804146472,0.027553640612914578,0.02866007537889937,0.05504091595615228,0.0,0.0,0.0,0.02283489386440648,0.0,0.0,0.0,0.041043780397260345,0.0,0.0,0.0,0.0,0.0,0.0,0.0,0.0,0.0,0.0,0.0,0.0,0.08487537933216231,0.0,0.031662128839904075,0.02371545756983001,0.0,0.03324173497879337,0.07323804910594968,0.0,0.0,0.0,0.0,0.0,0.0,0.0,0.0,0.0,0.0,0.0,0.0,0.0,0.009832381661596789,0.0,0.0,0.023171451186019768,0.0,0.0,0.0,0.0,0.0,0.0,0.0,0.0,0.0,0.0,0.0,0.0,0.0,0.0,0.0,0.0,0.0,0.0,0.0,0.0,0.0,0.0,0.0,0.0,0.0,0.0,0.05006907448156799,0.0,0.014163138210186504,0.0,0.0,0.0,0.0,0.0,0.1177310175288013,0.0,0.0,0.05638591518956592,0.0,0.0,0.0,0.0,0.0,0.02121739468689868,0.0,0.0,0.0,0.0,0.019784576248687593,0.0,0.0,0.0,0.0,0.0,0.008414372198064558,0.0,0.0,0.004588742175359375,0.0,0.0,0.0,0.0,0.016213250949885506,0.0,0.0,0.0,0.0,0.05514236447773868,0.0,0.0,0.0,0.0,0.0,0.0,0.0,0.0,0.0,0.0,0.0,0.0,0.0,0.0,0.0,0.0,0.0,0.0,0.0,0.0,0.06291095574464278,0.0,0.0253474335254182,0.0,0.0,0.0,0.0,0.0,0.0,0.0,0.0,0.0,0.0,0.0,0.0,0.0,0.0,0.0,0.0,0.0,0.0,0.0,0.0,0.0,0.0,0.0,0.0,0.0,0.06180653678464247,0.0,0.0,0.06002729591716342,0.0,0.006281274074041107,0.0,0.0,0.0,0.0016671756820016675,0.0,0.0,0.0,0.0,0.0,0.0,0.0,0.0,0.0,0.0,0.0,0.0,0.0,0.0,0.02076321508609084,0.00789585393252495,0.010308095418375596,0.0,0.0,0.0,0.0,0.00551501119606372,0.0,0.0,0.006816081800338484,0.0003152418445951035,0.0,0.0,0.0,0.0,0.0,0.0,0.0,0.0,0.0,0.04973425733532498,0.01486196877832941,0.0,0.0,0.0,0.0,0.0,0.06499818708321217,0.0,0.0,0.0,0.0,0.0,0.0,0.0,0.0,0.0,0.0,0.0,0.0,0.0,0.0,0.0,0.0,0.0,0.0,0.0,0.0,0.0,0.0,0.0,0.0,0.0,0.0,0.0,0.0,0.0,0.0,0.0,0.0,0.0,0.0,0.0718581517456659,0.0,0.0,0.0,0.0,0.0,0.0,0.0,0.0,0.0,0.0,0.07065885414603269,0.0,0.0,0.0,0.11360045005544707,0.0,0.0,0.0,0.0,0.0,0.0,0.0,0.0,0.0,0.0,0.04955229587716244,0.0,0.0,0.0,0.0,0.0,0.0,0.0066171330628669155,0.0,0.0,0.0,0.0,0.0,0.0,0.0,0.0,0.0,0.02371914978589342,0.0,0.0,0.0,0.0,0.0,0.0,0.15122795354523014,0.0,0.0,0.0,0.0,0.0,0.029495507656664192,0.0,0.0,0.0,0.0,0.0,0.0,0.0,0.0,0.0,0.0,0.0,0.0,0.0,0.0,0.0,0.0,0.0,0.01106270004699732,0.0,0.0,0.07204994951425477,0.0,0.0,0.0,0.0,0.015075850935645205,0.01680432537496097,0.0,0.0,0.0,0.0,0.0,0.0,0.0,0.0,0.0,0.0,0.0,0.0,0.0,0.0,0.0,0.02555338718868585,0.05147929532330406,0.0,0.0,0.0,0.0,0.0,0.0,0.0,0.0,0.0,0.0,0.0,0.0,0.0,0.0,0.040691771305692535,0.0,0.0,0.024258898293797664,0.0,0.02307128414109493,0.0,0.0,0.0,0.0,0.0,0.0,0.0,0.0,0.0,0.06299947431070015,0.0,0.0,0.0,0.0,4.363757143806089e-05,0.0,0.0,0.0,0.0,0.0,0.033009359858514824,0.0,0.0,0.0,0.0,0.0,0.0,0.0,0.0,0.0,0.000983745717309343,0.002234701944948455,0.0,0.0,0.0,0.0,0.0,0.0,0.0,0.0,0.0,0.0,0.0,0.0,0.0,0.0,0.0,0.0,0.0,0.0,0.0,0.0,0.0,0.0,0.0,0.0,0.0,0.0,0.0,0.0,0.04515748915036068,0.0,0.0,0.0,0.0,0.0,0.0,0.0,0.0,0.0,0.0,0.0,0.0,0.0,0.0,0.036096535869576514,0.0,0.0,0.0,0.0,0.0,0.0,0.0,0.023252716964422764,0.0,0.0,0.0,0.0,0.0,0.0,0.0,0.0,0.0,0.0,0.0,0.0,0.0,0.0,0.0,0.0,0.0,0.0,0.0,0.0,0.0,0.0,0.0,0.0,0.0,0.0,0.0,0.0,0.0,0.0,0.0,0.0,0.0,0.0,0.0,0.0,0.0,0.0,0.011045426852349676,0.0,0.0,0.0,0.0,0.020897457479932963,0.0,0.0,0.034441252671528956,0.0,0.0,0.010339692148709919,0.0,0.013635386833307258,0.07405108536783793,0.0,0.0,0.0,0.0,0.0,0.0,0.0,0.0,0.0,0.0,0.0,0.061017439247292395,0.0,0.0,0.0,0.0,0.0,0.0,0.0,0.0,0.0,0.0,0.0,0.0,0.0,0.0,0.0,0.0,0.0,0.0,0.0,0.0,0.07142069716369462,0.0,0.0,0.0,0.0,0.0,0.01349526466251958,0.0,0.0,0.0,0.0,0.0,0.0,0.0,0.0,0.0007591643611891737,0.0,0.0,0.0,0.0,0.0,0.0,0.0,0.0,0.0,0.0,0.0,0.0,0.0,0.018926694474479255,0.0,0.0,0.024922627097527104,0.0,0.0,0.0,0.0,0.0,0.0,0.0,0.0,0.0,0.0,0.0,0.06759644169440691,0.06654904124653911,0.0,0.0,0.0,0.0,0.0,0.0,0.0,0.0,0.0,0.0,0.0,0.0,0.0,0.0,0.0,0.0,0.0,0.05537623499694653,0.0,0.0,0.034418984186235076,0.0,0.0,0.0,0.0,0.02984487974489312,0.0,0.0,0.0,0.023858919190633814,0.0,0.0,0.0,0.0,0.0,0.0,0.0,0.0,0.0,0.0,0.0042949021994675065,0.0,0.0,0.0,0.01096397492043485,0.12536495706983172,0.0,0.0,0.0,0.06301028149911082,0.0,0.0,0.0,0.0,0.0,0.0,0.0,0.0,0.0,0.0,0.0,0.0,0.0,0.0,0.0,0.0,0.0,0.0015270727950722608,0.0,0.0,0.0,0.0,0.0,0.06919166004495154,0.0,0.0,0.0,0.07634917824016371,0.0,0.0,0.0,0.0,0.0,0.0,0.0,0.0,0.0,0.0,0.0,0.0,0.0,0.0,0.0,0.0,0.0,0.0,0.0,0.04665473110227992,0.0,0.0,0.0,0.0,0.0,0.0,0.0,0.0,0.0,0.0019670435348706035,0.0,0.0,0.0,0.0,0.009006697245628354,0.031057051762543544,0.0,0.0,0.0,0.0,0.014401337569898783,0.0,0.0,0.0,0.0,0.0,0.0,0.0,0.0,0.01617930827391312,0.0,0.0,0.0,0.0,0.0,0.0,0.0,0.011917751465047852,0.0,0.0,0.03130107947557932,0.005982809314699891,0.0,0.0,0.0,0.0,0.0,0.0,0.0,0.0,0.0,0.0,0.0,0.0,0.0,0.0,0.0,0.0,0.0,0.0,0.0,0.0,0.003383776664103475,0.0,0.0,0.0,0.0,0.0,0.0,0.031512922172044495,0.0,0.0,0.0,0.0,0.0,0.0,0.0,0.0,0.0,0.0,0.0,0.0,0.0,0.0,0.0,0.0,0.0,0.0,0.0,0.0,0.0,0.0,0.014070714534270425,0.0,0.06400244063522428,0.0,0.0,0.0,0.0,0.0,0.0,0.0,0.0,0.005041228396293007,0.0,0.0,0.0,0.0,0.0,0.0,0.015325457083201308,0.0,0.0,0.0,0.013156465270984775,0.0,0.0,0.0,0.0,0.0,0.0,0.0,0.0,0.0,0.0,0.0,0.0,0.0,0.0,0.0,0.0,0.0,0.0,0.0,0.0,0.0,0.0,0.0,0.0,0.004007457008096054,0.0,0.03908202269650058,0.0,0.0,0.0,0.0,0.0,0.0,0.0,0.0,0.0,0.0,0.0,0.0,0.0,0.013089858310284246,0.0,0.0,0.0,0.0,0.0,0.0,0.0,0.0,0.019983345003481975,0.0,0.0,0.0,0.02548622176744982,0.0,0.0,0.0,0.0011604177417074985,0.0,0.0,0.0,0.0,0.0,0.0,0.05427253596765496,0.0,0.00021733236095792315,0.0,0.030078692669644268,0.0,0.0,0.06961045402295218,0.0,0.0,0.022245869184906054,0.0,0.0,0.0,0.0,0.0,0.09443253765464102,0.0,0.0,0.05566257818009738,0.0,0.020216415371130673,0.0,0.0,0.0,0.0,0.0,0.0,0.0,0.003358508896053342,0.0,0.0021838671233678384,0.0,0.0,0.0,0.0,0.0,0.011430712169748064,0.02119439392922676,0.0,0.0,0.0,0.0,0.0,0.0,0.0,0.0,0.040420205214574866,0.0,0.0,0.0,0.0,0.0,0.0048130427585031344,0.0,0.0,0.0,0.0,0.0,0.08799494194039306,0.0,0.0,0.0,0.0,0.0,0.0,0.025023756792656778,0.0,0.0,0.0,0.0,0.05576605484933756,0.0,0.0,0.0,0.0,0.04478289069009737,0.0,0.025067503896409812,0.0,0.0,0.0056641556413406175,0.0,0.003584742236031968,0.0,0.0,0.0,0.0,0.03237919216748213,0.0,0.08693912036017784,0.0,0.0,0.0,0.0,0.0,0.0,0.0,0.0,0.0,0.0,0.0,0.0,0.0,0.0,0.0,0.0,0.06597276345447321,0.0,0.0,0.0,0.0,0.0,0.0,0.0,0.0,0.0,0.0,0.0,0.0,0.0,0.0,0.0,0.0,0.0,0.0,0.03430354638250534,0.0,0.0,0.02086722656100037,0.05152449463014387,0.0,0.0,0.0,0.0589313022034003,0.0,0.0,0.0,0.0,0.0,0.0,0.03438325299668768,0.026002936606564026,0.0,0.0,0.0,0.0,0.0,0.03413623859968306,0.06199733487801862,0.0,0.0,0.0,0.0,0.0,0.0,0.0,0.0,0.0,0.05422073386774353,0.0,0.0,0.0,0.0,0.0,0.0,0.0,0.0,0.0,0.0,0.0,0.0,0.0,0.0,0.0,0.0,0.0,0.0,0.0,0.0,0.0,0.0,0.0,0.0,0.04679587454620157,0.0,0.0,0.0,0.0,0.0,0.0,0.021808844504415132,0.0,0.0,0.0,0.0,0.0,0.0,0.0,0.0,0.0,0.0,0.0,0.015219100691126154,0.0,0.0,0.0,0.0,0.0861610192501676,0.0,0.0,0.0,0.0,0.005495799330864673,0.0,0.005322888430183483,0.0,0.0,0.0,0.0,0.0,0.0,0.0,0.0,0.0,0.0,0.0,0.0,0.0,0.0,0.0,0.0,0.0,0.0,0.0,0.0,0.0,0.0784397336016626,0.0,0.0,0.0,0.0,0.0,0.0,0.0,0.0,0.0,0.0,0.0,0.00821069145889166,0.0,0.0,0.0,0.03503800734989641,0.0,0.0,0.0,0.0,0.0,0.0,0.0,0.0,0.0,0.0,0.0,0.025242358610004612,0.0,0.0,0.0,0.0,0.0,0.0027370400249271576,0.0,0.0,0.00040539931362706667,0.0,0.0,0.0,0.0,0.0,0.0,0.0,0.0,0.0,0.0,0.017650919664128645,0.0,0.0,0.0,0.0,0.0,0.0,0.000990737272963686,0.0,0.0,0.030690979338816645,0.0,0.0,0.0,0.0,0.0,0.0,0.0,0.0,0.0,0.0,0.0,0.0,0.0,0.0,0.0,0.0,0.0,0.0,0.07696840092747861,0.02718317455491946,0.0,0.0,0.0,0.010070912189435089,0.0,0.0,0.0,0.0,0.0,0.0,0.0,0.04004217988413794,0.0,0.0,0.0,0.010342436113182673,0.0,0.0,0.0,0.0,0.0,0.0,0.0,0.005267954117452792,0.050078988955899836,0.0,0.04247701022444786,0.0,0.0,0.0,0.12218257536490089,0.0,0.0,0.0,0.04935024218139131,0.0,0.0,0.0,0.0,0.0,0.0,0.0,0.0,0.0,0.0,0.0,0.0,0.01008191067371981,0.0,0.0,0.06127694752751105,0.0,0.0,0.007670528990829892,0.0,0.0,0.0,0.0,0.0,0.0,0.0,0.0,0.0,0.0,0.0,0.0,0.0,0.0,0.0,0.0,0.0,0.0,0.0,0.0,0.006063848829165851,0.04139583474161557,0.0,0.0,0.0,0.0006048690688093252,0.0,0.0,0.0,0.0,0.0,0.0,0.0,0.0,0.0,0.0,0.0,0.0,0.03362644332315232,0.0,0.0,0.0,0.0,0.0,0.0,0.0077323921223960215,0.0,0.0,0.0,0.04860053513853392,0.0,0.0,0.0,0.0,0.0,0.0,0.0,0.0,0.0,0.0,0.0,0.0,0.0,0.0,0.0,0.0,0.0,0.0,0.06867436309043569,0.0,0.05235162507836444,0.0,0.026907642674069053,0.0,0.0,0.0,0.0,0.0,0.0,0.0,0.0,0.0,0.055963538013580616,0.0,0.008533670887338042,0.0,0.0,0.0,0.0,0.019762256339771654,0.0,0.0,0.0,0.0,0.0,0.0,0.0,0.011130281999571976,0.0,0.06719560073133746,0.0,0.0,0.0,0.018121116694733593,0.030754798110729453,0.0,0.0,0.0,0.0,0.042640730695395715,0.0,0.01901671049641081,0.0,0.0,0.0,0.06740592334553473,0.0,0.0,0.0,0.0,0.04240354438103788,0.0,0.0,0.0,0.0,0.0,0.0,0.0,0.0,0.0033560169073286474,0.0,0.0,0.0,0.0,0.0,0.0,0.0,0.0,0.0,0.0,0.008293133295531009,0.0,0.0,0.0,0.0,0.0,0.010178985102014376,0.07983003910304995,0.0,0.0,0.0,0.0,0.0,0.0,0.0,0.0,0.0,0.0,0.0,0.055140480316226655,0.0,0.0,0.0,0.0,0.010645533112398435,0.0,0.0,0.0,0.0,0.0,0.0,0.0,0.0,0.0,0.0,0.0,0.0,0.0,0.02486379847389833,0.02802986860591392,0.0,0.0,0.0,0.0070169789788496455,0.0007009496070486586,0.054425885322507146,0.0,0.0,0.0,0.0,0.0,0.007379430665347786,0.0,0.0,0.0,0.0,0.02827673284594215,0.0,0.0,0.0,0.0,0.0,0.0,0.022232221355613153,0.0,0.0,0.045852633673274815,0.0,0.0,0.0,0.0,0.0,0.0,0.0,0.0,0.0,0.0,0.0,0.0,0.0,0.0,0.0,0.0,0.0037440634161131784,0.0194917125502604,0.0,0.0,0.0,0.0,0.0,0.0,0.0,0.0,0.0,0.010831192957459036,0.0,0.0,0.0,0.0,0.0,0.0,0.0,0.0,0.0,0.0011510930963206055,0.0,0.0,0.0,0.0,0.0,0.0,0.0,0.0,0.008297075944633822,0.0,0.09232527990069926,0.0,0.0,0.0,0.0,0.016744171050355666,0.0,0.012503783289744786,0.0,0.0,0.0,0.001090756989211344,0.0,0.0,0.0,0.0,0.0,0.0,0.0,0.06954706720946462,0.0,0.0,0.0,0.0,0.0,0.0,0.02100746494917389,0.0,0.0,0.0,0.0,0.0,0.0,0.0,0.0,0.0023129435001385044,0.0,0.005804863012947259,0.0,0.0,0.0,0.0,0.13182217603825516,0.0,0.0,0.0,0.0,0.0,0.0,0.0,0.0,0.0005799410823419076,0.0,0.0,0.0,0.0,0.0,0.0,0.0,0.0006299718955917233,0.0,0.03824287557627864,0.08778011461690392,0.009992212449772546,0.0,0.0,0.013285669178338134,0.0,0.0,0.03045123418502545,0.0,0.0,0.0,0.0,0.0,0.011302337211182203,0.045323159605056784,0.0,0.0,0.0,0.0,0.0,0.0,0.0,0.0,0.0,0.0,0.0,0.003499708134604921,0.0,0.0,0.05301675054766884,0.027019456140916488,0.0,0.0,0.0,0.0,0.00809456303591775,0.0,0.0,0.0,0.0,0.0,0.0,0.0,0.0,0.0,0.0,0.0,0.0,0.0,0.0,0.0,0.0,0.0,0.0,0.0,0.0,0.0,0.0,0.0,0.0,0.0,0.0,0.0,0.0,0.0,0.02858296462915827,0.0,0.0,0.0,0.059642137101875284,0.0,0.0,0.0,0.0,0.0,0.0,0.0,0.0,0.0,0.0,0.04259720574168995,0.0,0.0,0.0,0.0,0.0,0.0,0.0,0.0,0.0,0.0,0.0,0.0032771130158865537,0.013702320848244047,0.0,0.0,0.0,0.0,0.0,0.0,0.0,0.08855839673806379,0.0,0.0988829353738271,0.06892541321329905,0.0,0.0,0.0,0.0,0.0,0.0,0.0,0.0,0.0,0.0,0.0,0.0,0.04998036667658147,0.0,0.0,0.0,0.0,8.081736441869041e-05,0.0,0.0,0.0,0.0,0.0,0.0,0.0,0.0,0.02750215322557011,0.0,0.0,0.0,0.0,0.0,0.0,0.0,0.0,0.0,0.0,0.0,0.0,0.0,0.0,0.0,0.0,0.034275763227982474,0.0,0.06869010283267371,0.0,0.0,0.0,0.0,0.0,0.0,0.0,0.0,0.0,0.0,0.0,0.0,0.0,0.0,0.0,0.0,0.0,0.0,0.0,0.0,0.0,0.0,0.0,0.0,0.0,0.0,0.0,0.08509748001275465,0.0,0.0,0.0,0.0,0.0,0.0,0.0,0.0,0.0,0.0,0.0,0.0,0.0,0.007938683124624335,0.0,0.0,0.0,0.0,0.0,0.0,0.0,0.02069680250668167,0.0,0.0,0.0,0.0,0.0,0.0,0.0,0.0,0.019628700965520163,0.0,0.0,0.0,0.0,0.0,0.0,0.0,0.0,0.0,0.0,0.0,0.0,0.0,0.04428141986950459,0.0,0.0,0.0,0.0,0.0,0.04654826363518113,0.0,0.0422677901327074,0.0,0.04253924103491167,0.0,0.0,0.046098492067255685,0.0,0.0,0.0,0.0,0.02640014500497165,0.0008921339561059539,0.0,0.0,0.048036475599067846,0.0,0.0,0.0,0.0,0.0,0.0,0.0,0.0,0.0,0.0,0.0,0.0,0.0,0.0,0.0,0.0,0.0,0.0,0.0,0.0,0.0,0.0,0.0,0.07277743332460566,0.0,0.0,0.0,0.0,0.0,0.0,0.0,0.0,0.0,0.0,0.0,0.0,0.009177063705490356,0.0,0.0,0.0,0.0,0.0,0.0,0.060215271882161296,0.0,0.028423041278462815,0.0,0.0,0.0,0.0,0.0,0.0,0.0,0.0,0.0,0.0,0.0,0.0,0.0,0.010843943958783329,0.0,0.0,0.0,0.0,0.029830293948733974,0.0,0.0,0.0,0.0,0.0,0.0,0.0840410742601929,0.0,0.0,0.0,0.0,0.05120440109536711,0.0,0.0,0.0,0.0,0.0010500940171909458,0.0,0.0,0.0,0.0,0.0,0.0,0.0,0.0,0.009495768802471681,0.0,0.0,0.0,0.0,0.0,0.0,0.0,0.010767847282869114,0.0,0.0,0.0,0.0,0.0,0.0,0.0,0.0,0.0,0.0686198869621775,0.0,0.0,0.0,0.0,0.0,0.0634816509882986,0.0,0.012973121545861449,0.0,0.0,0.0,0.0,0.03984822643731261,0.0,0.0,0.0,0.0,0.0,0.0,0.0,0.0,0.01360075302385448,0.0,0.0,0.0,0.0,0.0,0.0,0.0,0.0,0.0,0.0,0.0,0.0,0.0,0.0,0.0,0.0,0.0,0.0,0.0,0.0,0.0,0.0396447657912421,0.0,0.0,0.0,0.02824254847894611,0.0,0.0,0.0,0.009583404939174617,0.0,0.04379780333048866,0.0,0.0,0.0,0.013309415578529825,0.0,0.0,0.0,0.0,0.0,0.0,0.0,0.0,0.006445510838154376,0.0,0.0,0.03753650424819786,0.0,0.03579009222103753,0.0,0.0,0.0,0.0,0.0,0.043209027541318966,0.0,0.0,0.0,0.0,0.0,0.0,0.0,0.0,0.0,0.0,0.09287111079461995,0.0,0.0,0.0,0.0,0.0,0.0,0.0,0.0,0.0140090894940744,0.0,0.0,0.004729893332824335,0.0,0.0,0.0,0.0,0.0,0.0,0.0,0.0,0.0,0.0,0.0,0.0,0.0,0.0,0.0,0.0,0.004723205176540106,0.0,0.0,0.0,0.0,0.0,0.0,0.0020855950389156563,0.0,0.0,0.0,0.0,0.0,0.004929216434264451,0.0,0.0,0.0,0.0,0.0,0.029734855820093137,0.0,0.07132685933817208,0.0,0.0,0.06710074266115339,0.0,0.07632106391751482,0.0,0.0,0.0,0.011879654788886015,0.0,0.0,0.09958540673441137,0.0,0.0,0.0,0.0,0.0,0.0,0.0,0.0,0.023246435054752754,0.0,0.0,0.016863736113991386,0.0,0.0,0.0,0.02472652002941019,0.03525598591294496,0.0,0.0,0.0,0.00502812462892143,0.0,0.004264421618849847,0.0,0.0,0.0,0.0,0.0007530418647475288,0.02402348917981799,0.0,0.0,0.0,0.0,0.0,0.004869895172336407,0.046247711076784555,0.0,0.0,0.0,0.0,0.0,0.0,0.004684167962330917,0.014940160452606066,0.0,0.004522352222343909,0.0,0.03724155892154996,0.008094492585555538,0.0,0.0,0.0,0.0,0.0,0.02653289405682935,0.0,0.0,0.0,0.0,0.0,0.0,0.0,0.0,0.0,0.0,0.0,0.0,0.0,0.0,0.0,0.0,0.0,0.0,0.0,0.0,0.0,0.012721967547281547,0.0,0.0,0.024078983495792836,0.0,0.0,0.0,0.0,0.0,0.0,0.0,0.0,0.005116737300207154,0.0,0.0,0.0,0.0,0.0,0.0,0.0,0.0,0.0,0.0,0.0,0.0,0.0,0.0,0.0,0.0,0.0,0.0,0.0,0.0,0.0,0.0,0.0,0.0,0.0,0.0,0.0,0.0,0.0,0.0,0.0,0.0,0.0,0.0,0.0,0.0,0.0,0.0,0.0,0.0,0.0,0.0,0.0,0.0,0.0,0.012119587124661484,0.0,0.059896544158786265,0.0,0.0,0.0,0.0,0.006119020204794207,0.0,0.0,0.0,0.0,0.022101091119377685,0.0,0.0,0.07757843318506018,0.0,0.0,0.0,0.0,0.001513667428157342,0.0,0.0,0.0,0.0,0.0,0.0,0.0,0.0,0.0,0.0,0.0,0.0,0.0,0.022269240192656758,0.0,0.0,0.0,0.0,0.0,0.024268820995909032,0.0,0.0,0.0,0.0,0.0,0.0,0.0,0.0,0.0,0.0,0.0,0.0,0.0,0.0,0.02803983244692293,0.0,0.0,0.0,0.0,0.0007120212414357513,0.0,0.0,0.0,0.0,0.0,0.0,0.08688817394933737,0.0,0.0,0.039867931969283364,0.0,0.08014134536929027,0.0,0.0,0.0,0.0,0.07139278853553395,0.0005426793972431585,0.0,0.019332138880194912,0.0,0.0,0.01984495580875749,0.0,0.0,0.0,0.0,0.0,0.0,0.0,0.0,0.0,0.0,0.0,0.0,0.0,0.0,0.0,0.0,0.0,0.0,0.0,0.015480185619596954,0.0324687926865475,0.0,0.0,0.006228203353373622,0.02448496682106761,0.0,0.06270371443387893,0.0,0.020558123282728803,0.0,0.0,0.0014334041532662741,0.0,0.0,0.0,0.0,0.012239367139037385,0.02160744286017163,0.027475172279551274,0.0,0.008042148480667663,0.0,0.0,0.0,0.0,0.0,0.0,0.0,0.0,0.009481225173682618,0.0,0.0,0.0,0.0,0.05960881870867463,0.0,0.0,0.0,0.0,0.0035449526942321423,0.0,0.0,0.0,0.0,0.0,0.0,0.009814101592429344,0.0,0.0,0.0,0.0,0.0,0.0005773155207589302,0.0,0.0,0.0,0.0,0.0,0.0,0.0,0.0,0.0,0.0,0.02397056193105603,0.0,0.0,0.0,0.0,0.0,0.0,0.0,0.0,0.0,0.0,0.0,0.0,0.0,0.0,0.0,0.0,0.0,0.0,0.0,0.0,0.0,0.0,0.0,0.008129505387102848,0.0,0.0,0.0,0.06042322489585437,0.0,0.0,0.0,0.0,0.0,0.0,0.0,0.0,0.0,0.011767734360904713,0.0,0.0,0.022878659480663453,0.0,0.0,0.0,0.0,0.0,0.0,0.0,0.0,0.0,0.05141051931422533,0.0,0.0,0.0,0.0,0.0,0.0,0.0,0.0,0.0,0.0,0.0,0.061950991909824345,0.0,0.0,0.0,0.0,0.0,0.0,0.0,0.0,0.00890267240057709,0.0,0.0,0.030324682708097593,0.0,0.0,0.0,0.0,0.0,0.0,0.0,0.0,0.0,0.0,0.0,0.0,0.0,0.0,0.0,0.0,0.0,0.0,0.0,0.0,0.0,0.0,0.0,0.0,0.0,0.0,0.026465775945325613,0.0,0.0,0.10642563706766599,0.0,0.0,0.0,0.0,0.0,0.0,0.0,0.0,0.0,0.0,0.0,0.0,0.0,0.0,0.0,0.0,0.0,0.0,0.0,0.0,0.0,0.0,0.0,0.0,0.029254425488699616,0.0,0.0,0.0,0.0,0.0,0.0,0.0,0.0,0.0,0.034163715269418485,0.0,0.0011394014216106073,0.10368851810747898,0.0,0.0,0.0,0.0,0.004235687127319003,0.0,0.0,0.0,0.0,0.0,0.0,0.0,0.0,0.0,0.0,0.0,0.0,0.06136852271366325,0.0,0.0,0.0,0.0,0.0,0.0,0.0,0.0,0.0,0.0,0.0,0.0,0.0,0.03962557449549187,0.0718356899075531,0.0,0.0,0.0,0.0,0.006097875839878404,0.008308110939690203,0.0,0.03722052871707512,0.0,0.0,0.0,0.0,0.07132229292053376,0.0,0.0,0.0,0.0,0.0,0.0,0.0,0.0,0.0,0.0,0.0,0.0,0.0,0.0,0.0,0.0,0.0,0.0,0.0,0.0,0.002573844074924244,0.0,0.0,0.0,0.04369029093538975,0.0,0.0,0.06675565724605881,0.0,0.0,0.0,0.0,0.0,0.0,0.0,0.0,0.058434414256004895,0.0,0.0,0.0,0.0,0.0,0.0,0.0,0.0,0.0,0.0,0.0,0.0,0.0,0.0,0.0,0.0,0.0,0.0,0.0,0.0,0.0,0.0,0.0,0.0,0.0,0.0,0.0,0.0,0.0,0.01825333094092194,0.0,0.06266362457812631,0.0,0.0,0.0,0.0,0.0,0.0,0.0,0.0,0.0,0.0,0.0,0.0,0.02192358706077471,0.0,0.0,0.0,0.0,0.0,0.0,0.0,0.0,0.0,0.0,0.0,0.0,0.0,0.0,0.0,0.0,0.0,0.0,0.0,0.044733774960201984,0.0,0.0,0.0,0.0,0.031333684108905885,0.0,0.0,0.0,0.0,0.05644555424947825,0.0,0.0,0.019173587511735837,0.0,0.0,0.0,0.0,0.0,0.0,0.0,0.0,0.0,0.0,0.0,0.0,0.0,0.0,0.0,0.0,0.0,0.0,0.0,0.04070780724799358,0.0,0.0,0.0,0.0,0.0,0.014497851480712969,0.0,0.0,0.0,0.007380756366324315,0.0,0.0,0.0,0.0,0.016818463785608254,0.0,0.0,0.012265344295953742,0.0,0.0,0.0,0.0,0.005919794808235992,0.06416969905136939,0.0,0.0,0.0,0.0,0.0,0.0,0.0,0.0644755996664595,0.0,0.0,0.024316601768575915,0.00558169580643355,0.0,0.0,0.0,0.0,0.0,0.0,0.0,0.0,0.0,0.03501565658680724,0.0,0.020493802616264756,0.040291024962087654,0.015811864896422282,0.0,0.0,0.0,0.0,0.0,0.0,0.0,0.0,0.00804584275367596,0.0,0.011144932589494913,0.0,0.0,0.0,0.008339507117898517,0.0,0.0,0.0,0.0,0.0,0.06415165964475315,0.0,0.0,0.0,0.0,0.0,0.0,0.0,0.0,0.0,0.0,0.0,0.0,0.0,0.0,0.0,0.0,0.0,0.0,0.0,0.01404870933792145,0.0,0.0,0.0,0.0,0.0,0.0,0.0,0.0,0.0,0.0,0.0,0.0,0.0,0.0,0.0,0.0,0.08251264902386064,0.0,0.030553894247147426,0.0,0.0,0.0,0.0,0.0,0.0,0.0,0.0,0.0,0.0,0.0,0.0,0.0,0.0,0.0,0.0,0.0,0.0,0.0,0.0,0.0,0.0,0.0,0.0,0.021295873304986397,0.0,0.040647003957277966,0.0,0.0,0.0864938822987726,0.0,0.05904372246898796,0.0,0.0,0.0,0.0,0.0,0.0,0.0,0.0,0.0,0.0,0.0,0.0,0.0,0.0,0.0,0.0,0.0,0.0,0.0,0.0,0.0,0.052705353775853704,0.0,0.0,0.00952223139838022,0.0,0.0,0.0,0.0,0.0,0.0,0.0,0.016763034263397193,0.0,0.0,0.0,0.022860977982456707,0.0,0.011068025477297141,0.0,0.0,0.0,0.0,0.0,0.0,0.058681683714174905,0.0,0.0,0.0,0.023747136577959613,0.07139431890252625,0.0,0.0,0.0,0.0,0.0,0.0,0.0,0.053995477833702024,0.0,0.0,0.0,0.0,0.09952454584923905,0.0,0.0,0.024786957183936788,0.0,0.0,0.0,0.034058508709532434,0.0,0.0,0.0,0.0,0.03468904665064391,0.0,0.0,0.0,0.0,0.0,0.0,0.0,0.0,0.0,0.0,0.0,0.0,0.0,0.0,0.0,0.0,0.0,0.0,0.0,0.0,0.0,0.0,0.0,0.0,0.0,0.0,0.0,0.0033699107986530706,0.0,0.0,0.0,0.0,0.0023889188163046726,0.0,0.0,0.0,0.0,0.0,0.0,0.0,0.0,0.0,0.028911592428250966,0.0,0.0,0.0,0.0,0.0,0.0,0.0,0.02576960912080506,0.0,0.0,0.0,0.08371313965152548,0.022387543320607294,0.0,0.0,0.0,0.0,0.0,0.0,0.0,0.0688513220586449,0.0,0.04683104830368591,0.0,0.023264780946156426,0.0,0.0,0.0,0.07771999213184802,0.0,0.0,0.0,0.0,0.0,0.0,0.0,0.0,0.0,0.0,0.035649096877147395,0.0,0.0,0.0,0.0,0.0,0.0,0.0,0.0,0.022820182594609523,0.0,0.0,0.0,0.0,0.0,0.0,0.0,0.0,0.0,0.025470700061369304,0.0,0.0,0.0,0.0,0.0,0.0,0.0,0.0,0.0,0.0,0.0,0.0,0.0,0.0,0.0,0.0,0.0,0.0,0.0,0.0,0.0,0.0,0.0,0.0,0.0,0.0,0.0,0.0,0.0,0.0,0.0,0.0,0.0,0.0,0.0,0.0,0.0,0.0,0.0,0.0,0.0,0.0,0.0,0.0,0.0,0.0,0.0,0.0,0.0,0.0,0.0,0.0,0.0,0.0,0.0,0.0,0.0,0.0,0.0014735922281370114,0.0,0.05934165036571494,0.0,0.0,0.0,0.0,0.0,0.0,0.0,0.01897314234686252,0.0,0.0,0.0075836492956073585,3.1448630302808794e-05,0.002909857077498101,0.0,0.0,0.0,0.0,0.0,0.0,0.0,0.0,0.0,0.0,0.0,0.0,0.05038735790484848,0.0,0.03810664823062527,0.0,0.0,0.0,0.06471932295165272,0.0,0.0,0.01925206612982355,0.0,0.021943930245658928,0.0,0.0,0.0,0.0,0.0,0.0,0.0,0.0,0.0,0.05522834477381151,0.0,0.0,0.0,0.0,0.0062926937177904445,0.0,0.0,0.0,0.004374673350295526,0.001243260168362641,0.0,0.0,0.0,0.0,0.0,0.026968036632753125,0.0,0.0,0.0,0.0,0.0,0.012035758392935362,0.07552266487540778,0.0,0.0,0.0,0.00458556265280783,0.0,0.0,0.0,0.0,0.0,0.0,0.0,0.0,0.0,0.0,0.0,0.0,0.0,0.0,0.03576236049013672,0.01687214284772463,0.0,0.0,0.0,0.0,0.07872230023400989,0.0,0.0,0.03567697670807971,0.0,0.01519770640740717,0.0,0.022638813536573033,0.02753892728617274,0.0,0.05711464139462563,0.0,0.0,0.0,0.0,0.0,0.0,0.0,0.0,0.0,0.0,0.0,0.0,0.03908944003974552,0.0,0.0,0.0,0.0,0.0,0.004403906136724065,0.0,0.0,0.0,0.0,0.0,0.0,0.0,0.0,0.0,0.0,0.0,0.0,0.0,0.0,0.0,0.0,0.0,0.0,0.0,0.0,0.06745471407813874,0.02763639561941223,0.0,0.0,0.0,0.0,0.0,0.0,0.0,0.0,0.0,0.0,0.0,0.0,0.0,0.0,0.0,0.0,0.0,0.0,0.0,0.02663674714698296,0.0,0.0,0.0,0.0,0.0,0.0,0.0,0.0,0.0,0.0,0.0,0.0,0.0,0.0,0.0,0.022882370209230805,0.0,0.0,0.0,0.009944300032633208,0.017506073719419167,0.0,0.0,0.02004046841980347,0.01723427416505738,0.00914978141704629,0.0,0.0,0.0,0.0,0.0,0.0,0.0,0.0,0.0,0.0,0.03296467273095066,0.0,0.0,0.0,0.0,0.0,0.0,0.0,0.0,0.0,0.0,0.05962509737047176,0.0,0.0,0.0,0.0,0.0,0.0,0.009948027216759619,0.0,0.0,0.0,0.0,0.0,0.0,0.0,0.0,0.0,0.0,0.0,0.0,0.0,0.0,0.0,0.0,0.0,0.046447481563736535,0.0,0.0,0.0,0.0,0.0,0.0,0.0,0.0,0.11745764955396688,0.04766926157093136,0.0,0.0,0.0,0.02227442163681483,0.0,0.0,0.0,0.0,0.0,0.06190222586055893,0.0,0.0,0.0,0.09748018946979267,0.0,0.0,0.0,0.0,0.0,0.0,0.0,0.0,0.0,0.11397698615778934,0.0,0.006615960604284104,0.0,0.0,0.0,0.0,0.0,0.0,0.056652289551801106,0.0,0.0,0.0,0.0,0.0,0.0,0.0,0.0,0.0,0.0,0.0,0.0,0.0,0.0,0.0,0.0,0.0,0.0,0.0,0.0,0.0,0.0,0.0,0.0,0.0,0.008831885727876082,0.0,0.0,0.0,0.0,0.0,0.03436942004235539,0.0,0.0,0.0,0.0,0.0,0.05459207001342378,0.0,0.0,0.0,0.0,0.0,0.0,0.0,0.05529440150175607,0.0,0.0,0.0,0.0,0.0,0.0,0.0,0.0,0.0,5.609288693554816e-06,0.0,0.0,0.0,0.02741829775356052,0.0,0.0,0.08988248506980576,0.0,0.0,0.0,0.0,0.0,0.0,0.023737458652289215,0.0,0.0,0.011176403846191424,0.0,0.0,0.0,0.0,0.017042834304878008,0.018116566732654334,0.0,0.0,0.0,0.0,0.007833460109179232,0.0,0.0,0.0,0.0,0.0,0.0,0.0,0.0,0.0,0.0,0.0,0.0,0.0,0.0,0.0,0.0,0.026965955004532416,0.041573168073793326,0.0,0.06868997118820126,0.0,0.0,0.0,0.0,0.0,0.0,0.0,0.0,0.0,0.0,0.0,0.0,0.0,0.0,0.0,0.0073522913345730285,0.0,0.0,0.0,0.0,0.0,0.0,0.0,0.0,0.0,0.0,0.0,0.0,0.0,0.0,0.0,0.0,0.0,0.0,0.0,0.0,0.0,0.0,0.0,0.0,0.0,0.06589712547726771,0.0,0.0,0.03251717203017508,0.0,0.0,0.08475656196799125,0.0,0.0,0.0,0.0,0.0,0.0674356297435224,0.0,0.0,0.0,0.02009239393640783,0.0,0.0377084319292254
n000362_2.jpg,0.0,0.0,0.0,0.0,0.0,0.0,0.0,0.0,0.0,0.0,0.0,0.0,0.0,0.0,0.0,0.016169848957763477,0.0,0.0,0.0,0.0,0.0,0.0,0.0,0.0,0.015087556250160698,0.0,0.0,0.0,0.03372374335847347,0.0,0.0,0.0,0.0,0.0,0.015671012981309768,0.0,0.06861035848851714,0.0,0.0,0.0,0.0,0.0,0.0,0.0,0.0,0.0,0.0,0.0024740017875076207,0.0,0.0,0.003394470451769851,0.0,0.07949270712992382,0.04268641033962596,0.0,0.0,0.0,0.0,0.0,0.0,0.08109854926123672,0.0,0.0,0.0,0.0,0.0,0.0,0.0,0.028523159192036032,0.0,0.01629881479465861,0.0,0.0,0.0,0.0,0.0,0.0,0.0,0.060597061164224364,0.0,0.0,0.0,0.0,0.0,0.0,0.0,0.0,0.0,0.0,0.0,0.0,0.0,0.0,0.0,0.06744069688771621,0.0,0.0,0.0,0.0,0.0,0.0,0.0,0.0,0.0,0.0,0.0,0.0,0.0,0.0,0.0,0.0,0.04154930401645853,0.0,0.0,0.0,0.0,0.0,0.003430685294244375,0.0,0.010406597952342334,0.0,0.0,0.0,0.0,0.0,0.0,0.0,0.0,0.0,0.0,0.0,0.0,0.0,0.0,0.0,0.05982841131282661,0.0,0.0,0.0,0.0,0.0,0.0,0.0,0.0,0.032472165583088713,0.0,0.0,0.0,0.0,0.0,0.0,0.0,0.0,0.007420542856537705,0.0,0.0,0.0,0.0,0.006557220161699128,0.0,0.0,0.0,0.0,0.0,0.0,0.001801780314713369,0.0,0.0,0.0,0.0,0.0,0.10050501636074118,0.0,0.0,0.01361277339842566,0.0,0.0,0.0,0.08229015901142502,0.0,0.012763366289641706,0.0,0.0,0.0,0.0,0.0,0.0,0.0,0.0,0.0,0.0,0.04397726194450745,0.0,0.0,0.0,0.0,0.0,0.0,0.0,0.0,0.0,0.0,0.0,0.0,0.005137454528009077,0.0,0.0,0.0,0.0,0.007265223532957857,0.0,0.0,0.0,0.0,0.0,0.0,0.0,0.02096490978142475,0.034091349781638046,0.00485478003804708,0.0,0.0,0.0,0.0,0.0,0.0046764691436166315,0.0,0.0,0.0,0.0,0.0,0.0,0.0,0.0,0.0,0.008727702459114695,0.05881333712263732,0.016753483882331315,0.0,0.0,0.0,0.0,0.07294948175135432,0.0,0.0,0.022428347652164816,0.0,0.0,0.0,0.005013266914639456,0.0,0.0,0.0,0.0,0.0,0.0,0.0,0.0,0.0,0.0,0.0,0.0,0.0,0.004726674149391412,0.00946948338286456,0.0,0.0,0.024440299184608938,0.0,0.0,0.0,0.0,0.0,0.0,0.0,0.0,0.0,0.0,0.0,0.0,0.0,0.0,0.0,0.0,0.0,0.0,0.0,0.0,0.0,0.0,0.0,0.0,0.0,0.0,0.0,0.0,0.0,0.0009818520071866515,0.011491965486382318,0.0,0.04394200076681115,0.0,0.0,0.0,0.0,0.0,0.0,0.0,0.0,0.0,0.0,0.0,0.003610967205879098,0.0,0.0,0.0,0.0,0.0012763163017149185,0.0,0.0,0.0,0.0,0.0,0.005719966504050857,0.0,0.0,0.0,0.0,0.015791953514604037,0.0,0.0,0.0,0.0,0.0,0.0,0.0037549587078302264,0.0,0.0,0.0,0.0,0.0,0.03411484491389058,0.0,0.0,0.0,0.0,0.02449333746574215,0.0,0.0,0.0,0.0,0.0,0.060613090652206096,0.0,0.0,0.0,0.0,0.0,0.0,0.0,0.02269326978777584,0.0,0.0,0.0,0.0,0.0,0.0,0.0,0.04255778901000711,0.0,0.0,0.0,0.0,0.0,0.0,0.0,0.0,0.0,0.0,0.0,0.0,0.0,0.0,0.0,0.0,0.0,0.0,0.0,0.0020782150651281325,0.0,0.0,0.0,0.0,0.0,0.0,0.0,0.0,0.0,0.0,0.0,0.0,0.0,0.0,0.0,0.0,0.0,0.015679549106044438,0.0,0.0,0.0,0.0,0.0,0.10757812824897273,0.002839888314193265,0.0,0.0,0.0,0.046731247831341464,0.0,0.0,0.0,0.0,0.01898271786986633,0.06393616296092888,0.0,0.0,0.0,0.0,0.0,0.0,0.0,0.0,0.0,0.0,0.0,0.0002609048639812161,0.0,0.0,0.0,0.0,0.0,0.0,0.0,0.01436508753315166,0.0,0.0,0.0,0.0,0.0,0.00396410564339087,0.0,0.0,0.05072171917096611,0.0,0.0,0.0,0.0,0.0,0.0,0.0,0.0,0.0,0.0,0.006093640743112341,0.0882908052291111,0.0,0.0,0.0,0.0,0.0,0.0,0.0,0.0,0.0,0.0,0.0,0.0,0.0,0.0,0.0,0.0,0.0,0.0,0.0,0.0,0.0,0.0,0.0,0.0,0.0,0.0,0.0,0.0,0.0,0.0,0.0,0.0,0.0,0.0,0.0,0.0,0.0,0.0,0.0,0.013282928140625146,0.0,0.0,0.0,0.0,0.0,0.0,0.0,0.0,0.0,0.0,0.0,0.0,0.0,0.0,0.0,0.0,0.0,0.0,0.0,0.0,0.0,0.0,0.0,0.0,0.0,0.0,0.0,0.0,0.01557435295126186,0.0,0.0,0.0,0.0,0.0,0.0,0.0,0.0,0.05643449986041119,0.013310030699644315,0.0,0.0,0.0,0.0,0.0,0.0,0.0,0.0,0.0,0.021611852207851907,0.0,0.0,0.0,0.02681213806530681,0.0,0.0,0.09597806931481377,0.0,0.0,0.0,0.0,0.0,0.0,0.0,0.0030877355604324503,0.0,0.0,0.0,0.0,0.0,0.0,0.0,0.001617748256583086,0.0,0.0,0.0,0.0,0.0,0.051524407925202534,0.0,0.0,0.0,0.007888558631276221,0.0,0.0041662763066067,0.0,0.0,0.0,0.0,0.0,0.0,0.0,0.0,0.0,0.0,0.0,0.0014937987294202093,0.0,0.0,0.0,0.0,0.0,0.0,0.0,0.0,0.0,0.0,0.0,0.014754044167787288,0.03493501774238639,0.0,0.029503418348051574,0.0,0.0,0.0,0.0,0.0,0.0,0.0,0.0,0.0,0.10828230640150854,0.0,0.0,0.0,0.0,0.0,0.0,0.0,0.0,0.0,0.0,0.019670945731495432,0.0,0.0,0.0,0.0,0.0,0.0,0.0035378699555852905,0.0,0.0,0.0,0.0,0.0,0.0,0.009372536923395373,0.0,0.0,0.0,0.0,0.0,0.0,0.0,0.0,0.0,0.0,0.0,0.02880120956278097,0.0,0.0,0.0,0.0,0.0,0.0222981423810458,0.0,0.0,0.0,0.05647031805753505,0.0,0.042101587458933,0.002477873204524288,0.0,0.0,0.0,0.0,0.0,0.0,0.0,0.0,0.0,0.0,0.0,0.0,0.00027910633174505086,0.0,0.0,0.0,0.010171222265490115,0.043541546036835535,0.0,0.0,0.0,0.03320089482887718,0.0,0.0,0.0,0.0,0.0,0.05137882258211686,0.0,0.0,0.0,0.017143644312507072,0.020207792344099484,0.0,0.0,0.0,0.0,0.008383592488153895,0.0,0.0,0.0,0.0,0.0,0.0,0.0,0.0,0.05081737867796641,0.0,0.0,0.0,0.0,0.0,0.0,0.0,0.0,0.0,0.0,0.0,0.0,0.0,0.0,0.020879066751871758,0.0,0.0,0.0,0.0,0.0,0.0,0.0,0.0,0.0,0.0,0.0,0.0,0.0,0.0,0.0,0.10031580926874081,0.0,0.026130942903938466,0.0,0.02201479768583654,0.0,0.0,0.0,0.0,0.0,0.0,0.0,0.0,0.0,0.00030009487657356064,0.0,0.0,0.0,0.0,0.047910518677243434,0.0,0.0,0.0,0.04450390929380165,0.0,0.0,0.0,0.0,0.0,0.0,0.0,0.0,0.0,0.0,0.0,0.0,0.0,0.0,0.0,0.0,0.0,0.0,0.0,0.0,0.0,0.0215412057770418,0.0,0.0,0.0,0.04568234065070853,0.0,0.04582806854852922,0.0,0.0,0.0,0.0,0.0341234034777965,0.010425208604993711,0.0,0.019597514203547526,0.0,0.0,0.0,0.0,0.0,0.0,0.0,0.0,0.0,0.0,0.010143973851857807,0.0,0.0,0.0,0.0,0.0,0.0,0.0,0.0,0.05657537561743636,0.0,0.0,0.0,0.0,0.02682123516932279,0.0,0.04889252016890916,0.0,0.0,0.0,0.0,0.0,0.0,0.0,0.0,0.0,0.0,0.0,0.0,0.0053345859473396765,0.0018922583530812357,0.0,0.0,0.0,0.0,0.0,0.0,0.0,0.0,0.0,0.0,0.0,0.0,0.0,0.0,0.0,0.0,0.0,0.0,0.0,0.0,0.0,0.0,0.0,0.0,0.0,0.0,0.05762593537703447,0.0,0.0,0.0,0.0,0.0,0.0,0.06979635580598983,0.0,0.02409394925637665,0.0,0.0,0.007489706982093902,0.029554669415192095,0.0,0.0,0.0,0.0008814245062830263,0.010438500514082643,0.004269459205744997,0.0,0.0,0.0,0.0,0.0,0.0,0.0,0.0,0.0,0.0,0.0,0.0,0.0,0.0,0.04623250161157276,0.0,0.0,0.07971272716390751,0.0,0.0,0.010752643631811467,0.0,0.0,0.0,0.0,0.0,0.0,0.0,0.03541894882932349,0.0,0.01264888559776563,0.0,0.0,0.0,0.0,0.0,0.0,0.0,0.0,0.0,0.0,0.0,0.0,0.025441791076434267,0.0,0.0,0.0,0.0,0.0,0.0,0.0,0.0,0.0,0.0,0.0,0.0,0.046926241589622456,0.04773448469871948,0.0,0.0,0.0,0.0,0.0,0.0,0.0,0.0,0.0,0.0,0.0,0.004456414130924813,0.0,0.0,0.0,0.0,0.0,0.0,0.0,0.0,0.05385737952138872,0.0,0.0,0.0,0.0,0.0,0.0,0.0,0.0,0.0,0.020558554869361,0.0,0.0,0.0,0.0,0.0,0.0,0.0,0.0,0.0,0.0,0.0,0.0,0.0,0.0,0.0,0.0,0.0,0.013245858629716155,0.0,0.0,0.0,0.0,0.0,0.0,0.0,0.0,0.0,0.0,0.0,0.019271966707017474,0.0,0.0,0.0,0.0027143980739336602,0.0,0.0,0.0,0.0,0.0,0.0,0.0,0.03042434833527573,0.0,0.0,0.0,0.0,0.0,0.0,0.0,0.0,0.0,0.05835206167895765,0.0,0.0,0.0,0.0,0.02984034910416285,0.0,0.04643428519908449,0.0,0.0,0.0,0.0,0.0,0.0,0.0,0.0,0.0,0.0,0.0,0.0,0.0,0.0,0.0,0.0,0.0,0.0,0.0,0.0,0.0,0.08761268819405808,0.0,0.0,0.0,0.0,0.0,0.0,0.0,0.0,0.0,0.0,0.05192857699799605,0.0,0.0,0.0036934479896101663,0.0,0.007827511545932773,0.0,0.0,0.0071851519902461115,0.0,0.010712236624166491,0.0,0.0,0.008167616124825016,0.0,0.0,0.0,0.0,0.0,0.0,0.0,0.0,0.0,0.0,0.0,0.0,0.0,0.0,0.011336039645203029,0.0,0.0,0.025096787498477123,0.0,0.0,0.0,0.0,0.020848198371935935,0.0,0.0,0.0,0.0,0.014529244590326836,0.0,0.0,0.0,0.0,0.0,0.0,0.0,0.0,0.0,0.0285860363897878,0.0,0.0,0.0,0.0,0.03289638471537189,0.0,0.0,0.0,0.0,0.0,0.018772738705042473,0.0,0.0,0.0,0.0,0.0,0.0,0.0,0.0,0.0,0.0,0.0,0.0,0.0,0.0,0.028809319343261842,0.0020335048514137873,0.04934914938418833,0.0,0.0,0.0,0.0,0.0,0.0227114745554178,0.0,0.0,0.0,0.0,0.0,0.1799587110115158,0.04585370728161198,0.0,0.0,0.0,0.0,0.0,0.0,0.0268315228693664,0.0,0.014585114166891601,0.0,0.0,0.0,0.0,0.0,0.0,0.0,0.0,0.0,0.0,0.0,0.00033885000647745987,0.0,0.0,0.0,0.0,0.0,0.0,0.0,0.0,0.0,0.0,0.0,0.0,0.0,0.0,0.0,0.0,0.03613358099576043,0.0,0.0,0.04272678236856281,0.0,0.0,0.0,0.0,0.05737829668309281,0.0,0.0,0.0,0.053657871529832236,0.0,0.0,0.025887031752327205,0.0,0.0,0.0,0.0,0.0,0.0,0.0,0.0,0.0,0.0,0.0,0.0,0.0,0.0,0.010597777051510417,0.0,0.0,0.0,0.0,0.0,0.0,0.0,0.0,0.0,0.0,0.0,0.004159574254134104,0.0,0.0009646780389740994,0.0,0.0,0.0,0.0,0.0,0.0,0.0,0.0,0.0,0.0356419625127425,0.0,0.0,0.0,0.0,0.0,0.01572037915806508,0.0,0.006865242005505417,0.0,0.0,0.0,0.0,0.0,0.0,0.0,0.0,0.0,0.06741468328847841,0.0,0.0,0.0,0.06545321461154723,0.01872181894566574,0.0,0.0,0.0,0.0,0.0,0.06726308424749708,0.0,0.0,0.0,0.0,0.0,0.0,0.0,0.0,0.0,0.0,0.0,0.0,0.0,0.0,0.0,0.0,0.0,0.0,0.0,0.0,0.0,0.0,0.0,0.0,0.0,0.0,0.0,0.0,0.0,0.0,0.0,0.0,0.0,0.0,0.0,0.0023852179065693116,0.0,0.0,0.025645557230723707,0.0,0.0,0.0,0.0,0.0,0.0,0.0,0.074896842789324,0.0,0.0,0.0,0.0,0.0,0.020734557169054948,0.0,0.0,0.0,0.02004104158271778,0.0,0.0,0.0,0.0,0.0,0.0,0.0,0.0,0.0,0.0,0.0,0.0,0.0,0.0,0.0,0.0006044286115930463,0.0,0.0,0.018267848112204364,0.0,0.0,0.04946897455867623,0.07726496204739897,0.0,0.0,0.0,0.028800871655260935,0.0,0.0038477285115561524,0.050947451953960415,0.012182843810121703,0.0,0.0,0.0,0.0,0.0,0.0,0.0,0.0,0.0,0.0,0.0,0.0,0.051040054453865384,0.055433881776313455,0.0,0.0,0.0,0.0,0.0,0.013647386480058138,0.006664499859530054,0.0,0.0,0.0,0.0,0.0,0.0,0.0,0.0,0.0,0.08245955627506325,0.0,0.0,0.01956429631038645,0.02052289506638716,0.0,0.0,0.0,0.0,0.0,0.0,0.0,0.0,0.0,0.00408249900076018,0.0,0.0,0.0,0.0,0.0,0.0,0.0,0.0,0.0,0.0,0.0,0.0,0.04513889032200002,0.0,0.0,0.0,0.0,0.0,0.0,0.0,0.0,0.0,0.04944320911027345,0.0,0.0,0.0,0.0,0.09844574457597946,0.0,0.0,0.0,0.0,0.0,0.0,0.0,0.006039183514385227,0.0,0.0,0.0,0.0006655857478719749,0.04684450492840866,0.0,0.0,0.0,0.0,0.0,0.0,0.0,0.0,0.0,0.0,0.0,0.0,0.0,0.0,0.01571626618996964,0.0,0.0,0.0,0.0,0.03312155519913363,0.0,0.0,0.0,0.008903806395054906,0.0,0.0,0.0,0.01541748466488997,0.0,0.0,0.0,0.0,0.0,0.0,0.0,0.0,0.0,0.0,0.0,0.0,0.0,0.01117219937632789,0.0,0.0,0.0,0.0,0.0,0.0,0.0,0.0,0.0,0.0,0.0,0.0,0.06450101233930469,0.0,0.0,0.0,0.0,0.0,0.0,0.0,0.0,0.0,0.0,0.0,0.0,0.0,0.0,0.0,0.012494675693211527,0.0,0.030019144420702103,0.0,0.0,0.0,0.0,0.0,0.0,0.0,0.0,0.0,0.0,0.0,0.0,0.003953082730500933,0.0,0.0,0.0,0.0075663103528959,0.0,0.0,0.0,0.0,0.0,0.0,0.0,0.0,0.0,0.0,0.019532856391559314,0.0,0.0,0.0,0.0,0.0,0.0,0.0,0.01968641424019585,0.0,0.04228169480701489,0.0,0.0,0.0,0.0,0.0,0.012432524468647335,0.0,0.0,0.008745000420247806,0.0,0.0,0.0,0.0,0.007728542921148367,0.0,0.0,0.0,0.0,0.0,0.04771945837368786,0.011383678005771908,0.0,0.0,0.0,0.0,0.0,0.02299048057086784,0.0,0.0,0.0,0.0,0.0,0.0,0.0,0.0,0.0,0.0,0.0,0.0,0.0,0.0,0.0,0.0,0.0,0.0,0.0,0.0,0.0,0.0,0.0,0.0,0.0,0.0,0.012689573095051261,0.0,0.0,0.002099153451809137,0.0,0.0,0.0,0.0,0.0,0.0,0.0,0.0,0.029991224811859098,0.0,0.0,0.0,0.0,0.0,0.0,0.0,0.0,0.0,0.06677810775916987,0.0,0.0,0.011211012542838317,0.0,0.04601683741671454,0.0,0.0,0.0,0.0,0.0,0.0,0.0,0.0,0.0,0.0,0.0,0.0,0.030106258563308983,0.0,0.0,0.0,0.0,0.0,0.0,0.0,0.0,0.04355683371221468,0.0,0.0,0.0,0.0,0.0,0.0266383348043956,0.0,0.004131879696979247,0.030351302233092865,0.0,0.0,0.0,0.0,0.0,0.0,0.0,0.0,0.0,0.0,0.0,0.0,0.03045667130148921,0.0,0.0,0.0,0.0,0.0,0.009904128810072608,0.0,0.0,0.0,0.0,0.0,0.0,0.0,0.0,0.0,0.0,0.0,0.0,0.0,0.0,0.0,0.03662494604813834,0.0,0.0,0.0,0.0,0.0,0.0,0.0,0.0,0.0,0.0,0.0,0.0,0.0,0.0,0.0,0.0,0.0,0.018383184132490533,0.0,0.009402033873982299,0.0,0.03115066471017893,0.0,0.0009027958369740772,0.0049969038089792564,0.0,0.0,0.0,0.0,0.0,0.0,0.0,0.0,0.0,0.0,0.0,0.0,0.0,0.0,0.05484222682794976,0.0,0.0,0.0,0.0,0.0,0.0,0.0,0.0,0.0,0.0,0.0,0.0,0.0,0.0,0.0,0.0,0.0,0.0,0.0,0.0,0.0,0.0,0.018937694332723985,0.04659499190369179,0.0,0.0,0.0,0.0,0.0,0.0,0.011148899596860381,0.0,0.0,0.0,0.0,0.0,0.0,0.0,0.0,0.0,0.04106103292981096,0.0,0.0,0.0,0.0,0.0,0.0,0.0,0.0,0.0,0.0,0.0,0.0,0.0,0.008608152494462448,0.0,0.0,0.0,0.0,0.0,0.0,0.0,0.0,0.0,0.0,0.0,0.0,0.0,0.0,0.0,0.0,0.0,0.0,0.0,0.02902449251625501,0.0,0.0,0.042815068627879815,0.0,0.0,0.0,0.0,0.0,0.0,0.0,0.0,0.0,0.0,0.0,0.0,0.0,0.07966837680190274,0.002340407376559956,0.012157348951725207,0.0,0.0,0.0,0.0,0.0,0.0,0.0,0.0,0.0,0.03565905588143184,0.0,0.0,0.0,0.01070047651850335,0.0,0.0,0.02679172105936961,0.0,0.0,0.0,0.0,0.0,0.0,0.0,0.0,0.026038493518378513,0.0,0.0,0.0,0.0,0.0,0.0,0.0,0.0,0.0,0.0,0.0,0.0,0.0,0.0,0.0,0.04697372815579757,0.055547455661680685,0.0,0.0,0.0,0.0,0.0,0.028732545698748578,0.0,0.0,0.0,0.0,0.0,0.0,0.0,0.0,0.0,0.0,0.04067219113093409,0.0,0.034545925152771995,0.04075019233010999,0.0,0.004893875674125039,0.0,0.0,0.0,0.0,0.11056891602998474,0.0,0.0,0.0,0.09121250676169067,0.0,0.0,0.0,0.0,0.020582828772851114,0.0,0.0,0.0,0.0364490467046419,0.0,0.0,0.0,0.0026067271755509736,0.0,0.06570105921788391,0.0,0.0,0.0,0.006506594091475552,0.0,0.0,0.0,0.0,0.0,0.0,0.0,0.0,0.0,0.0,0.047961933418338966,0.0,0.0,0.0,0.0,0.0,0.0,0.0,0.015789230455174996,0.0,0.0,0.0,0.0,0.0,0.0,0.11294980185655108,0.03453613639430094,0.0,0.0004700791885303,0.0,0.0,0.010759380662992191,0.0,0.0,0.0,0.0,0.0,0.0,0.0,0.0,0.0,0.039590644195787644,0.0,0.0,0.0,0.0,0.060719943345807596,0.0,0.0,0.0,0.0,0.0,0.0,0.04525628150638265,0.0,0.0,0.0,0.0,0.08523058273253661,0.0,0.0,0.0,0.0,0.02554695951224059,0.0,0.0,0.026492110604904855,0.0,0.0,0.0,0.03698194534305677,0.0,0.0,0.0,0.0,0.0,0.0,0.0,0.0042808682043756,0.0,0.0,0.0,0.0,0.010116809915105508,0.0,0.0,0.0,0.0,0.0,0.0,0.0,0.0,0.0,0.0,0.0,0.0,0.0,0.0,0.0,0.0,0.04757816023226265,0.0,0.0,0.0,0.0,0.007344827812927053,0.0,0.0,0.0,0.0,0.0,0.0,0.016237147992203223,0.0,0.0,0.0,0.0,0.0,0.0,0.0,0.0,0.0,0.0,0.0,0.0,0.0,0.0,0.0,0.0,0.0,0.0,0.0,0.0,0.0,0.0,0.0,0.0,0.0,0.0,0.0,0.0,0.01576130820642949,0.0,0.0,0.0,0.0,0.0,0.0,0.10667828052311584,0.0,0.02056336741161902,0.0,0.0,0.0,0.0,0.0,0.0,0.0,0.0,0.0,0.0,0.0,0.0,0.0,0.015238849062451987,0.020591471813637043,0.0,0.0,0.0,0.0,0.0,0.05986469413279052,0.0,0.0,0.0,0.0,0.0,0.0,0.0,0.0,0.0,0.0,0.0,0.014822191930880876,0.0,0.0178892464951261,0.0,0.0,0.0,0.0,0.0,0.0,0.0,0.0,0.0,0.0,0.0,0.0,0.024883757926314184,0.0,0.0,0.0,0.0,0.0,0.0,0.0,0.0,0.0,0.0,0.0,0.0,0.0,0.0,0.0,0.0,0.0,0.0,0.0,0.018402538577671365,0.0,0.0,0.0,0.0,0.0,0.0,0.0,0.0,0.0,0.0,0.00949669417788624,0.0,0.0,0.0,0.0,0.0,0.0,0.0,0.0,0.0,0.0,0.0,0.0,0.0,0.0,0.0,0.0,0.0,0.0,0.0,0.012750775274666601,0.0,0.0,0.0,0.0801082848747451,0.0,0.0,0.0,0.02534616588816647,0.0033042663032863888,0.0,0.0,0.0,0.0,0.0,0.0,0.0,0.03615388448589012,0.0,0.0,0.0,0.0,0.014475010433360996,0.0,0.0,0.0,0.0,0.0,0.008083525990532213,0.0,0.0,0.0,0.0,0.0,0.0,0.0,0.0,0.0,0.0,0.0,0.0,0.0,0.0,0.0,0.0,0.0,0.0,0.0,0.0,0.0,0.0,0.0,0.005069979940053062,0.0,0.0,0.02072007598388964,0.0,0.0,0.0,0.0,0.0,0.0072833352440366825,0.038599983823920984,0.0,0.0,0.0,0.0,0.0,0.0,0.0,0.0,0.0,0.0,0.0,0.0,0.0,0.0,0.0,0.0,0.0,0.0,0.0,0.0,0.06414572370120644,0.0,0.06056536121500095,0.0,0.0,0.0028621225630140966,0.0,0.022620960218390555,0.0,0.0,0.0,0.0,0.0,0.0,0.0,0.0,0.0,0.0,0.0,0.0,0.0,0.0,0.049696154008240685,0.0,0.06426837885117465,0.0,0.0,0.0,0.0,0.0,0.13573226603010402,0.0,0.0,0.0,0.0,0.0,0.0,0.0,0.0,0.0,0.0,0.0,0.0,0.0,0.0,0.0,0.0,0.0,0.0,0.0,0.0,0.0,0.0,0.005421628152603423,0.0,0.0,0.0,0.0,0.0,0.0,0.0,0.0,0.0,0.0,0.0,0.0,0.0,0.0,0.0,0.0,0.0,0.0,0.0,0.0,0.0,0.0,0.0,0.0,0.0,0.0,0.0,0.0,0.0,0.021578384843904553,0.0,0.0,0.03383597353346805,0.016481143620694493,0.0,0.0,0.0,0.0,0.0,0.0,0.0,0.00038416653154886246,0.0,0.0,0.0,0.0,0.05555153167114112,0.0,0.0,0.0,0.0,0.0,0.0,0.0,0.0,0.0,0.0,0.0,0.0,0.0,0.0,0.0,0.0,0.0,0.0,0.0,0.0,0.0,0.0,0.0,0.0,0.0,0.0,0.0,0.0,0.06941459422561873,0.0,0.0,0.0,0.0,0.0,0.0,0.0,0.0,0.0,0.03046875413523301,0.0,0.0,0.0,0.0,0.0,0.0,0.0,0.0,0.0,0.0,0.0,0.0,0.0,0.0,0.0006944662812250844,0.0,0.0,0.0,0.0,0.0,0.0,0.0,0.0,0.0,0.0,0.01959727001256625,0.0,0.0,0.009640826914621134,0.019084050527339743,0.0,0.0,0.0,0.0,0.0,0.0,0.0,0.0,0.0,0.0,0.11885468297113685,0.0,0.0,0.0,0.0,0.0,0.0,0.0,0.0,0.0,0.0,0.0,0.014867306544659484,0.0,0.0,0.013194664320479393,0.0,0.0,0.0,0.0,0.0,0.0,0.0,0.0,0.006426771359574458,0.0,0.010338191478803717,0.0,0.0,0.05760176970954687,0.0,0.0,0.010219663816394706,0.0,0.008790667433624598,0.0,0.0,0.0,0.0,0.0,0.0,0.0,0.0,0.0,0.0,0.0,0.0,0.0,0.05836944279701952,0.0,0.0,0.0,0.0,0.0,0.0,0.0,0.0,0.0,0.0,0.0,0.06062561434966744,0.0,0.0,0.0,0.0,0.0,0.0,0.0,0.0,0.0,0.020710918162116156,0.05080908938411551,0.0,0.0,0.026129564874833318,0.04644433266800057,0.0,0.0,0.0,0.0,0.0,0.0,0.0,0.0,0.0313983403627556,0.0,0.0,0.0,0.0,0.0,0.0,0.0,0.0,0.0,0.0,0.0,0.0,0.0,0.0,0.0,0.05682509455454825,0.0,0.0,0.0,0.03197019868226967,0.0,0.0,0.0,0.0,0.0,0.001154391084788041,0.0,0.0,0.0,0.0,0.004170569448047787,0.0,0.0,0.0,0.0,0.0,0.0,0.0,0.06244202566401301,0.0,0.0,0.0,0.043034621399120954,0.0,0.0,0.0,0.0,0.0,0.0,0.0,0.0,0.0,0.0,0.0,0.0,0.0,0.0,0.0,0.0,0.0,0.0,0.0,0.0,0.0,0.0,0.0,0.08496185121761768,0.003532906938884756,0.0,0.0,0.0,0.0,0.0,0.0,0.0,0.0,0.0,0.0,0.0,0.0,0.0,0.0,0.0,0.0,0.0,0.0,0.0,0.0,0.0,0.0,0.0,0.0,0.0,0.0,0.0,0.0,0.0,0.005967939145658806,0.0,0.0,0.0,0.013892089602419484,0.0,0.0,0.0,0.0,0.0,0.0,0.03726414036072716,0.0,0.0,0.0,0.0,0.0,0.0,0.0,0.0,0.0,0.0,0.0,0.0,0.0,0.0,0.0,0.0,0.0,0.0,0.0,0.0,0.0,0.0,0.0,0.0,0.0,0.0,0.007826342069125147,0.0357989258356044,0.0,0.0,0.0,0.03456495356999404,0.0,0.0,0.0,0.0,0.0,0.0,0.0,0.0,0.0,0.0,0.0,0.0,0.0,0.0,0.02869420111493195,0.0,0.0,0.0,0.0,0.0,0.0,0.0,0.0,0.0,0.0,0.0,0.0,0.0,0.013365743202010314,0.0,0.0,0.0,0.0,0.0,0.0,0.0,0.0,0.00549763787533067,0.0,0.0,0.0,0.0,0.0,0.0,0.0,0.0,0.0,0.0,0.0,0.0,0.0,0.0,0.002026433377585057,0.0,0.0,0.0,0.0,0.0,0.0,0.0,0.03971445826295348,0.0,0.0,0.012261442947213916,0.0,0.057169158327215294,0.0,0.0,0.0,0.0,0.0,0.0,0.0,0.0,0.0,0.0,0.03748623535807607,0.0,0.0,0.0,0.0,0.0,0.0,0.0,0.017760813918536022,0.0,0.03031743228401422,0.0,0.010401809169206817,0.0,0.0,0.0,0.0,0.0,0.0,0.0,0.02345674543027304,0.0,0.0,0.0,0.0,0.0,0.0,0.0,0.0,0.0,0.0,0.06447766504159218,0.0,0.0,0.0,0.0,0.0,0.0,0.0,0.0,0.0,0.0,0.0,0.0,0.0,0.0,0.0,0.0,0.0,0.0,0.021257198466304972,0.0,0.0,0.0,0.0,0.0,0.0,0.0,0.0,0.0142512179787044,0.0,0.0,0.0,0.0,0.0,0.0,0.0,0.0,0.0,0.0,0.0,0.0,0.0,0.0,0.0,0.0,0.0,0.0,0.0,0.12473643853982012,0.018001484589828184,0.0,0.0,0.0,0.0,0.0,0.0,0.0,0.00360176615570217,0.0,0.0,0.0,0.0,0.0,0.0,0.0,0.0,0.0,0.0,0.06346564785849822,0.0,0.0,0.0,0.0,0.0,0.0,0.0,0.0,0.0,0.0,0.0,0.0,0.0,0.0,0.13241793179865718,0.0,0.00798022264584234,0.0,0.0,0.0,0.026197204456695603,0.0,0.0,0.0,0.0,0.0,0.19656074104750332,0.0036363033401377635,0.0,0.0,0.0,0.013351325374505011,0.0,0.0,0.0,0.0,0.0,0.0,0.0,0.0,0.0,0.0,0.0,0.0,0.0,0.0,0.0,0.0,0.021193130672525574,0.0,0.0,0.028375966148327686,0.0,0.03608541069483775,0.0,0.0,0.0,0.0,0.0,0.0,0.0,0.0,0.0,0.0,0.0,0.0,0.0,0.0,0.0,0.0,0.0,0.0,0.0,0.0,0.0,0.0,0.0,0.024954694746399324,0.0,0.0,0.0,0.0,0.0,0.0,0.0,0.0,0.0,0.0,0.02387745877203584,0.0,0.0,0.0,0.0,0.0,0.0,0.0,0.0,0.0,0.0,0.0,0.0,0.0,0.0,0.0,0.0,0.0,0.0,0.0,0.0,0.0,0.0,0.0,0.0,0.0,0.0,0.0,0.0,0.03707198713753647,0.032975610829307916,0.0,0.0,0.0,0.0,0.0,0.0,0.030462674439774858,0.0,0.0,0.0,0.0,0.0,0.0,0.0,0.0,0.0,0.0,0.0,0.0,0.0,0.0,0.0,0.0,0.0,0.0,0.0,0.0,0.0,0.0,0.0,0.11722574697275147,0.0,0.0,0.0,0.0,0.0,0.0,0.020385002399187314,0.0,0.0,0.04862081612377491,0.0,0.0,0.008242962242061254,0.0,0.004677436007907361,0.0,0.0,0.0,0.0,0.0,0.0,0.0,0.0,0.0,0.021909443136903947,0.0,0.0,0.0,0.018440129469324162,0.0,0.11790656726796477,0.0,0.0,0.0,0.0,0.0,0.0,0.0,0.028251896010619327,0.0,0.0,0.0,0.0,0.0,0.004134730791679553,0.024737401731698427,0.0,0.0,0.0,0.0,0.0,0.0,0.0,0.0,0.039072851079479394,0.0,0.0,0.0,0.0,0.05286496625426187,0.0,0.05705396882151789,0.0,0.0,0.0,0.0,0.0,0.11074914745348415,0.0,0.021427217426982028,0.057824376847980835,0.0,0.0,0.0,0.0,0.0,0.0,0.0,0.0,0.013612563526176888,0.0,0.0,0.0,0.0,0.0,0.0,0.0,0.0,0.0,0.0,0.0,0.0,0.0,0.0,0.05544812669020499,0.0,0.0,0.0,0.0,0.0,0.0,0.0,0.0,0.004584357335588901,0.0,0.0,0.0,0.0,0.0,0.0067812759466301265,0.0,0.05242544360718455,0.0,0.0,0.0,0.0,0.0,0.0,0.0,0.0,0.0,0.07049864906814045,0.0,0.034182682488440384,0.0,0.0,0.0,0.0,0.0,0.0,0.0,0.0,0.0,0.0,0.0,0.0,0.0,0.021637848647723456,0.0,0.0,0.0,0.0,0.0,0.0,0.0,0.0,0.0,0.0,0.0,0.0,0.0,0.0,0.0,0.0,0.0,0.0,0.0,0.0,0.0,0.0,0.0,0.0,0.0,0.0,0.0,0.0,0.0,0.0,0.0,0.0,0.0,0.0,0.0,0.0,0.0,0.0,0.0,0.0,0.0,0.04612809874749152,0.0,0.0,0.0,0.0,0.0,0.0,0.010146100953297411,0.02755914071620224,0.0,0.0,0.0,0.0,0.02732573373663961,0.0,0.0,0.03334754933247547,0.015159046129819645,0.0,0.0,0.0,0.0,0.022647784267695942,0.043913732690838106,0.0,0.0,0.0,0.0,0.0,0.0,0.0,0.0,0.0,0.0,0.0,0.0,0.0,0.0,0.0,0.0,0.0,0.0,0.0,0.0,0.0,0.0,0.0,0.0,0.0,0.039849167207737984,0.00013685254561473465,0.0,0.0,0.015079519066998582,0.0,0.0,0.0,0.0,0.0,0.0,0.05644727698851257,0.0,0.0,0.0,0.0,0.0,0.054958709885872294,0.0,0.029855763494862013,0.03447207124042404,0.0,0.019750672106955268,0.014076763981826867,0.0,0.0,0.0,0.0,0.0,0.0,0.0,0.0,0.0,0.0,0.0,0.0,0.0,0.0,0.0,0.0,0.0,0.0,0.0,0.0,0.0,0.0,0.03557249347844752,0.0,0.0,0.0,0.030790885597927694,0.0,0.0,0.0,0.08538396106780312,0.0,0.0,0.0,0.0,0.0,0.0,0.0,0.0,0.0,0.0,0.0,0.0,0.0,0.0,0.005994806753355449,0.029436092914586827,0.0,0.0,0.0,0.0,0.0,0.017401311996047317,0.0,0.0,0.0,0.0,0.0,0.048755815457834445,0.0,0.04270242662809519,0.0,0.0,0.0,0.0,0.0030122996865112033,0.0,0.0,0.0,0.008517883008392103,0.0,0.0,0.0,0.0,0.0,0.0,0.0,0.0,0.0,0.0,0.0,0.0,0.0,0.02783139914086155,0.0,0.0,0.0,0.0,0.0,0.0,0.03998780168754041,0.07134481173675156,0.0,0.0,0.0,0.0,0.0,0.0,0.0,0.0,0.0,0.0,0.0,0.0,0.0,0.0,0.0,0.09777186194453691,0.0,0.0,0.0,0.0,0.05073943819654802,0.0,0.0,0.0,0.0,0.0,0.0,0.0,0.0,0.0,0.0,0.005994079460216621,0.0,0.0,0.0,0.0,0.0,0.0,0.0,0.0,0.0,0.0,0.0,0.0,0.046959979543576086,0.0,0.0,0.0,0.05098456370330941,0.0,0.027687954758703608,0.0,0.0,0.0,0.0,0.0,0.0,0.0,0.0,0.0,0.0,0.0,0.0,0.0,0.0,0.01761321036998888,0.0,0.0,0.0,0.0,0.0,0.03382982256064239,0.0,0.0,0.016906949334380337,0.020883650942563503,0.0,0.0,0.0,0.0,0.0,0.0,0.011240807802407776,0.0,0.0,0.0,0.0,0.0,0.0,0.0,0.0,0.0,0.0,0.0,0.0,0.03737616726322922,0.0,0.0,0.0845246728039606,0.0,0.0,0.0,0.015073104103922891,0.0,0.0,0.0,0.0,0.03819535540809242,0.0,0.0,0.0,0.0,0.0,0.0,0.0,0.0,0.002763730096950378,0.0,0.0,0.0,0.0,0.0,0.0,0.0,0.0,0.0,0.0,0.0,0.0,0.0,0.0,0.0,0.0,0.034886253463401136,0.02592142968190591,0.0,0.012931176971877274,0.0,0.0,0.0,0.0,0.0,0.0,0.0,0.0,0.0,0.0,0.0,0.0,0.0,0.0,0.12909765250677968,0.0,0.0,0.0,0.0,0.0,0.009882302096200259,0.0,0.0,0.018144040644794784,0.0,0.0,0.0,0.0,0.0,0.0152268955839307,0.0,0.02033297916056546,0.0,0.0,0.0,0.0,0.0,0.0,0.003636417515920901,0.029468864664225356,0.0,0.0,0.0,0.019770048991307354,0.0,0.0,0.0,0.0,0.0,0.0,0.0,0.0,0.017754431954241586,0.0,0.031935452285560925,0.0,0.030334002952008502,0.0,0.0,0.0,0.021937305987843197,0.0,0.010885078300591974,0.0,0.0,0.0,0.0,0.0,0.0,0.0,0.0,0.02429978245432381,0.0,0.0,0.0,0.0,0.018552601195397523,0.0,0.0,0.0,0.0,0.0,0.0,0.044918574618936294,0.006818428614467877,0.0,0.0,0.0,0.0,0.021979294957061468,0.0,0.0,0.0,0.0,0.0007503554920646956,0.0,0.0,0.0,0.0,0.0,0.0,0.0,0.0,0.0,0.0,0.0,0.0,0.0,0.0,0.0,0.0,0.003209392167279924,0.0,0.0,0.0,0.0,0.0,0.0,0.0,0.0,0.0,0.0,0.022670344874463372,0.0,0.0,0.0,0.0,0.0,0.0,0.0,0.0,0.0,0.0,0.0,0.0,0.0,0.0,0.0,0.05095298518960101,0.0,0.0,0.0,0.0,0.0,0.04197654319720203,0.019367184030348976,0.009419297516382907,0.0,0.0,0.0,0.0,0.0814531251256599,0.0,0.0,0.0,0.0,0.0,0.0,0.0,0.006725590503264756,0.0,0.02064198766793123,0.067930974300264,0.05230368602406644,0.0,0.0,0.0,0.0,0.0,0.0,0.0,0.0,0.0,0.0,0.0,0.0,0.0,0.0,0.0,0.0,0.0,0.05651743503736012,0.0,0.0,0.0,0.0,0.0,0.0,0.0,0.0,0.0,0.0,0.07901481086010237,0.0,0.0,0.0,0.0,0.0,0.0,0.0,0.0,0.0,0.0,0.0,0.0,0.0,0.0,0.0,0.0,0.0,0.0,0.0,0.0,0.0,0.0,0.021689390104139006,0.036054735027784446,0.0,0.0,0.026369072669074105,0.0,0.022727311330517006,0.0,0.0,0.0,0.07124626417641594,0.0,0.0,0.0033421376845798414,0.0,0.0,0.0,0.0,0.0,0.0,0.0,0.0,0.0,0.0,0.0,0.0,0.024249178163295863,0.0,0.0,0.008107099659884126,0.0,0.0,0.0,0.0,0.0,0.0,0.0,0.0,0.036361898243302514,0.0,0.0,0.04028669672842759,0.0,0.0,0.0,0.014868421903465854,0.0,0.0,0.0,0.0,0.0,0.0,0.0,0.0,0.0,0.0,0.0,0.0,0.005431437700306668,0.0,0.0,0.021617389403346253,0.0,0.0,0.0,0.0,0.0,0.0,0.0,0.0,0.0,0.0,0.0,0.0,0.02973888445156443,0.0,0.0,0.0,0.0,0.0,0.0,0.0,0.0,0.0,0.0,0.0,0.0,0.0,0.019217464599947855,0.04131188438509547,0.0,0.05276547360883115,0.0,0.0,0.0,0.0,0.0,0.0,0.0,0.0,0.0,0.0,0.0,0.0,0.0,0.0,0.0,0.0,0.0,0.0,0.0,0.0,0.008865189241305122,0.014483199410916877,0.0,0.021843464053714342,0.0,0.0,0.0,0.0,0.0,0.0,0.0,0.0,0.0,0.0,0.0,0.0,0.0,0.00014411689731989177,0.12532456657844346,0.0,0.0,0.0,0.0,0.0,0.0,0.03715476920014038,0.0,0.030569944237971405,0.0,0.012439199462119304,0.0,0.012114894039715636,0.0,0.0,0.0,0.0,0.0,0.0,0.0,0.0,0.0,0.0,0.00017624570695417134,0.0,0.0,0.0,0.0,0.0,0.0,0.0,0.0,0.0,0.0,0.0,0.005542707610766772,0.0,0.0,0.0,0.0,0.0,0.0,0.0,0.0,0.07158469967695238,0.0,0.034329703938486215,0.0,0.0,0.0,0.0,0.0,0.0,0.05103826459997019,0.0326522359725356,0.0,0.0,0.0,0.0,0.0,0.0,0.0,0.0,0.0,0.0,0.0,0.0,0.0,0.0,0.030065902373787135,0.0,0.0,0.0,0.009268704278254193,0.030265376046611114,0.0,0.0,0.011175021432100692,0.0077403241460315105,0.0,0.0,0.0,0.0,0.0,0.0,0.0,0.0,0.0,0.0,0.0,0.0,0.0,0.0,0.0,0.01354616865834349,0.0,0.0,0.0,0.04569447892240484,0.0,0.0,0.0,0.0,0.0,0.0,0.0,0.0,0.0,0.0,0.0007830556343479038,0.0,0.0,0.0,0.013669354428714253,0.04594523798110183,0.044793168690562796,0.0,0.0,0.0,0.06458336673770357,0.0,0.0,0.0,0.0,0.0,6.517308795748581e-05,0.0813231310467409,0.01594510745815803,0.0,0.0,0.0,0.0,0.0,0.0,0.0,0.0,0.07112387829650277,0.0,0.0,0.0,0.0,0.0,0.0,0.0,0.0,0.0,0.08379802908114738,0.0,0.0,0.0,0.0,0.0,0.0,0.0,0.0,0.0,0.0,0.0,0.0,0.0,0.0,0.0,0.0,0.0,0.0,0.004667833692550389,0.042560582026852416,0.0,0.0,0.0,0.0,0.0,0.0,0.0,0.0,0.0,0.0,0.0,0.0,0.0,0.0,0.0,0.0,0.0,0.0,0.0,0.0,0.10057488930011871,0.05355545915223621,0.007271028678555983,0.0,0.08140187933832438,0.0,0.00985116906603878,0.0,0.0,0.0,0.0,0.0,0.0,0.0,0.0,0.0,0.0,0.0,0.0,0.021566496042994522,0.0,0.0,0.0,0.0,0.0,0.0,0.0,0.0438709609905285,0.0,0.0,0.0,0.0,0.0,0.0,0.0,0.0,0.0,0.0,0.0,0.0,0.0,0.0,0.0,0.0,0.0,0.0,0.04906944643447821,0.0,0.0,0.0,0.0,0.008393177974132427,0.039566425730250036,0.0,0.0,0.0,0.0,0.0,0.008101923471056694,0.0,0.0,0.0,0.02954786638644886,0.0,0.0
n000362_3.jpg,0.0,0.0,0.0,0.0,0.0,0.0,0.0,0.0,0.0,0.0,0.0,0.0,0.0,0.0,0.0,0.042168308138442336,0.0,0.0,0.0,0.0,0.0,0.0,0.0,0.0,0.0,0.0,0.0,0.0,0.021615269054260793,0.0,0.0,0.0,0.0,0.0,0.0,0.0,0.04923275101921735,0.0,0.0,0.0,0.0,0.0,0.0,0.0,0.0,0.0,0.0,0.0,0.0,0.0,0.0,0.0,0.06681559794461556,0.06686970573324577,0.0,0.0,0.0,0.0,0.0,0.0,0.06816987322759437,0.0,0.0,0.0,0.0,0.0,0.0,0.014709339084827154,0.010367610827831813,0.0,0.0464797181414286,0.0,0.0,0.0,0.0,0.0,0.0,0.0007587682778419642,0.09574851586089118,0.0,0.0,0.0,0.0,0.0,0.0,0.0,0.0,0.0,0.0,0.0,0.0,0.0,0.0,0.0,0.0472020151635738,0.0,0.0,0.0,0.0,0.0,0.0,0.000612404312107628,0.0,0.0,0.0,0.0,0.0,0.0,0.0,0.0,0.0,0.034806319038054645,0.0,0.0,0.0,0.0,0.0,0.041028568217275345,0.0,0.021598115904070195,0.0,0.0,0.0,0.0,0.0,0.0,0.0,0.0,0.0,0.0,0.0,0.0,0.0,0.0,0.0,0.012660427816062665,0.0,0.0,0.0,0.0,0.0,0.0,0.0,0.0,0.0035737479583169028,0.0,0.0,0.02885826941343374,0.0,0.0,0.0,0.0,0.0,0.010162905173415365,0.0,0.0,0.0,0.0,0.05639894957469622,0.0,0.0,0.0,0.0,0.014586079260272604,0.0,0.0015028702459878318,0.0,0.0,0.0,0.0,0.0,0.03201747920898152,0.0,0.0,0.02382071530543954,0.0,0.0,0.0,0.0948620929158533,0.0,0.0,0.0,0.0,0.0,0.01774856007520771,0.0,0.0,0.00037697700663135,0.0,0.0,0.0,0.010391201681601127,0.0,0.0,0.0,0.0,0.0,0.039977974951389064,0.0,0.0,0.0,0.0,0.0,0.0,0.0,0.0,0.0,0.0,0.0,0.0033841364988947574,0.0,0.0,0.0,0.0,0.0,0.0,0.0,0.0293666903834095,0.03072976756110886,0.0,0.05949687465207241,0.0,0.0,0.0,0.0,0.053362697697604114,0.0,0.0,0.0,0.013766718317393763,0.0,0.0,0.0,0.0,0.0,0.007672194842098128,0.06966520081588061,0.0,0.0,0.0,0.0,0.0,0.11559307012695055,0.0,0.0,0.0,0.0,0.0,0.0,0.0,0.0,0.0,0.0,0.0,0.0,0.0,0.0,0.0,0.0,0.0,0.0,0.0,0.0,0.0,0.0,0.0,0.0,0.025757243138850833,0.0,0.0,0.0,0.00029068895535244824,0.0,0.0,0.0,0.0,0.0,0.0,0.0,0.0,0.0,0.0,0.0,0.0,0.0,0.0,0.0,0.0,0.0,0.0,0.0,0.0,0.008445380801084182,0.0,0.0,0.0,0.0,0.0,0.03480641005386386,0.0,0.03613116735598536,0.0,0.0,0.0,0.0,0.0,0.0,0.0,0.0,0.0,0.0,0.0,0.008841809592691485,0.0,0.0,0.0,0.0,0.0,0.0,0.0,0.0,0.0,0.0,0.01664668939036807,0.0,0.0,0.0,0.0,0.01313561802613443,0.0,0.0,0.0,0.0,0.0,0.0,0.027541965482080433,0.0,0.0,0.0,0.0,0.0,0.02917855626596378,0.0,0.0,0.0,0.0,0.0,0.0,0.0,0.0,0.0,0.0,0.013527893943959014,0.0,0.009044508459509602,0.0,0.0,0.0,0.0,0.0,0.004159279020291741,0.009045544596801108,0.007045595393599431,0.0,0.0,0.0,0.0,0.0,0.03787484822895175,0.0,0.0,0.0,0.0,0.0,0.0,0.0,0.0,0.0,0.0,0.0,0.0,0.0,0.0,0.0,0.0,0.0,0.0,0.0,0.016847838768531725,0.0,0.0,0.0,0.0,0.0,0.0,0.0,0.0,0.0,0.0,0.0,0.0,0.0,0.007160431816005899,0.0,0.0,0.0,0.0,0.0,0.0,0.0,0.0,0.0,0.07218343066507352,0.007406716710924155,0.0,0.0,0.0,0.04266418002623517,0.0,0.0,0.0,0.0,0.05498812461552286,0.014153062668334786,0.0,0.0,0.0,0.0,0.0,0.0,0.0,0.0,0.0,0.0,0.0,0.0,0.0,0.0,0.0,0.0,0.0,0.0,0.0,0.0,0.0,0.0,0.0,0.0,0.0,0.0,0.0,0.0,0.04243770605413152,0.0,0.0,0.0,0.0,0.0,0.0,0.0,0.0,0.0,0.0,0.0,0.07007970013043847,0.0,0.0,0.0,0.0,0.0,0.0,0.0,0.0,0.0,0.0,0.0,0.0,0.0,0.0,0.0,0.0,0.0,0.0,0.0,0.0,0.0,0.0,0.0,0.0,0.0,0.0,0.0,0.0,0.0,0.0,0.0,0.0,0.0,0.0,0.0,0.0,0.0,0.009864979351281326,0.0,0.0099437468744647,0.0,0.0,0.0,0.0,0.0,0.0,0.0,0.0,0.0,0.0,0.0,0.0,0.0,0.005158417552889016,0.0,0.017671758271513634,0.0,0.0,0.0,0.0,0.0,0.0,0.0,0.0,0.0,0.0,0.0,0.0,0.0,0.0,0.0035469906978434188,0.0,0.0,0.0,0.0,0.0,0.0,0.07812295366229931,0.0055792740997308654,0.0,0.0,0.0,0.0,0.0,0.0,0.0,0.0,0.0,0.03671162178921138,0.0,0.0,0.0,0.017497693866234086,0.0,0.0,0.09573412204364828,0.0,0.0,0.0,0.0,0.0,0.0,0.0,0.013256953199308722,0.0,0.0,0.0,0.0,0.0,0.0,0.0,0.0,0.0,0.0,0.0,0.0,0.0,0.042760115128944745,0.0,0.0,0.0,0.0,0.0,0.04210920113999858,0.0,0.0,0.0,0.0,0.0,0.0,0.0,0.0,0.0,0.0,0.0,0.004025414744014595,0.0,0.0,0.0,0.0,0.0,0.0,0.0,0.0,0.0,0.0,0.0,0.01985552056112104,0.0742821975082596,0.0,0.032025146735933555,0.0,0.0,0.0,0.0,0.0,0.0,0.0,0.0,0.0,0.061442193280715325,0.0,0.0,0.0,0.0,0.0,0.005535351757116184,0.0,0.0,0.0,0.0,0.023302282596449987,0.0,0.0,0.0,0.0,0.0,0.0,0.03829867111420983,0.0,0.0,0.0,0.0,0.0,0.0,0.013838771759724094,0.0,0.0,0.005669465771894228,0.0,0.0,0.0,0.0,0.0,0.0,0.0,0.0,0.0063300784942664015,0.0,0.0,0.0,0.0,0.0,0.0269686702192135,0.0,0.0,0.0,0.03127952302785555,0.0,0.02204902820200795,0.025908256125523006,0.0,0.0,0.0,0.0,0.0,0.0,0.0,0.0,0.0,0.0,0.0,0.031423918499228355,0.0134260383738548,0.0,0.0,0.0,0.023694918137715865,0.050577107798889354,0.0,0.0,0.0,0.010467508448088983,0.0,0.0,0.0,0.0,0.0,0.04026334725154461,0.0,0.0,0.0,0.0,0.0,0.0,0.0,0.0,0.0,0.0,0.0,0.0,0.0,0.0,0.0,0.0,0.0,0.0,0.06316323119626692,0.0,0.0,0.0,0.0,0.0,0.0,0.0,0.0,0.0,0.0,0.0,0.0,0.0,0.0,0.018838629783418232,0.0,0.0,0.0,0.0,0.0,0.0,0.0,0.0,0.0,0.0,0.0,0.0,0.0,0.0,0.0,0.10200953333504247,0.0,0.0,0.0,0.0,0.0,0.0,0.0,0.0,0.0,0.0,0.0,0.0,0.0,0.003024844932319949,0.0,0.0,0.0,0.0,0.0186359175972134,0.0,0.0,0.0,0.025367802030498668,0.0,0.0,0.007647187138567049,0.0,0.0,0.0,0.0,0.0,0.0,0.0,0.0,0.0,0.0,0.0,0.0,0.0,0.0,0.0,0.0,0.0,0.0,0.012596297188929727,0.0,0.0,0.0,0.041678989388913075,0.005210736103903903,0.008658790119744166,0.0,0.0,0.0,0.0,0.012759037895604092,0.0,0.0,0.013480842100440852,0.0,0.0,0.0,0.0,0.0,0.0,0.0,0.0,0.0,0.0,0.0,0.0,0.0,0.02045696856770703,0.0,0.0,0.0,0.0,0.0,0.06062954641868953,0.0,0.0,0.0,0.0,0.022097328738030605,0.0,0.035674354569733044,0.0,0.0,0.0,0.0,0.0,0.0,0.0,0.0,0.0,0.0,0.0,0.0,0.011271064828682075,0.0003223613470108371,0.0,0.0,0.0,0.0,0.0,0.0,0.0,0.0,0.0,0.0,0.0,0.0,0.0,0.0,0.0,0.0,0.0,0.0,0.0,0.0,0.0,0.0,0.0,0.0,0.0,0.0,0.07388376137407951,0.0,0.0,0.0,0.0,0.0,0.0,0.07642985538027933,0.0,0.008510959911522332,0.0,0.0,0.01506446612315587,0.03260499291716627,0.0,0.0,0.0,0.0,0.0,0.0,0.0,0.0,0.0,0.0,0.0,0.0,0.0,0.0,0.0,0.0,0.028935779364521477,0.0,0.017755854659331733,0.0,0.03812333026770347,0.0,0.0,0.09193372807114934,0.0,0.03246294831754859,0.0,0.0,0.0,0.0,0.0,0.0,0.0,0.0,0.02892107476158858,0.0,0.0,0.0,0.0,0.0,0.0,0.0010443076253058862,0.023160071504498368,0.0,0.0,0.0,0.0,0.0,0.0,0.0,0.0,0.0,0.0,0.0,0.0,0.0,0.0,0.0,0.0,0.0,0.0,0.0,0.027476918037161974,0.05988873100921548,0.0,0.0,0.0,0.0,0.0,0.0,0.0,0.0,0.0,0.013164930666446552,0.0,0.0,0.0,0.0,0.0,0.0,0.0,0.0,0.0,0.0,0.10980965922161083,0.0,0.0,0.0,0.0,0.0,0.0,0.0,0.0,0.0,0.0,0.0,0.0,0.008486999444771689,0.0,0.0,0.0,0.0,0.0,0.0,0.0,0.0,0.0,0.0,0.0,0.014927244251477756,0.0,0.0,0.0011210655860186972,0.0,0.0,0.0,0.0,0.0,0.0,0.0,0.0,0.0,0.0,0.0,0.04175733846136383,0.0,0.0,0.0,0.0,0.0,0.0,0.0,0.0,0.0,0.0,0.0,0.030035221481183493,0.0,0.0,0.0,0.0,0.0,0.0,0.0,0.0,0.0,0.040237529840296174,0.0,0.0,0.0,0.0,0.025032333297011787,0.0,0.04415925010637827,0.0,0.0,0.0,0.0,0.0,0.0,0.0,0.0,0.0,0.0,0.0,0.0,0.0,0.0,0.0,0.0,0.0,0.0,0.0,0.0,0.0,0.05746330620685423,0.0,0.0,0.0,0.0,0.0,0.0,0.0,0.0,0.0,0.0,0.06799979353884025,0.0,0.0,0.0,0.0,0.02075172215590521,0.0,0.0,0.03849902576896618,0.0,0.0,0.0,0.0,0.011494550818366088,0.0,0.0,0.0,0.0,0.0,0.0,0.0,0.0,0.0,0.0,0.0,0.0,0.0,0.0,0.0,0.0,0.0,0.038577428118963794,0.0,0.0,0.0,0.0,0.0,0.0,0.0,0.0,0.0045617922742425985,0.0,0.0,0.0,0.0,0.0,0.0,0.0,0.0,0.0,0.0,0.04780559205213634,0.0,0.0,0.0,0.0,0.0,0.0,0.0,0.0,0.0,0.0,0.019173825469477462,0.0,0.0,0.0,0.0,0.0,0.0,0.015866884806133758,0.0,0.0,0.0,0.0,0.0,0.0,0.0,0.007523817429072103,0.041963602484025884,0.03670384326737006,0.0,0.0,0.0,0.0,0.0,0.04003727730083797,0.0,0.0,0.002734719553517862,0.0,0.0,0.17206408202356824,0.06668325207842388,0.0,0.0,0.00889015674656764,0.0,0.0,0.0,0.047857826247035364,0.0,0.017426389639406452,0.0,0.0,0.0,0.0,0.0,0.0,0.0,0.0,0.0,0.0,0.0,0.03799920246311468,0.0,0.0,0.0,0.0,0.0,0.0,0.0,0.0,0.0,0.0,0.0,0.0,0.0,0.0,0.0,0.0,0.03091424106710585,0.0,0.0,0.01573245667581903,0.0,0.0,0.0,0.0,0.069338795925053,0.0,0.0,0.0,0.06690755055069747,0.0,0.0,0.01180948882718133,0.0,0.0,0.0,0.0,0.0,0.0,0.0,0.0,0.0,0.0,0.0,0.0,0.0,0.0,0.02880718956538331,0.0,0.0,0.0,0.0,0.0,0.0,0.0,0.0,0.0,0.0,0.0,0.02105185899623387,0.0,0.0,0.0,0.0,0.0,0.0,0.0,0.0,0.0,0.0,0.00205972300344283,0.04651001530640871,0.0,0.0,0.0,0.0,0.0,0.0,0.0,0.006404592693292251,0.0,0.0,0.0,0.0,0.0,0.0,0.0,0.022481146845291428,0.0,0.06025536044792114,0.0,0.0,0.0,0.02443382443509415,0.035018399192915405,0.0,0.0,0.0,0.0,0.0,0.0835510033300939,0.0,0.0,0.0,0.0,0.0,0.0,0.0,0.0,0.0,0.014832961862669677,0.0,0.0,0.0,0.0,0.0,0.0,0.0,0.0,0.0,0.0,0.0,0.0,0.0,0.0,0.0,0.0,0.0,0.0,0.0,0.0,0.0,0.0,0.0,0.0,0.0,0.0,0.0,0.0,0.00020464682712512558,0.0,0.0,0.0,0.0,0.0,0.0,0.0,0.051200970113418204,0.0,0.0,0.0,0.0,0.0,0.055623890021978976,0.0,0.0,0.0,0.051939365834305765,0.0,0.0,0.0,0.0,0.0,0.0,0.0,0.0,0.0,0.0,0.0,0.008963368420567693,0.0,0.0,0.0,0.0,0.0,0.0,0.0,0.0,0.0,0.04943041071806178,0.1002074824696972,0.0373845616039879,0.0,0.0,0.07121117759204686,0.0,0.0,0.04284490634476979,0.018899559317944098,0.0,0.0,0.0,0.0,0.0,0.0,0.011042681744482669,0.019321240001838914,0.0,0.0,0.0,0.0,0.0,0.055914625595184925,0.0,0.0,0.0,0.0,0.0,0.05077639690270854,0.028430262020849497,0.0,0.0,0.0,0.0,0.0,0.0,0.0,0.04957679521785063,0.0,0.06501033710707206,0.0,0.0,0.003188869017401708,0.0,0.0,0.0,0.0,0.0,0.0,0.0,0.0,0.0,0.0,0.0,0.0,0.0,0.0,0.0,0.0,0.0,0.0,0.0,0.0,0.0,0.0,0.0,0.06059420564594017,0.0,0.0,0.0,0.0,0.0,0.0,0.0,0.0,0.0,0.040226665660532644,0.012904501137811854,0.0,0.0,0.0,0.11123209868599931,0.0,0.0,0.0,0.0,0.0,0.0,0.0,0.030010112217328716,0.0,0.0,0.0,0.0,0.017716521400414673,0.0,0.037570087341535344,0.0,0.0,0.0,0.0,0.0,0.0,0.0,0.0,0.0,0.0,0.0,0.0,0.031741537034619904,0.0,0.0,0.0,0.0,0.014762150453150482,0.0,0.0,0.0,0.0,0.0,0.0,0.0,0.0,0.0,0.0,0.0,0.0,0.0,0.0,0.0,0.0,0.0,0.0,0.0,0.0,0.0,0.05224885510400585,0.0,0.0,0.0,0.0,0.0,0.0,0.0,0.0,0.0,0.0,0.0,0.0,0.02112728890309635,0.0,0.0,0.0,0.0,0.0,0.0,0.0,0.0,0.0,0.0,0.0,0.0,0.0,0.0,0.0,0.005655744028705973,0.0,0.04662739462172877,0.0,0.0,0.0,0.0,0.0,0.0,0.0,0.0,0.0,0.02357006664644892,0.0,0.0,0.019315636979827643,0.0,0.0,0.0,0.0,0.0,0.0,0.0,0.0,0.0,0.0,0.0,0.0,0.0,0.0,0.020275372049240382,0.0,0.0,0.0,0.015875853193188245,0.0,0.0,0.0,0.0,0.0,0.0397547153912792,0.0,0.0,0.0,0.0,0.0,0.028248816455432285,0.0,0.0,0.0,0.0,0.0,0.0,0.0,0.015401819549862864,0.0,0.0,0.0,0.0,0.0,0.00948531911257324,0.0,0.0,0.0,0.0,0.0,0.0,0.0023455872884451433,0.0,0.0,0.0,0.0,0.0,0.0,0.0,0.0,0.0,0.0,0.0,0.0,0.0,0.0,0.0,0.0,0.0,0.02443588450023934,0.0,0.0,0.0,0.0,0.0,0.0,0.0,0.029656631233208147,0.010813525025904921,0.0,0.0,0.010179736438427027,0.0,0.0,0.0,0.0,0.0,0.0,0.0,0.0,0.06172797848185902,0.0,0.0,0.0,0.0,0.0,0.0,0.0,0.0,0.0,0.05945380863502859,0.0,0.0,0.009920056125295024,0.0,0.023039941735821745,0.0,0.0,0.0,0.0,0.0,0.0,0.0,0.0,0.0,0.0,0.0,0.0,0.024896220264277662,0.0,0.0,0.0,0.0,0.0,0.0,0.0,0.0,0.0,0.0,0.0,0.0,0.0,0.0,0.029255509022707293,0.0,0.0,0.04748306310284268,0.0,0.0,0.0,0.0,0.0,0.0,0.0,0.0,0.0,0.0,0.0,0.0,0.0,0.0,0.0,0.0,0.0,0.0,0.023893774361466825,0.0,0.0,0.0,0.0,0.0,0.010133461559133883,0.0,0.0,0.0,0.0,0.0,0.0,0.0,0.0,0.0,0.05251236141097162,0.0,0.0,0.0,0.0,0.0,0.0,0.0,0.0,0.0,0.0,0.0,0.0,0.007182115222602797,0.0,0.0,0.0,0.0,0.0,0.0,0.012737434960301929,0.0,0.040077404173213434,0.0,0.0,0.0,0.0,0.0,0.0,0.0,0.0,0.0,0.0,0.0,0.0,0.0,0.0,0.0,0.0,0.0,0.0364412870766566,0.0,0.0,0.0,0.0,0.0,0.0,0.0,0.0,0.0,0.0,0.0,0.0,0.0,0.0,0.0,0.0,0.0,0.0,0.0,0.0,0.0,0.0,0.054521249032607674,0.06519626686601653,0.0,0.0,0.0,0.0,0.0,0.0,0.03134798245567072,0.0,0.0,0.0,0.0,0.0,0.0,0.0,0.0,0.0,0.01088587815443633,0.0,0.0,0.0,0.0,0.0,0.0,0.0,0.0,0.0,0.015931369506963527,0.0,0.0,0.0,0.0,0.006231544446224138,0.0,0.0,0.0,0.0,0.0,0.0,0.0,0.0,0.0,0.0,0.0,0.0,0.0,0.0,0.0,0.0,0.0,0.0,0.02637415717331024,0.0,0.0,0.038233237407076646,0.0,0.0,0.0,0.0,0.0,0.0,0.0,0.0,0.0,0.0,0.0,0.015483538427152412,0.0,0.05009665976091201,0.0060234601073777564,0.009190194801444835,0.0,0.0,0.0,0.0,0.0,0.0,0.0,0.0,0.0,0.011109204311479767,0.0,0.0,0.0,0.028203224194708262,0.0,0.0,0.0,0.0,0.0,0.0,0.0,0.0,0.0,0.0,0.0,0.0,0.0,0.0,0.0,0.0,0.0,0.0,0.0,0.0,0.0,0.0,0.0,0.0,0.0,0.0,0.0,0.043099075761648634,0.016207027534408565,0.0,0.020407775632774496,0.0,0.0,0.0,0.034242127576007135,0.021105900187930512,0.0,0.0,0.0,0.0,0.0,0.0,0.0,0.0,0.0,0.02873330248748194,0.0,0.010520455230177242,0.009236415848216675,0.027245213985875063,0.004116464129184932,0.0,0.0,0.0,0.0,0.10654547711946763,0.0,0.0,0.0,0.02935216337229946,0.0,0.0,0.0,0.0,0.03291884650591317,0.0,0.016762842212161497,0.0,0.026632016060309023,0.0,0.0,0.0,0.0,0.0,0.04172890157072819,0.0,0.0,0.0,0.0,0.0,0.004357110206240124,0.0,0.0,0.0,0.0,0.0,0.0,0.0,0.0,0.031970994549347626,0.0,0.0,0.0,0.0,0.0,0.0,0.0,0.027003959934313794,0.0,0.0,0.0,0.002180900425130722,0.0,0.0,0.10192324146831425,0.047818791564370494,0.0,0.0,0.0,0.0,0.0,0.0,0.0,0.0,0.0,0.0,0.0,0.0,0.0,0.0,0.0,0.0,0.0,0.0,0.0,0.04909513067588669,0.0,0.0,0.0,0.0,0.0,0.0,0.04583669810900861,0.0,0.0,0.0,0.0,0.09784914297842173,0.0,0.0,0.0,0.0,0.0,0.0,0.0,0.022195878880331813,0.0,0.0,0.0,0.060107195590108096,0.009960628087176543,0.0,0.0,0.0,0.0,0.0,0.0,0.005640255246880251,0.0,0.0,0.0,0.0,0.002947253399988584,0.0,0.0,0.0,0.0,0.0,0.0,0.0,0.0,0.0,0.0,0.0,0.0,0.0,0.0,0.0,0.0,0.05172741443351658,0.03461303919754152,0.0,0.0,0.0,0.0,0.0,0.0,0.0,0.0,0.0,0.0,0.03874068384192446,0.0,0.0,0.0,0.0,0.0,0.0,0.0,0.0,0.0,0.0,0.0,0.0,0.0,0.0,0.0,0.0,0.0,0.0,0.0,0.0,0.0,0.0,0.0,0.0,0.0,0.0,0.0,0.0,0.0002517405712139943,0.0,0.010606363054588525,0.0,0.0,0.0,0.0,0.061802007633218685,0.0,0.04989259343705786,0.0,0.0,0.0,0.0,0.0,0.0,0.0,0.0,0.005474166934344955,0.0,0.0,0.0,0.0,0.021864177313387374,0.001320925758543269,0.0,0.0,0.0,0.0,0.0,0.0704131509768381,0.0,0.006633664500779692,0.0,0.0,0.0,0.0,0.0,0.0,0.0,0.05671615520909962,0.0,0.0,0.029023194499529295,0.0,0.0,0.0,0.0,0.0,0.0,0.0,0.0,0.0,0.0,0.0,0.0,0.0,0.04550436609109301,0.0,0.0,0.0,0.0,0.0,0.0,0.0,0.0,0.0,0.0,0.0,0.0,0.0,0.0,0.0,0.0,0.0,0.0,0.0,0.0010887083558934,0.0,0.0,0.0,0.0,0.0,0.0,0.04382514661002963,0.0,0.0,0.0,0.0,0.0,0.0,0.0,0.0,0.0,0.0,0.0,0.0,0.0,0.0,0.01609763763121947,0.0,0.0,0.0,0.0,0.0,0.0,0.0,0.0,0.012281053944168943,0.0,0.0,0.0,0.024870411732620373,0.0,0.0,0.0,0.03235338748222999,0.020574809621766527,0.0,0.0,0.0,0.0,0.0,0.0,0.0,0.040574758952727163,0.0,0.0,0.0,0.0,0.0,0.0,0.0,0.0,0.0,0.0,0.01912618868289275,0.0,0.0,0.0,0.0,0.0,0.0,0.0,0.0,0.0,0.0,0.0,0.0,0.0,0.0,0.018336804129763976,0.0,0.0,0.0,0.0,0.0,0.0,0.0,0.0,0.04960558729213199,0.0,0.0,0.02787308987560057,0.0,0.0,0.0,0.0,0.0,0.0,0.042657169589027724,0.0,0.0,0.0,0.0,0.0,0.0,0.03419727676114356,0.0,0.0,0.0,0.003918643487751031,0.0,0.0,0.0,0.0,0.0,0.0,0.0,0.0,0.0,0.09379572505630139,0.0,0.06744999589403564,0.0,0.0,0.0,0.0,0.0327283970350769,0.0,0.0,0.0,0.0,0.0,0.0,0.0,0.0,0.0,0.0,0.0,0.0,0.0,0.0,0.0326808046464479,0.00043117352180118833,0.06668639101389294,0.0,0.0,0.0,0.0,0.0,0.13376797711119875,0.0,0.0,0.0,0.0,0.0,0.0,0.0,0.0,0.0,0.0,0.0,0.0,0.0,0.0,0.0,0.0,0.0,0.0,0.0,0.0,0.0,0.0,0.05357630958193705,0.0,0.0,0.0,0.0,0.0,0.0,0.0,0.0,0.0,0.0,0.0,0.0,0.0,0.0,0.0,0.0,0.0,0.0,0.0,0.0,0.018062103988213493,0.0,0.0,0.0,0.0,0.0,0.0,0.0,0.0,0.03533885919747273,0.0,0.006058761476941423,0.04464944349563512,0.0238481510221738,0.0,0.0,0.0,0.0,0.0,0.0,0.0,0.0,0.0,0.0,0.0,0.0,0.024019780199582366,0.0,0.0,0.0,0.020976526764873965,0.0,0.0,0.0,0.0,0.0,0.0,0.0,0.0,0.0,0.0,0.0,0.033314265799002395,0.0,0.0,0.0,0.0,0.025899054649201014,0.0,0.0,0.0,0.0,0.0,0.015294384266674134,0.0,0.07513058472463618,0.0,0.0,0.0,0.0,0.0,0.0,0.0,0.0,0.0,0.022661180555716892,0.0,0.0,0.0,0.011015348143046555,0.0,0.0,0.0,0.0,0.0,0.0,0.0,0.0,0.0,0.0,0.0,0.0,0.0,0.0,0.0,0.0,0.0,0.0,0.0,0.020397430909092837,0.0,0.034435112170114746,0.0,0.0,0.0,0.024044747389978853,0.0020846072251595755,0.0,0.0,0.0,0.0,0.0,0.0,0.0,0.0,0.046682115102147856,0.08408786341060309,0.0,0.0,0.0,0.0,0.0,0.0,0.0,0.0,0.0,0.0,0.0,0.016944741746675897,0.0,0.0,0.0,0.0,0.0,0.0,0.0,0.0,0.0,0.0,0.0,0.0,0.0,0.0,0.0,0.0,0.07827895919909166,0.003189245290076395,0.0,0.018829785710639747,0.0,0.030897747226557627,0.0,0.0,0.0,0.0,0.042029031751363494,0.0,0.0,0.0,0.0,0.0,0.0,0.0,0.0,0.11527965607796524,0.0,0.0,0.0,0.0,0.0,0.0,0.0,0.0,0.0,0.0,0.0,0.03983078240880619,0.0,0.0,0.0,0.0,0.0,0.0,0.0,0.0,0.0,0.0038963765255237014,0.0551237204120729,0.0,0.0,0.057092316888897335,0.027082546535827628,0.0,0.0,0.0017928851848750774,0.0,0.0,0.0,0.0,0.0,0.02237335082871251,0.0,0.0,0.0,0.0,0.0,0.0,0.0,0.0,0.0,0.0,0.0,0.0,0.0,0.0,0.0,0.03488406873810324,0.0,0.0,0.0,0.044322048530395064,0.0,0.0,0.0008557594969231218,0.0,0.0,0.0,0.0,0.0,0.0,0.0,0.01891403305150728,0.0,0.0,0.0,0.0,0.0,0.0,0.0,0.07078113899298864,0.0,0.0,0.0,0.039432332955239395,0.0,0.0,0.0,0.0,0.0,0.0,0.0,0.0,0.0,0.002027798653385757,0.0,0.0,0.0,0.0,0.0,0.0,0.013486666002281803,0.0,0.0,0.012134680543869016,0.0,0.020841024204030927,0.0,0.10793547055781938,0.01764436695273509,0.0,0.0,0.0,0.0,0.04618954642226024,0.0,0.0,0.0002001620786234357,0.0,0.0,0.0,0.0,0.0,0.0,0.0,0.0,0.0,0.038702941139770894,0.0,0.0,0.0,0.0,0.0,0.0,0.02991281187748089,0.0,0.0,0.0,0.0,0.0,0.0,0.0,0.0,0.024451044182218322,0.0,0.01285274644083455,0.008491942047191692,0.0,0.005968921103602658,0.0,0.025599355128736147,0.0,0.0,0.0,0.0,0.0,0.0,0.0,0.0,0.0,0.0,0.0,0.0,0.009319725837244167,0.0,0.0,0.0,0.0,0.010789422485695989,0.0,0.0,0.0,0.0,0.0,0.0,0.0,0.0,0.0,0.004397353900736571,0.0,0.0,0.0,0.044144034926954644,0.0,0.0,0.0,0.0,0.0010396264158501563,0.0,0.0,0.0,0.0,0.0,0.00016041675117989252,0.0,0.0,0.0,0.005740011348653578,0.0,0.0,0.0,0.0,0.0,0.0,0.0,0.0,0.0,0.0,0.0,0.0,0.0,0.008622922121270683,0.0,0.0,0.0,0.0,0.0,0.0,0.0,0.0,0.0,0.0,0.0,0.0,0.0,0.008904559443401678,0.0,0.0,0.0,0.0,0.0,0.0,0.0,0.0,0.0,0.0007082253675684646,0.0,0.0,0.0,0.0,0.0,0.0,0.0,0.000466625844414287,0.0,0.0,0.0,0.0,0.007466601228567373,0.0,0.0,0.0,0.0,0.0,0.0,0.0,0.0,0.0,0.0,0.0,0.0,0.0,0.0,0.0,0.0,0.0,0.0,0.06311980111598624,0.0,0.02523002629432301,0.0,0.053366005345304904,0.0,0.0,0.0,0.0,0.01261216168845569,0.0,0.0,0.020524071637975105,0.0,0.0,0.0,0.0,0.008141167673446413,0.0,0.0,0.018361228555151845,0.0,0.0,0.017650346247421046,0.0,0.0,0.0,0.0,0.0,0.0,0.01638879276510693,0.0007722261306809358,0.0,0.0,0.0,0.0,0.0,0.0,0.0,0.0,0.0,0.0,0.024158526031090404,0.0,0.0,0.0,0.0,0.0,0.0,0.0,0.0,0.0,0.0,0.0,0.0,0.0,0.0,0.0,0.0,0.017777480903560645,0.0,0.0,0.0,0.0,0.0,0.0,0.0,0.0,0.0,0.0,0.0,0.10325890068846164,0.026360533660599005,0.0,0.0,0.0,0.0,0.0,0.0,0.0,0.0,0.0,0.0,0.0,0.0,0.0021884348969592165,0.0,0.0,0.0,0.0,0.0,0.05670915365148332,0.0,0.0,0.0,0.0,0.0,0.0,0.0,0.0,0.0,0.0,0.0,0.0,0.0,0.0033171138999214147,0.08587073435907935,0.0,0.0,0.0,0.0,0.0,0.0,0.0,0.0,0.0,0.0,0.0,0.15838567567988773,0.0,0.0,0.0,0.0,0.0,0.0,0.0,0.0,0.0,0.0,0.0,0.0,0.0,0.0,0.0,0.0,0.0,0.0,0.0,0.0,0.0,0.06692549176460202,0.0,0.0,0.014106265003113093,0.0,0.017647481469328517,0.0,0.0,0.01144405369348442,0.0,0.0,0.0,0.0,0.0,0.0,0.0,0.0,0.0,0.0,0.0,0.0,0.0,0.0,0.0,0.0,0.0,0.0,0.0,0.0,0.025451802962711982,0.0,0.0,0.0,0.0,0.0,0.0,0.0,0.0,0.0,0.0,0.0,0.0,0.0,0.0,0.013041487700324676,0.0,0.0,0.0,0.0,0.0,0.0,0.0,0.0,0.0,0.0,0.0,0.0,0.0,0.0,0.0,0.0,0.0,0.0,0.0,0.0,0.0006099269061787153,0.0,0.0,0.0,0.04987658353422693,0.04056702038904599,0.0,0.0,0.0,0.0,0.0,0.0,0.04236289993854684,0.0,0.0,0.0,0.0,0.0,0.0,0.0,0.0,0.0,0.0,0.0,0.0,0.0,0.0,0.023363047858539706,0.0,0.0,0.0,0.0,0.0,0.0,0.0,0.0,0.1053770649984997,0.0,0.0,0.0006331847752801655,0.0,0.0,0.0,0.009173296384525152,0.0,0.0004622698499841715,0.015454014896550641,0.0,0.0,0.03414129537878216,0.0,0.02882289090242202,0.0,0.0,0.0,0.0,0.0,0.0,0.0,0.0,0.0,0.0,0.0,0.0,0.0,0.0158511446208838,0.0,0.07375372420158502,0.0,0.012067335504742292,0.0,0.0,0.0,0.0,0.0,0.015360118769957286,0.0,0.0,0.0,0.0,0.0,0.0,0.03247022070269475,0.0,0.0,0.0,0.0,0.0,0.0,0.0,0.0,0.014968846245931868,0.0,0.0,0.0,0.0,0.06140873054149272,0.0,0.032178319683151275,0.0,0.0,0.0,0.0,0.0,0.10737401400984392,0.0017817626645067297,0.007297501624685688,0.09651853624563474,0.0,0.0,0.0,0.0,0.0,0.0,0.0,0.0,0.0,0.0,0.0,0.0,0.0,0.0,0.0,0.006321943678830468,0.0,0.0,0.0,0.0,0.0,0.0,0.0,0.060755370225186636,0.0,0.0,0.0,0.0,0.0,0.0,0.0,0.0,0.01465023985602565,0.0,0.0,0.0,0.0,0.0,0.0,0.0,0.0189996389698197,0.0,0.0,0.0,0.0,0.0,0.0,0.0,0.0,0.0,0.079880340184195,0.0,0.0,0.0,0.0,0.0,0.0,0.0,0.0,0.0,0.0,0.0,0.0,0.0,0.0,0.0,0.0,0.0,0.0,0.008369756098191005,0.0,0.0,0.0,0.0,0.0,0.0,0.0,0.0,0.0,0.0,0.0,0.0,0.010180606638359048,0.0,0.0,0.0,0.0,0.0,0.0,0.0,0.0,0.0,0.0,0.02423957005945308,0.0,0.0,0.0,0.0,0.0,0.0,0.0,0.0,0.0,0.0,0.0,0.0,0.0,0.0,0.0437603300344809,0.0,0.0,0.0,0.0,0.0,0.00949327966603299,0.013033095376745595,0.0061029479873926104,0.0,0.0,0.0,0.0,0.020554157912665565,0.0,0.0,0.022488599042158237,0.0177607872722117,0.0,0.0,0.0,0.0,0.0,0.03443505223287453,0.0,0.010778915709475966,0.0,0.0,0.0,0.0,0.0,0.0,0.0,0.0,0.0052378149720691,0.0,0.0,0.0,0.0007835707795714714,0.0,0.0,0.0,0.0,0.017237189971023564,0.0,0.0,0.0,0.0,0.0,0.05590518658979986,0.0,0.0,0.0,0.012345324424862384,0.0,0.0,0.0,0.0,0.0,0.0,0.03946271447633536,0.0,0.0,0.0,0.0,0.0,0.09218918502874393,0.0,0.0596912355828072,0.02890708052594712,0.0,0.016454659352308335,0.04450646431904963,0.0,0.0,0.0,0.0,0.0,0.0,0.0,0.0,0.0,0.0,0.0,0.0,0.0,0.0,0.0,0.0,0.0,0.0,0.0,0.0,0.0,0.0,0.00825960809990807,0.0,0.0,0.0,0.0,0.0,0.020658777255513055,0.0,0.030067241286845355,0.0,0.0,0.0,0.0,0.0,0.0,0.005789748713518068,0.0,0.0,0.0,0.0,0.0,0.0,0.0,0.005807922461715672,0.002891191268845228,0.0,0.0,0.0,0.0,0.0,0.0,0.0,0.0,0.0,0.0,0.0,0.051286698126108844,0.0,0.05286920554023762,0.0,0.0,0.0,0.0,0.0,0.0,0.0,0.0,0.022121168220351924,0.0,0.0,0.0,0.0,0.0,0.0,0.0,0.0,0.0,0.0,0.0,0.0,0.0,0.0,0.0,0.0,0.0,0.0,0.0,0.0,0.044363533980215426,0.03554937876419009,0.0,0.0,0.0,0.0,0.0,0.0,0.0,0.0,0.0,0.0,0.0,0.0,0.0,0.0,0.0,0.044791823299818456,0.0,0.0,0.0,0.0,0.023919343144163253,0.0,0.0,0.0,0.0,0.0,0.0,0.0,0.0,0.0,0.0,0.029251912788294355,0.0,0.0,0.0,0.0,0.0,0.0,0.0,0.0,0.0,0.0,0.0,0.0,0.06824633982672279,0.0,0.0,0.01843724673492755,0.07951759112681887,0.0,0.028372389285574628,0.0,0.0,0.0,0.0,0.0,0.0,0.0,0.0,0.0,0.0,0.0,0.0,0.0,0.0,0.0161091877593988,0.0,0.0,0.0,0.0,0.0,0.011449020714780067,0.0,0.0,0.03777321242872833,0.01776186614253558,0.0,0.0,0.0,0.0,0.0,0.0,0.007540790767542055,0.0,0.0,0.0,0.0,0.0,0.0,0.0,0.0,0.0,0.0,0.0,0.00027122045177129726,0.0817811587418245,0.0,0.0,0.037862687628881335,0.0,0.030140608908664858,0.0,0.0,0.0,0.0,0.0,0.0,0.010901973523332012,0.016039263199045018,0.0,0.0,0.0,0.0,0.0,0.0,0.0,0.0,0.0,0.0,0.0,0.0,0.0,0.0,0.0,0.0,0.0,0.0,0.0,0.0,0.0,0.0,0.0,0.0,0.0,0.0073210669496304665,0.0,0.03652088151176517,0.0,0.0,0.0,0.0,0.0,0.0,0.0,0.0,0.0,0.0,0.0,0.0,0.0,0.0,0.09773501359346003,0.0,0.0,0.0,0.0,0.0,0.0,0.0,0.0,0.0,0.01364116977822209,0.0,0.0,0.0,0.0,0.021387893803656122,0.0,0.052983770025165335,0.0,0.0,0.0,0.0,0.0,0.0,0.011426729611164317,0.014046154610870174,0.0,0.0,0.0,0.021300363233963445,0.0,0.0,0.0,0.0,0.0,0.0,0.0,0.0,0.0,0.0,0.015894390449648268,0.0,0.005357601211563376,0.0,0.0,0.0,0.0,0.0,0.01099001244961763,0.0,0.0,0.0,0.0,0.0,0.0,0.0,0.0,0.028989585247052828,0.0,0.0,0.0,0.0,0.0,0.0,0.0,0.0,0.0,0.0,0.0,0.08620499768806857,0.0,0.0,0.0,0.0,0.0,0.00545449475514196,0.016673303744921597,0.0,0.0,0.0,0.027662372737980275,0.0,0.0,0.0,0.0,0.0,0.0,0.0,0.0,0.0,0.0,0.0,0.0,0.0,0.0,0.0,0.0,0.001470210277302001,0.0,0.0,0.0,0.0,0.0,0.0,0.0,0.0,0.0,0.0,0.01870759809671572,0.0,0.0,0.0,0.0,0.0,0.0,0.0,0.0,0.0,0.0,0.0,0.0,0.0,0.0,0.0,0.04779012824416071,0.0,0.0,0.0,0.0,0.0,0.0004170318017005899,0.0,0.01088515446775817,0.0,0.0,0.0,0.0,0.06355459917589713,0.0,0.0,0.0,0.0,0.0,0.0,0.00954653501391347,0.043461425237423336,0.0,0.011012804140184069,0.024279876743549197,0.07605060804255939,0.0,0.0,0.0,0.0,0.0,0.0,0.0,0.022413719669946628,0.0,0.0,0.0,0.0,0.0,0.0,0.0,0.0,0.0,0.07910585336510649,0.0,0.0,0.0,0.0,0.0,0.0,0.0,0.0,0.0,0.0,0.048656230244867704,0.023916590470908907,0.0,0.008535189540879501,0.0,0.0,0.0,0.0,0.0,0.0,0.0,0.0,0.0,0.0,0.0,0.0,0.0,0.0,0.0,0.0,0.0,0.0,0.0,0.00040751718104719344,0.04372360404551322,0.0,0.0,0.03531931077757129,0.0,0.04655388048665541,0.0,0.0,0.0,0.08873574332097761,0.0,0.0,0.0,0.04752653314128351,0.0,0.0,0.0,0.0,0.0,0.0,0.0,0.0,0.0,0.0,0.0,0.029957218712787316,0.0,0.0,0.0,0.0,0.0,0.0,0.0,0.0,0.0,0.0,0.0,0.04310621495292765,0.0,0.0,0.064478356361896,0.0,0.0,0.0,0.0011027169514986584,0.0,0.0,0.0,0.0,0.0,0.0,0.0,0.0,0.0,0.0,0.0,0.0,0.0,0.0,0.0,0.0,0.0,0.0,0.0,0.0,0.0,0.0,0.0,0.0,0.0,0.0,0.0,0.0,0.049322168502027926,0.0,0.0,0.0,0.0,0.0,0.0,0.0,0.00277623080964998,0.020220223128548646,0.0,0.0,0.0,0.0,0.0,0.02811140478249349,0.0,0.013485253037341164,0.0,0.0,0.0,0.0,0.0,0.0,0.0,0.0,0.0,0.0,0.0,0.0,0.0,0.0,0.0,0.0,0.009846927142487492,0.0,0.0,0.0010530928707930475,0.005341029674592647,0.0,0.0,0.01846583124876594,0.0,0.0,0.0,0.0,0.0,0.0,0.0,0.0,0.0,0.0,0.0,0.0,0.0,0.0,0.14656736608885468,0.0,0.0,0.0,0.0,0.0,0.0,0.03712088214499484,0.0,0.010591993656221274,0.0,0.014419472601604331,0.01241919374358147,0.029132928486875185,0.0,0.0,0.0,0.0,0.0,0.0,0.0,0.0,0.02758975988140793,0.0,0.0,0.0,0.0,0.0,0.0,0.0,0.0,0.0,0.0,0.0,0.0,0.0,0.0,0.0,0.0,0.0,0.0,0.0,0.0,0.0,0.0,0.07907927674881532,0.0,0.03471225752907625,0.0,0.0,0.0,0.0,0.0,0.0,0.053043023536862945,0.0427955668965834,0.0,0.0,0.0,0.0,0.0,0.0,0.0,0.0,0.005238184030075983,0.004596946020603512,0.0,0.0,0.0,0.0,0.06465401243388794,0.0,0.0,0.0,0.01500178730917482,0.0384731373209886,0.0,0.0,0.0006722544213351668,0.022331044016711418,0.0,0.0,0.0,0.0,0.0039714859346433595,0.0,0.0,0.0,0.0,0.0,0.0,0.0,0.0,0.0,0.0,0.002186192800195595,0.0,0.0,0.0,0.0352500277676776,0.0,0.0,0.0,0.0,0.0,0.0,0.0,0.0,0.0,0.0,0.0,0.0,0.0,0.0,0.05128549050171339,0.03558226654988619,0.044127878510869856,0.0,0.0,0.0,0.07365114716470043,0.0,0.0,0.010311805927344382,0.0,0.0,0.0,0.04146140388754362,0.018224130997749735,0.0,0.0,0.0,0.0,0.0,0.0,0.0,0.0,0.058011945065014676,0.0,0.0,0.0,0.0,0.0,0.0,0.0,0.0,0.0,0.05398786975182657,0.0,0.0,0.0,0.0,0.0,0.0,0.0,0.0,0.0,0.0,0.0,0.0,0.0,0.0,0.0,0.0,0.0,0.0,0.053132383302331096,0.0029547918953818156,0.0,0.0,0.0,0.0,0.0,0.0,0.0,0.0,0.0,0.0,0.0,0.0,0.0,0.0,0.0,0.0,0.0,0.0,0.0,0.0,0.07605919460719474,0.07676665827233546,0.0,0.0,0.0697252224122121,0.0,0.08173145967019681,0.0,0.0,0.018749589683231236,0.0,0.0,0.0,0.0,0.0,0.0,0.0,0.0,0.0,0.029217351199667795,0.0,0.0,0.0,0.0,0.0,0.0,0.0,0.05008261668751927,0.0,0.0,0.0,0.0,0.0,0.0,0.013423984968402969,0.0,0.0,0.0,0.0,0.0,0.0,0.0,0.0,0.0,0.0,0.0,0.034857461043243075,0.0,0.0,0.0,0.0,0.03250819205432024,0.030855553629343606,0.0,0.0,0.0,0.0,0.0,0.025179419284500945,0.0,0.0,0.0,0.0018544804112494498,0.0,0.0
n000362_4.jpg,0.0,0.0,0.0,0.0,0.0,0.0,0.0,0.0,0.05290770121050608,0.0,0.0,0.0,0.0,0.0,0.003637980870973265,0.0,0.0,0.0,0.0,0.0,0.0,0.0,0.0,0.0,0.0,0.0,0.0,0.03401852104062672,0.0,0.0,0.0,0.0,0.0,0.0,0.0,0.0,0.0,0.0,0.0,0.0,0.0018701133777433558,0.0,0.0,0.0,0.0,0.0,0.0,0.0,0.0,0.0,0.0,0.015245449739782127,0.0,0.07304987210998928,0.0,0.0,0.0,0.0,0.0,0.0,0.0,0.0,0.014660864707133996,0.0,0.0,0.0,0.0,0.01929184685586769,0.0,0.0,0.04896538413870112,0.0,0.0,0.0,0.0,0.0,0.0,0.0,0.040428953423372514,0.0,0.0,0.0,0.0,0.0,0.0,0.0,0.0,0.0,0.0,0.0,0.0,0.0,0.0,0.0,0.0,0.0,0.0,0.01566327570525668,0.0,0.0,0.0,0.004949869544629991,0.0,0.0,0.0,0.0,0.0,0.007882355065341653,0.0,0.0,0.0,0.0,0.0,0.0,0.0,0.0,0.0,0.0,0.00897528818522144,0.01349710941945694,0.0,0.0,0.0,0.0,0.0,0.0,0.0,0.0,0.0,0.0,0.0,0.0,0.0,0.0,0.0,0.0,0.0,0.0,0.0,0.0,0.0,0.0,0.0,0.0,0.035771354251120234,0.0,0.0,0.0,0.0,0.0,0.0,0.0,0.005469080985755018,0.0,0.0,0.016071854824921773,0.0,0.0,0.06291656450193214,0.0,0.04463757126309976,0.0,0.0,0.06614928230920696,0.0,0.0,0.0,0.0,0.0,0.0,0.0,0.0,0.0,0.0,0.033069412852322004,0.0,0.0,0.0,0.0,0.0,0.0,0.0,0.01776008831654374,0.019785031001729684,0.011173019501079228,0.00973973392572465,0.0,0.0,0.0,0.0,0.03341123380108138,0.007604632682983681,0.012177625080832769,0.0,0.0,0.0,0.0,0.0,0.0,0.0,0.0,0.0,0.0,0.0,0.004055578112791391,0.0,0.005545287046193679,0.03071713135929278,0.0,0.0,0.003962246914892082,0.0,0.0,0.01788547433363034,0.0,0.012006347483131933,0.0,0.0,0.0,0.1617795696114584,0.0,0.0,0.0,0.0,0.0,0.0,0.0,0.0,0.0,0.0,0.0,0.0,0.0,0.0,0.0,0.0,0.0,0.0,0.0,0.0,0.0,0.0,0.0,0.0,0.011836780796654728,0.0,0.0,0.07784157968325028,0.0,0.0,0.0,0.0,0.0,0.0,0.0,0.0,0.0,0.0,0.044198860059799956,0.0,0.0,0.0,0.0,0.0,0.0,0.0,0.0,0.0,0.0,0.0,0.0,0.0,0.018288069925896166,0.0,0.08419718598576306,0.0,0.0,0.0,0.05280324238819572,0.0,0.0,0.0,0.0,0.0,0.0,0.0,0.0,0.0,0.0,0.0,0.0,0.0,0.0,0.0,0.0,0.0,0.0,0.0,0.0,0.0,0.06557817827800552,0.0,0.0,0.0,0.0,0.0,0.0,0.0,0.0,0.0,0.0,0.0,0.0,0.0,0.0,0.0,0.0,0.0,0.0,0.0,0.0,0.0,0.0,0.0,0.0,0.0,0.0,0.0,0.0,0.0,0.0,0.0,0.0,0.0,0.0,0.0,0.0,0.0,0.0,0.0,0.0,0.008223771012976909,0.05671139251624593,0.0,0.0,0.0,0.0,0.0,0.0,0.0,0.0,0.0,0.0,0.0,0.05908599743814261,0.0,0.0,0.0,0.0,0.0,0.0,0.0,0.0,0.0,0.0,0.0,0.0,0.0,0.0028269623321376903,0.0,0.0,0.0,0.0,0.044452573742425776,0.0,0.0,0.0,0.0,0.0,0.0,0.0,0.0,0.0,0.0170242706195294,0.0,0.0,0.0,0.0,0.0,0.0,0.01118694920880732,0.004106221318105043,0.0,0.0,0.0,0.0,0.0,0.0,0.0016921829810014489,0.0,0.0,0.0,0.03622403245721568,0.0,0.0,0.0,0.026388213617315397,0.0,0.0,0.0,0.0,0.0,0.01054977929639147,0.03757462670952676,0.0,0.0,0.0,0.0,0.0,0.04296709721645442,0.0,0.0,0.0,0.0,0.0,0.0,0.0,0.0,0.028437458700890414,0.0,0.0,0.0,0.0,0.0,0.006627124883478802,0.04303987854076867,0.0,0.0,0.0003756472836550612,0.0,0.0,0.0,0.012231977979896298,0.0,0.009199487483768762,0.0,0.0,0.0,0.0,0.0,0.0,0.0,0.0,0.0,0.0,0.0,0.0,0.0,0.0,0.0,0.0,0.030043172193685422,0.0,0.0,0.0,0.0,0.03339622253639448,0.0,0.0,0.0,0.0,0.0,0.0,0.0,0.0,0.002146078667094838,0.0,0.0,0.0,0.0,0.0,0.0,0.0,0.0,0.0,0.0,0.0,0.0,0.0,0.0,0.0,0.0,0.0,0.0,0.0,0.0,0.0,0.0,0.0,0.029466769931950857,0.0,0.0,0.0,0.0,0.0,0.0,0.0,0.0,0.0,0.0,0.0,0.0,0.0,0.0,0.0,0.0,0.0,0.0,0.0,0.0,0.0,0.0,0.0,0.0,0.0,0.0,0.0,0.012346788514392143,0.0,0.0,0.0,0.04303301624834037,0.0,0.0,0.0,0.0007108212607276718,0.041628414076340554,0.0,0.0,0.0,0.0,0.015988277744024084,0.0,0.0,0.0,0.0,0.0,0.023153924755320243,0.0,0.005313181193326798,0.0,0.0,0.0,0.0,0.0,0.0,0.0,0.0,0.0,0.0,0.0,0.0,0.0,0.0,0.0,0.0,0.0,0.0,0.0,0.0,0.0,0.0,0.0,0.0,0.0,0.0,0.0,0.0,0.0,0.0,0.0,0.0,0.0,0.0,0.0,0.0,0.0,0.024598348735691333,0.0,0.0,0.0,0.0,0.0,0.0,0.0,0.0,0.0,0.050648841530735594,0.0,0.0,0.000649839163408003,0.0,0.0,0.0,0.0,0.0,0.0,0.0,0.0,0.0,0.07938537637109527,0.0,0.04583574057435405,0.07525239292834947,0.0,0.006071840953741646,0.02154508080779317,0.0,0.0,0.0,0.0,0.0,0.0,0.0,0.0,0.0,0.0,0.0,0.0,0.0,0.0,0.0,0.0,0.006145329718868389,0.0,0.0,0.0,0.0,0.0,0.0,0.0,0.0,0.0,0.0,0.0,0.0,0.0,0.0,0.0,0.0,0.0,0.0,0.0,0.0,0.022982432710981025,0.0,0.0,0.0,0.0,0.0,0.008372195475304059,0.0,0.06100942528041253,0.0,0.0,0.0,0.0,0.0,0.1311381845343497,0.0,0.0,0.0,0.0,0.0,0.007441439373908674,0.0,0.0,0.001977277840657026,0.0,0.0,0.0,0.0,0.0,0.0,3.732435000046939e-05,0.0,0.0,0.0,0.0,0.0,0.0,0.024587903785836987,0.0,0.0,0.0,0.0,0.0,0.0,0.0,0.0,0.0,0.0,0.0,0.0,0.0,0.0,0.0,0.0,0.0,0.0,0.0,0.0,0.010183077875696073,0.0,0.0,0.0,0.0,0.0,0.0,0.0,0.0,0.0,0.03238413230277298,0.0,0.06669416324604076,0.0,0.0,0.0,0.04191578655742582,0.0,0.0012098187752432584,0.0,0.0,0.0,0.0,0.0,0.0,0.0,0.0,0.0,0.0,0.0,0.0,0.0,0.0,0.0,0.0,0.0,0.0,0.0,0.012961223586726675,0.0,0.0,0.02865831542900901,0.0,0.0,0.0,0.0,0.0,0.0,0.0,0.048484767265130964,0.0,0.0,0.0,0.0,0.0,0.0,0.0,0.0,0.0,0.0,0.0,0.0,0.0696494943265655,0.01022864545541101,0.0036580569806534177,0.0,0.0,0.0,0.0,0.0,0.0,0.0,0.0043659109525695326,0.00834851951750266,0.0,0.0,0.0,0.0,0.0,0.0,0.0,0.0,0.0,0.006676346214342298,0.03776880347870028,0.007195829210177887,0.0,0.0,0.0,0.0,0.0,0.0,0.0,0.0,0.0,0.0,0.0067065295786948856,0.0,0.0,0.0,0.05348467921484587,0.006656063524952072,0.0,0.0,0.0,0.0,0.0,0.0,0.0,0.0,0.0,0.0,0.0,0.0,0.0,0.0,0.0,0.04680295085606847,0.0,0.0,0.0,0.0,0.0,0.0,0.0,0.02352227415181279,0.0,0.0,0.0,0.0,0.0,0.0,0.0,0.0,0.0,0.0,0.05829804589858367,0.0,0.0,0.0,0.06415983753549878,0.0,0.0,0.0,0.0,0.0,0.0,0.0,0.0,0.0,0.0,0.036631017212743214,0.0,0.0,0.0,0.0,0.0,0.0,0.0,0.0,0.0,0.0,0.0,0.0,0.0,0.0,0.0,0.0,0.0,0.0,0.0,0.0,0.0,0.0,0.0,0.0732786959969122,0.0,0.009784809676736337,0.0,0.0,0.0,0.0,0.0,0.0,0.0,0.0,0.0,0.0,0.0,0.0,0.0,0.0,0.0,0.0,0.0,0.0,0.0,0.0,0.0,0.0,0.005811412410751419,0.0,0.11576305052094639,0.0,0.0,0.0,0.0,0.02491616098471856,0.037921156160563706,0.0,0.0,0.0,0.0,0.0,0.0,0.0,0.048449574707018724,0.0,0.0,0.0,0.0,0.0,0.0,0.0,0.019033600657064283,0.019234849503421043,0.0,0.0,0.0,0.0,0.09715934777653266,0.0,0.009175408273049532,0.00939441365070577,0.0,0.0,0.0,0.0,0.06128724090043937,0.0,0.0034336642139432055,0.0,0.0,0.043996114748857944,0.0,0.0332839806996758,0.0,0.0,0.0,0.0,0.0,0.0,0.0,0.0,0.0,0.07340414261848356,0.0,0.0,0.0,0.0,0.0,0.0,0.0,0.0,0.0,0.0,0.0,0.0,0.0,0.0,0.0,0.0,0.0,0.0,0.022294250138988652,0.0,0.03185647003243641,0.0,0.0,0.0,0.008866589962654978,0.0,0.0,0.0,0.0,0.0,0.0,0.0,0.0,0.0,0.0,0.0,0.0,0.0,0.008159973138057585,0.0,0.04597412858436356,0.0,0.0,0.0,0.0,0.0,0.0,0.0,0.0,0.03826750379814637,0.0,0.0,0.0,0.0,0.0,0.0,0.0,0.0,0.007251207723598906,0.0,0.0,0.0,0.0,0.0,0.0,0.0023276499948058347,0.0,0.0,0.015915811096842248,0.0,0.0,0.0,0.0,0.0,0.0,0.0,0.0,0.035653914414362456,0.0,0.02935629494905713,0.0,0.0,0.0,0.0,0.0,0.0,0.021627798936666463,0.0,0.0,0.0,0.0,0.0,0.0,0.0,0.0,0.0,0.0,0.0,0.0,0.0,0.0,0.0,0.0,0.0,0.0,0.0,0.0,0.0,0.0,0.0,0.0,0.02719956781175888,0.023678176857918162,0.0,0.007026419279531458,0.0,0.0,0.019617953761011116,0.0,0.0,0.0,0.0,0.0,0.0,0.06657739705144052,0.0504056031002065,0.02789685970399914,0.0,0.0,0.0,0.0,0.0,0.0,0.0,0.0,0.0,0.0,0.0,0.08834708274164056,0.0,0.0,0.0,0.0,0.0,0.0,0.0,0.0,0.0,0.0,0.0,0.0,0.0,0.0,0.0,0.0,0.0,0.0,0.0,0.0,0.06577843880507234,0.0,0.0,0.0,0.0,0.0,0.038330464864987646,0.0,0.0,0.0,0.0,0.0,0.0,0.0,0.0,0.007064225988784434,0.0,0.0,0.0,0.0,0.0,0.0,0.0,0.02550046513888924,0.0,0.0,0.0,0.0,0.0,0.0,0.0,0.0,0.0,0.0,0.0,0.0,0.0,0.0,0.0,0.0,0.0,0.0,0.0,0.0,0.0140845941436067,0.02609792046625301,0.0,0.0,0.017298743669127505,0.0,0.0,0.0,0.07183435593044309,0.0,0.0,0.0,0.0,0.0,0.0,0.0,0.0,0.0,0.0,0.04404347016087333,0.0,0.0,0.035965318904597095,0.0,0.0,0.0,0.0,0.0,0.0,0.0,0.0,0.06356889719024679,0.0,0.0,0.0,0.0,0.0,0.0,0.0,0.0,0.0,0.0,0.0,0.0,0.0,0.0,0.0,0.11584509966954559,0.0,0.0,0.0,0.03345675476196189,0.0,0.0,0.04412535614355202,0.0,0.0,0.0,0.0,0.0,0.0,0.0,0.0,0.0,0.0,0.0,0.0,0.0,0.016781334045953254,0.0203177234443014,0.03811630726337684,0.0,0.0,0.0,0.0,0.0,0.0,0.0,0.0,0.007785191507884371,0.0,0.10811972478812011,0.0,0.0,0.0,0.0,0.0,0.0,0.0,0.0,0.0,0.0,0.0,0.0,0.0,0.0,0.006485517842951809,0.0,0.0,0.0,0.0,0.002277535476211405,0.0,0.0,0.0,0.0,0.0,0.0,0.0,0.04282437831672624,0.0,0.0,0.0,0.0,0.0,0.024777048051833644,0.0,0.0,0.0,0.0,0.06872992849363994,0.0,0.0,0.0,0.0,0.0,0.0,0.0,0.0,0.0,0.0,0.0,0.0,0.0,0.0,0.0,0.0,0.010661591074362518,0.0,0.0,0.009239717789676739,0.0,0.0,0.0,0.0,0.0,0.0,0.0,0.009764817189590448,0.0,0.0,0.0,0.0,0.0,0.0,0.0,0.0,0.0,0.0,0.0,0.0,0.0,0.0,0.0,0.0,0.00846125959301432,0.0,0.0,0.0,0.014851723380766867,0.0,0.0,0.0,0.0,0.0,0.040817745178763215,0.0,0.0,0.0,0.015093118036394198,0.0,0.0,0.0,0.0,0.0,0.0,0.0,0.0,0.0,0.0,0.0,0.0,0.037013415194991656,0.0,0.08009865386166204,0.0,0.0,0.0,0.004367662072537861,0.0,0.0,0.0,0.021276358191422172,0.0,0.0,0.05481537654862165,0.07335847947015804,0.0,0.0,0.0,0.027283626232122073,0.0,0.0,0.0,0.0,0.0,0.0,0.0,0.0,0.00151398219501984,0.0,0.0,0.0,0.0,0.0,0.0,0.0,0.0,0.0,0.0,0.0,0.0,0.0,0.0,0.0,0.01232169825770118,0.0,0.0,0.0,0.0,0.0,0.007876495660589062,0.0,0.0,0.0,0.0,0.0,0.0,0.0,0.0,0.0,0.0,0.0,0.0,0.0,0.0,0.0,0.0,0.0,0.0,0.0,0.0,0.0,0.0,0.0,0.0,0.0,0.0,0.02820154408925049,0.0,0.0,0.04417193768291584,0.0,0.0,0.0,0.0,0.0,0.0,0.0,0.0935022773669629,0.0,0.0,0.0,0.06634892280577584,0.04619251451425729,0.0,0.04939116793921311,0.0,0.047082230307496455,0.0,0.0,0.0,0.0,0.0,0.0,0.06529441409470524,0.0,0.0,0.05049573129281266,0.0,0.0,0.0,0.0,0.0,0.0,0.0,0.0,0.0,0.0,0.026986869379665775,0.0,0.0,0.0,0.0,0.0,0.0,0.03592412883343526,0.0,0.0,0.0,0.0,0.0,0.0,0.0,0.0,0.0,0.0,0.0,0.0,0.0,0.0,0.0,0.007907311292883624,0.0,0.0,0.0,0.0,0.0,0.027530030081509053,0.0,0.0,0.0,0.0,0.0,0.0,0.022249307251655095,0.0,0.0,0.0,0.0,0.07759372598811248,0.0,0.0,0.0,0.0,0.0581518911907579,0.0,0.0,0.0,0.0,0.020046578979481696,0.0,0.053847480970041085,0.0,0.0,0.0,0.0,0.028063009229912523,0.0,0.06213072945745639,0.0,0.0,0.0,0.0,0.0,0.033597154374677106,0.0,0.0,0.0,0.0,0.0,0.0,0.0,0.0,0.033905962195833916,0.0,0.016367563919074228,0.0,0.0,0.0,0.0,0.0,0.0,0.0,0.0,0.0,0.0,0.0,0.0,0.0,0.0,0.0,0.0,0.0,0.0,0.05665883444230801,0.0,0.0,0.0,0.0,0.0,0.0,0.0,0.0,0.0,0.0,0.03395386071727042,0.0,0.0,0.0,0.01818127083809735,0.0,0.0,0.0,0.0,0.0,0.0,0.023002544076154714,0.00614000992712434,0.0,0.0,0.0,0.03147020035598845,0.024874698193375303,0.009531716024608457,0.0,0.0,0.0,0.01979848985923002,0.01520062806141809,0.0,0.0,0.0,0.0,0.0,0.0,0.0,0.0,0.0,0.0,0.0,0.008135754653570491,0.0,0.0,0.0,0.0,0.0,0.0,0.0,0.0,0.0,0.0,0.0,0.0,0.0,0.0,0.0,0.0,0.04474016999391631,0.0,0.0,0.0,0.0,0.0,0.0,0.0,0.0,0.0,0.0,0.0,0.0,0.0,0.0,0.016175123701483274,0.0,0.0,0.0,0.027182929549750327,0.05513217949988343,0.0,0.0,0.0,0.0,0.0,0.0,0.0,0.0,0.0,0.0,0.0,0.010006835372128297,0.0,0.0,0.0,0.0,0.0,0.0,0.0,0.0,0.0,0.0,0.0,0.0,0.0,0.0,0.0,0.07844244517835271,0.0,0.0,0.0,0.0,0.0,0.0,0.0,0.0,0.004075565355318408,0.0,0.0,0.0,0.0,0.0,0.0,0.0,0.053366407231893495,0.0,0.0,0.0,0.0,0.0,0.0,0.0,0.0,0.0,0.0,0.03975708278154768,0.0,0.0,0.0,0.0,0.0,0.0,0.0,0.0,0.020047483384869665,0.0,0.0,0.0,0.054494788148004035,0.0,0.0,0.0,0.0,0.0,0.0,0.0,0.003002465053076584,0.0,0.0,0.0,0.0,0.0,0.0,0.0,0.0,0.06453711910066837,0.0,0.0,0.0,0.0,0.011506905924218387,0.0,0.0,0.0,0.0,0.0,0.0,0.03965507144804496,0.03477685330372969,0.0,0.0,0.0,0.0,0.0,0.0,0.020724043881438295,0.0,0.0,0.0,0.02022715936559331,0.0,0.0,0.0,0.0,0.0,0.0,0.0,0.08182659960739437,0.0,0.0,0.0,0.0,0.0,0.0,0.0,0.0,0.0,0.0,0.0,0.03339125763052754,0.0,0.0,0.0,0.0,0.0,0.0,0.16193609700994516,0.0,0.0,0.0,0.061994150258222816,0.0,0.0,0.0,0.0,0.02497331334478969,0.0,0.0,0.0,0.0,0.0,0.0,0.0,0.012397153172170067,0.0,0.0,0.0,0.0,0.0,0.0,0.0,0.0,0.0,0.0,0.0,0.0,0.0,0.0,0.0,0.009836197617930031,0.005077365063974611,0.0,0.0,0.0,0.0,0.0,0.0,0.0,0.0,0.0,0.0,0.0,0.0,0.0,0.0,0.016743150889612243,0.0,0.0,0.0,0.0,0.0,0.0,0.0,0.0,0.0,0.0,0.0,0.0,0.038870795803580944,0.04817756313187859,0.0,0.0,0.0,0.0,0.0,0.0,0.0,0.0,0.0,0.027006833895511007,0.0,0.0,0.0,0.0,0.0,0.0,0.0,0.0,0.0,0.0,0.0,0.0,0.0,0.0,0.0,0.0,0.0,0.0,0.0,0.0,0.0,0.0,0.0,0.0,0.0,0.0,0.0,0.0,0.0,0.0,0.0,0.0,0.032064387703058576,0.0,0.0,0.0,0.0,0.0071634920556745705,0.0,0.016100873883884436,0.0,0.0,0.0,0.0,0.0,0.0,0.0,0.0,0.0,0.08524198865550504,0.0,0.0,0.0,0.0,0.0,0.0,0.0,0.016885101744043167,0.0,0.036127321685187806,0.0,0.0,0.0,0.0,0.0,0.010865656863789794,0.0,0.0,0.0,0.0,0.0,0.0,0.0,0.0,0.0,0.0,0.0,0.0,0.0,0.034228028413503,0.0,0.0,0.0,0.0,0.0,0.0,0.0,0.0,0.0791210662274032,0.0,0.0,0.0,0.0,0.0,0.013079800923044574,0.0,0.0518441484455558,0.0,0.0,0.0,0.0,0.0,0.0,0.0,0.0,0.06043475957026054,0.0,0.0,0.0,0.014173101166245509,0.0,0.0,0.0,0.0,0.05253441021756381,0.0,0.0,0.0,0.0,0.0,0.0,0.0,0.0,0.0,0.0,0.0,0.0,0.0,0.008141027243744678,0.011350448453983282,0.0,0.0,0.0,0.026766091903565718,0.0,0.07110731189806874,0.0,0.0,0.0,0.0,0.0,0.0,0.0,0.0,0.0,0.0,0.0,0.0,0.0,0.029404867112651167,0.0,0.0,0.0,0.010641829350447062,0.0,0.0,0.047353043778591696,0.0,0.0,0.0,0.0,0.048552145466534614,0.0,0.0,0.0,0.0,0.0,0.0,0.0,0.0,0.0,0.0,0.0,0.0,0.0322041602924507,0.0,0.0,0.0,0.02145643509412193,0.0,0.0,0.0,0.0,0.0,0.0,0.0,0.0,0.0,0.010181887929947214,0.0,0.0,0.0,0.0,0.0,0.0,0.0,0.0,0.0,0.0,0.0,0.0,0.0,0.0,0.0,0.0,0.006320622363684626,0.0,0.0,0.0,0.0,0.004044605496004823,0.0,0.0,0.0,0.003408721097948419,0.0,0.08471257584793558,0.0,0.0,0.0,0.039145993776054454,0.0,0.0,0.0,0.0,0.0,0.0,0.0,0.02163157273131368,0.0,0.0,0.0,0.0,0.0,0.0,0.0,0.0,0.0,0.0,0.0029687695422850238,0.00882218144371109,0.0,0.027536179105770553,0.0,0.006803224616866132,0.0,0.024443686090581836,0.07667735354534547,0.0,0.0,0.0,0.0,0.0,0.012881538013033142,0.0,0.0,0.0,0.0,0.0,0.0,0.0,0.0,0.009216881553630535,0.0,0.0,0.0,0.00918108528161241,0.07490074706023368,0.07654380923223338,0.0,0.0,0.0036744496196780617,0.0,0.0,0.0,0.0,0.0,0.0,0.0,0.0,0.04253377981229833,0.022319277460253133,0.0,0.0,0.0,0.0,0.0,0.0,0.0,0.0,0.0,0.0,0.0,0.0,0.0,0.0,0.0,0.0,0.0,0.007976819392285358,0.0,0.0,0.0,0.0,0.0,0.0,0.0,0.0,0.0,0.0,0.0,0.0,0.0,0.0,0.0,0.0,0.0,0.0,0.0,0.0,0.02272814794763342,0.039341951384703255,0.0,0.0,0.0,0.0,0.0,0.0,0.0,0.0,0.0,0.0,0.08862879103434242,0.0,0.0,0.0,0.0,0.0,0.0,0.0,0.0,0.0,0.0,0.0,0.0,0.0,0.0,0.0,0.0,0.0,0.0,0.0,0.0,0.0,0.0,0.0,0.0,0.0,0.0,0.0,0.00084632647856303,0.0,0.0,0.0,0.0,0.0,0.0,0.0,0.08518118837163965,0.0,0.0,0.0,0.0,0.0,0.0,0.0,0.0,0.003139252871594235,0.0,0.0,0.0,0.0,0.0,0.0,0.0035208574595541942,0.0,0.0,0.0,0.0,0.0,0.0,0.0,0.0,0.0,0.0,0.0,0.0,0.0,0.028338796930641594,0.0,0.0,0.016414775978173732,0.0,0.029573184414365614,0.0,0.0,0.0,0.01991648912200097,0.0,0.0,0.0,0.0,0.0,0.0,0.0,0.07730378947113349,0.0,0.07911287063631016,0.0,0.0,0.0,0.008057196090199337,0.0,0.0,0.0,0.0,0.0,0.0,0.0,0.0,0.0,0.0,0.0,0.0,0.0,0.0058603359638099844,0.0,0.023549804904486233,0.0,0.0,0.0,0.0,0.0,0.0,0.0,0.09587208054891315,0.0,0.0,0.0,0.0,0.0,0.0,0.0,0.0,0.0,0.0,0.0,0.0,0.0,0.001469323973944029,0.0,0.0,0.0,0.0,0.0,0.0,0.040690550350900676,0.012766619089747244,0.01058790184824772,0.06449039770480126,0.0,0.0,0.0,0.0,0.0,0.0,0.01597360213494509,0.0,0.0,0.0,0.0,0.0,0.0,0.0,0.0,0.0,0.0,0.0,0.007574973197783016,0.0,0.03815491232016945,0.0,0.0,0.0,0.0,0.0,0.09492230571127606,0.0,0.015630449052991834,0.0,0.0,0.0,0.041433370196846606,0.0,0.0,0.0,0.0,0.0,0.0,0.0,0.0,0.0,0.03306054361907144,0.0,0.0,0.018692705092168367,0.0,0.0,0.0,0.0,0.0,0.0,0.0,0.0,0.004722991702676873,0.0,0.0,0.0,0.0,0.020674940263131738,0.0,0.0,0.0,0.0,0.0,0.0,0.0,0.0,0.0,0.0,0.0,0.0,0.0,0.0,0.0,0.0,0.0,0.0,0.0,0.022143093230228394,0.0,0.0,0.0,0.0,0.0,0.0,0.03491257937829317,0.0,0.05817502345640274,0.00895309703729668,0.0,0.0,0.0,0.0,0.0,0.0,0.0,0.0,0.0,0.0,0.0,0.0,0.0,0.0,0.0,0.0,0.0,0.0,0.0,0.0,0.028857133103150173,0.0,0.0,0.0,0.01847673168695646,0.0,0.0,0.0,0.0,0.009598656008968453,0.0,0.0,0.0,0.0,0.0,0.0,0.0,0.00546834032902299,0.0,0.0,0.0,0.0,0.0,0.0,0.0,0.0,0.0,0.0,0.0,0.0,0.0,0.0,0.0,0.0,0.0,0.01760962952482909,0.0,0.0,0.0,0.0,0.0,0.10607276635837395,0.0,0.01636212583203781,0.0,0.030446250290887614,0.0,0.0,0.0,0.020450099955610986,0.0,0.0,0.0,0.0,0.0009010785513963773,0.028009975643863403,0.021136734782300236,0.0,0.0,0.0,0.0,0.0,0.0,0.06297640909969168,0.0,0.0,0.0,0.0,0.0,0.0,0.0,0.0,0.0,0.0,0.05761487951317612,0.0,0.0,0.0,0.0,0.0,0.0,0.0,0.0,0.0,0.0,0.03213024613045977,0.0,0.0,0.0,0.03841406875171514,0.0,0.0,0.0,0.0,0.0,0.0852005165403949,0.008052172910789357,0.0,0.0,0.023556438764625817,0.0,0.0,0.0,0.0,0.0,0.0,0.0,0.0,0.0,0.0,0.0,0.019046924319944765,0.0,0.015345116145912942,0.0,0.0,0.0,0.0,0.0,0.04437516782973593,0.0,0.0,0.0,0.0,0.0,0.0,0.0,0.0,0.0,0.0033055265201542942,0.0497154392277508,0.0,0.0,0.013056278224661369,0.0,0.0,0.0,0.0,0.002394205810833346,0.0,0.0,0.0,0.07628679493612982,0.0,0.0,0.0,0.0,0.0,0.0,0.04605831287557972,0.0,0.0,0.0,0.0,0.0,0.0,0.0,0.0,0.0,0.0,0.0,0.01733373809719341,0.0,0.0,0.0,0.0,0.045186759780235015,0.0,0.0,0.0,0.0,0.00837297109616191,0.0,0.0,0.0,0.0,0.0,0.0,0.0,0.0,0.0029546702585466875,0.0,0.014154687892115981,0.0,0.0,0.050557902170410327,0.0,0.0,0.0,0.0,0.0,0.005747127951747718,0.0,0.0,0.0,0.0,0.0,0.0,0.0,0.01930852241294379,0.0,0.04807723007641541,0.0,0.0,0.047781419586298064,0.0,0.0,0.0,0.0,0.004800815728038018,0.0,0.0,0.0,0.007736307580835072,0.0,0.010822417894854703,0.0,0.0,0.0,0.0,0.0,0.030478610754808146,0.06948913019800505,0.0,0.0,0.0,0.0,0.0,0.0,0.0,0.0,0.0,0.04348993676836907,0.0,0.0,0.01773522299572891,0.041123737222320364,0.0,0.04104158085040197,0.0,0.0,0.0,0.0,0.0,0.0,0.0,0.0,0.0,0.0,0.03523192538697319,0.0,0.0,0.0,0.0,0.01118806339895023,0.0,0.0,0.0,0.0,0.0,0.0,0.0,0.037023065293718946,0.0,0.0,0.0,0.0,0.0,0.0,0.0,0.0,0.0,0.008329408126327521,0.0,0.0,0.0,0.0,0.0,0.0,0.0,0.0,0.027148205510924124,0.0,0.006807924960847675,0.0,0.0,0.0,0.057110253939873803,0.0,0.0,0.0,0.0,0.0,0.0,0.0,0.0,0.0,0.0,0.0,0.0,0.0,0.005526085913762261,0.0034567213067175284,0.03024967731362432,0.0,0.039977366098002766,0.0,0.0,0.0,0.0,0.0,0.0,0.0,0.0,0.0,0.0,0.0,0.0,0.0,0.0,0.0,0.0,0.0,0.0,0.0,0.0,0.0,0.0,0.013973298669226981,0.0,0.0,0.0,0.021394758376169234,0.0,0.0,0.0,0.0,0.0,0.0,0.03995725007094563,0.0,0.0,0.036099832889465354,0.0,0.0,0.0,0.0,0.0,0.049139281714897,0.0,0.0,0.0,0.0,0.0,0.0,0.0,0.0,0.03089766745751169,0.0,0.0,0.0,0.04693954404095237,0.0,0.0,0.0,0.0,0.0,0.026055448377144314,0.0,0.0,0.0,0.03559663152155492,0.0,0.0,0.0,0.0,0.0,0.0,0.0,0.0,0.0,0.0,0.028664168423671865,0.022203972766112315,0.008576528157558454,0.0,0.0,0.06266325174128243,0.0,0.0,0.0,0.0,0.0,0.0,0.05369288359129979,0.0,0.0010538098656056977,0.0523285088115308,0.0,0.0,0.0,0.0,0.0012500487897835202,0.0,0.0,0.0,0.0,0.036663666713437223,0.0,0.0,0.0,0.0,0.0,0.0,0.0,0.0,0.0,0.0,0.0,0.0,0.0,0.0,0.0,0.0,0.0,0.0,0.0,0.0,0.037369289391390365,0.0,0.04268932355337857,0.04787565023633419,0.009574642064617427,0.0,0.02591645898417064,0.00039411212987017935,0.0,0.03914835268907668,0.0,0.023830247495833276,0.0,0.0,0.0,0.0,0.0,0.0,0.0,0.01902503910812096,0.06949997373889379,0.0,0.0,0.0,0.0,0.0,0.0,0.0,0.0,0.0,0.0,0.0,0.0,0.0,0.0,0.0,0.0,0.0037573469396962,0.0,0.0,0.0,0.0,0.0,0.0,0.0,0.0,0.0,0.0,0.0,0.0,0.0,0.0,0.0,0.0,0.0,0.018067553515268925,0.0,0.0,0.0,0.0,0.030011515674164803,0.0,0.0,0.0,0.0,0.0,0.0,0.0,0.0,0.0,0.0010686732611771353,0.0,0.0,0.0,0.0,0.0,0.0,0.0,0.0,0.0,0.0,0.0,0.0,0.0,0.0,0.0,0.0,0.0,0.0,0.0,0.028195621166335987,0.0,0.0,0.0,0.06998371407437085,0.0,0.0,0.0,0.0,0.0,0.0,0.0,0.0,0.0,0.0,0.0,0.0,0.09930797256040674,0.0,0.0,0.0,0.0,0.0,0.0,0.0,0.005521282425609539,0.0,0.0,0.0,0.0,0.0,0.0,0.0,0.0,0.0,0.0,0.0,0.0,0.0,0.04993886931553,0.0,0.0,0.005477701973712238,0.010386799851219418,0.0,0.0,0.0,0.0,0.0,0.0,0.0,0.015758135709557624,0.0,0.0,0.0,0.0,0.0,0.003637107059195392,0.0,0.0,0.0,0.0,0.0,0.028020308708515115,0.0,0.0,0.0,0.0,0.0,0.00845428832906054,0.0,0.0,0.0,0.0,0.0,0.0,0.0,0.03628665320656561,0.0011359037391491832,0.0,0.027817547080981057,0.06855032477210966,0.0,0.0,0.0,0.0,0.0,0.06283001197392687,0.0,0.0,0.0,0.0,0.0,0.007351643340497839,0.0,0.0,0.0,0.0,0.0,0.0,0.0,0.0,0.0,0.01327077031640922,0.0,0.0,0.03249435554396078,0.0,0.0,0.0,0.0,0.0,0.0,0.0,0.0,0.014365055382487515,0.028494091260957637,0.0,0.0,0.049652583053286986,0.0,0.0142477623950582,0.0,0.0,0.025423613990329136,0.0,0.0,0.009193567474531409,0.0,0.0,0.0,0.0,0.0,0.007527029222982939,0.0,0.10206184967170324,0.0,0.0,0.0,0.0,0.0,0.0,0.0,0.0,0.0,0.0,0.0,0.0,0.0,0.0,0.0,0.011190536528116813,0.09970578972214336,0.0,0.0,0.0,0.031179072727789737,0.0,0.028563038186139905,0.0,0.0,0.0,0.0,0.0,0.0,0.0,0.0,0.0,0.0,0.0,0.0,0.0,0.0,0.0,0.0,0.0,0.0,0.0,0.0,0.0,0.0,0.0,0.0,0.027234503966281746,0.0,0.0,0.0,0.0,0.0,0.011561266981577941,0.08545820680959772,0.0,0.0,0.041110697934329914,0.0,0.0,0.0,0.014435846082571544,0.0,0.0,0.0,0.0,0.03616657940566246,0.0,0.0,0.0,0.0,0.0,0.04355463438679292,0.0,0.0,0.0,0.0,0.0,0.0,0.0,0.0,0.0,0.0,0.0,0.0,0.0,0.0,0.0,0.0,0.0,0.0,0.0,0.0,0.0,0.0,0.0,0.02149038759123829,0.0,0.0,0.0,0.0,0.0,0.03520972316707525,0.0,0.0,0.0,0.0,0.0,0.0,0.0,0.0,0.016754162258304933,0.0,0.0,0.0,0.0,0.0,0.0,0.0,0.0,0.0,0.0,0.0,0.0,0.0,0.0,0.0,0.0,0.007076645829012381,0.0,0.0,0.0,0.0,0.0,0.0,0.0,0.0,0.0,0.008881162427562792,0.0,0.0,0.09652626400495473,0.0,0.0,0.03948674948444708,0.0,0.0,0.0,0.0,0.0,0.0,0.0,0.0,0.0,0.0,0.0,0.0,0.0,0.045531412823186096,0.0,0.0,0.02265396805828623,0.0,0.0,0.0031969972908626456,0.0,0.0,0.0,0.0,0.0,0.008024903223588729,0.0,0.0,0.0,0.009351829093659008,0.0,0.0,0.0,0.0,0.0,0.0,0.0,0.0,0.0,0.0,0.0,0.0,0.04689601603524381,0.0377253384084182,0.0,0.0,0.0,0.0,0.0,0.0,0.0,0.0,0.0,0.0,0.0,0.0,0.019652498317324758,0.0,0.0,0.0,0.0,0.0,0.0,0.0,0.07328305485793153,0.022056668904017807,0.0,0.07509729206619632,0.0,0.0,0.0,0.0,0.0,0.0,0.0,0.0,0.0,0.0,0.0,0.0,0.0,0.0,0.0,0.008171732156307466,0.005952917472578094,0.0,0.0,0.0,0.0,0.0,0.0,0.0,0.0,0.0,0.01601203703299203,0.0,0.0,0.0015862105034106454,0.0,0.0,0.0,0.0,0.0,0.0,0.0,0.020974326417849964,0.0,0.0,0.0,0.0,0.0,0.0,0.0,0.0,0.0,0.0,0.0,0.0,0.0,0.0,0.0,0.01768598068638992,0.0,0.0,0.0,0.0,0.0,0.031128901538174703,0.0,0.015974827044819773,0.0,0.0,0.0,0.0,0.0,0.0,0.0,0.0,0.0,0.0,0.0,0.010053366796245104,0.035096134046041505,0.0,0.0,0.0,0.0,0.0,0.0,0.0,0.0,0.0,0.0,0.0,0.04015675537289466,0.0,0.0,0.0,0.0,0.05634846489019775,0.0,0.0,0.0,0.0,0.0,0.0,0.0,0.0,0.0,0.0,0.0,0.0,0.0,0.0,0.0,0.0,0.0,0.01815261307510153,0.0,0.0,0.0,0.0,0.05430252741292564,0.014193479424246319,0.0,0.0,0.041620372327401144,0.0,0.0,0.0,0.0,0.0,0.0,0.0,0.0,0.0,0.0,0.0,0.016872194154259983,0.0,0.0,0.0,0.0,0.0,0.032055299361286184,0.02288687342416361,0.0,0.027076892679894462,0.0,0.0,0.0,0.0,0.04365976918220253,0.0,0.0,0.0,0.0,0.0,0.0,0.024343872835122564,0.0277921654565749,0.0,0.0,0.0,0.0,0.029427456268874885,0.0,0.0,0.0,0.0,0.0,0.0,0.0,0.0,0.0,0.0,0.0,0.047514550068595715,0.0,0.0,0.0,0.0,0.0,0.0,0.0,0.0,0.0,0.0,0.0,0.0008059705931698035,0.0,0.0,0.0,0.0,0.0,0.0,0.034002603039610134,0.0,0.0,0.0,0.0,0.0,0.0,0.022965801441797634,0.0,0.0,0.0,0.0,0.0,0.0,0.0,0.03668910894232814,0.0051672275292245105,0.0,0.0,0.0,0.0,0.0,0.045043882376469765,0.0,0.0,0.0,0.0,0.0,0.0458146175804732,0.0,0.0,0.0,0.0,0.0,0.0,0.0,0.008332902207968153,0.07476227513632219,0.0,0.0,0.0,0.0,0.0,0.0,0.0,0.054975297798255,0.0,0.01543278985688629,0.0,0.031116468295031858,0.0,0.0,0.0,0.021681501502989673,0.0,0.0,0.0,0.0,0.0,0.0,0.0,0.0,0.0,0.0,0.09749446260595909,0.0,0.0,0.0,0.0,0.011535561356272487,0.0,0.0,0.0,0.025734880955002197,0.0,0.0,0.0,0.0,0.0,0.0,0.0,0.0,0.0,0.041617659111237236,0.0,0.0,0.0,0.0,0.0,0.0,0.0,0.0,0.0,0.0,0.0,0.0,0.0,0.0,0.0,0.0,0.0,0.02686517557426614,0.0,0.01683706569704509,0.0,0.0,0.0,0.0,0.0,0.0,0.0,0.0,0.0,0.0,0.0,0.0,0.0,0.0,0.0,0.0,0.028352889804290196,0.0,0.0,0.0,0.0,0.0,0.0,0.0,0.0,0.0,0.0,0.003125752639878342,0.0,0.0,0.0,0.0,0.0,0.0,0.0,0.0,0.0,0.0,0.0020347067086898796,0.0,0.06304946081324564,0.0,0.0,0.0,0.0,0.0,0.0,0.0034798494932143592,0.08874608402177173,0.0,0.0,0.0,0.0,0.0,0.0,0.0,0.0,0.0,0.0,0.0,0.0,0.0,0.0,0.0,0.0,0.0,0.031120444881608852,0.0,0.0,0.0,0.049002474083374714,0.0,0.0,0.012542803231113122,0.0,0.0,0.0,0.042916655637599686,0.0,0.0,0.0,0.035874353903912894,0.0,0.0,0.03521341770970393,0.0,0.0,0.020852835404380106,0.0,0.0,0.0,0.0,0.03902328834194766,0.0,0.0,0.0,0.03310695266874786,0.0,0.0,0.0,0.0,0.0,0.0,0.0,0.0,0.01304581695821497,0.0,0.0,0.0,0.0,0.1517460309709678,0.0,0.0,0.0,0.0,0.0,0.0,0.0,0.0,0.0,0.0,0.01400094480351564,0.0,0.0,0.041035016918514036,0.0,0.0,0.0,0.0,0.0896693140950836,0.014969276268198137,0.0,0.0,0.0,0.0,0.0,0.0,0.0,0.0,0.0,0.023840494315641288,0.0,0.045665218201771,0.002077908673925141,0.0,0.01588885375583231,0.0,0.07028591134480529,0.0,0.0,0.0,0.0,0.0,0.0,0.0,0.0,0.0,0.0,0.02208712731949354,0.0,0.0,0.0,0.0,0.0,0.0,0.0,0.0,0.0,0.0,0.07344660305288365,0.0,0.0,0.0,0.05149425078373119,0.0,0.0,0.0,0.0,0.0,0.0,0.0,0.0,0.0,0.0,0.0,0.0,0.0,0.0,0.0,0.0,0.0,0.0,0.0,0.0,0.0,0.0,0.0,0.0,0.0,0.0,0.0,0.0,0.0,0.0,0.0,0.0,0.05213650448004178,0.0,0.0,0.0,0.0,0.0,0.003877210081741259,0.0,0.0,0.0,0.05022268477954815,0.0,0.019386253492003788,0.0,0.0,0.0001319101772814119,0.0,0.0,0.0,0.0,0.0,0.005191883065284398,0.0,0.0,0.032223222733849685,0.046817756997883875,0.007792013008832541,0.0,0.0,0.0,0.0,0.0,0.0,0.0,0.0,0.0,0.0,0.018148440689419926,0.0,0.0,0.0,0.023927415132438568,0.0,0.0,0.0,0.0,0.0,0.0,0.01564438109166165,0.0,0.03929409715115946,0.0,0.02632086804909585,0.02340486694823912,0.0,0.0,0.0,0.0,0.0,0.0,0.0,0.0,0.0,0.0,0.0037409406063889416,0.0,0.0,0.0,0.0,0.0,0.0,0.0,0.03249945331350585,0.018684223960714442,0.0,0.0,0.0,0.0,0.0,0.004388656573256311,0.0,0.0,0.01629286539519399,0.02283475123632762,0.0,0.0,0.0,0.028749895798307702,0.03276328095226155,0.0,0.0,0.0,0.0,0.0,0.0,0.0,0.0,0.04833950297704283,0.0,0.0,0.0,0.0,0.0,0.0,0.0,0.0,0.0,0.05619754107560965,0.0,0.0019913535236104314,0.0,0.0,0.0,0.0,0.0,0.0,0.10036260248044686,0.0,0.0,0.0,0.0,0.0,0.0,0.0,0.0,0.0,0.0,0.0,0.0,0.0,0.0,0.0,0.0,0.0,0.0,0.0,0.0,0.0,0.0,0.0,0.0,0.0,0.025269214741634176,0.0,0.04462608438229587,0.0,0.0,0.0,0.05030819770754561,0.0,0.0,0.0,0.0,0.0,0.0,0.0,0.0,0.0,0.0,0.0,0.0,0.0,0.015745189659236034,0.0,0.0,0.0,0.0,0.0,0.0,0.0019455834433334321,0.0,0.0,0.0,0.0,0.0,0.0,0.0,0.0,0.0,0.036261189999199195,0.0,0.021279125019245674,0.0,0.0,0.0,0.0,0.016172260139578325,0.0,0.0,0.0,0.0,0.0,0.0,0.0,0.0,0.0,0.0,0.0,0.01788317019773857,0.0,0.0,0.0,0.0,0.0,0.001687756814039906,0.0,0.0,0.0,0.0,0.0,0.0,0.0,0.0,0.0,0.0,0.0,0.006122712591344013,0.08761358200069747,0.02944583108246601,0.0,0.030497799067060096,0.0,0.03153292133583241,0.0,0.0,0.0,0.0,0.0,0.0,0.011618852896809286,0.01518897568375197,0.0,0.0,0.02948520301908502,0.0,0.0,0.002631672829659834,0.0,0.0,0.0,0.0,0.0,0.0,0.0,0.0,0.0,0.0,0.0,0.0,0.0,0.0,0.0,0.0,0.0,0.0,0.0,0.0,0.0,0.021856776665743,0.0,0.0,0.0,0.03559627721841324,0.0,0.0,0.0,0.0,0.0,0.05473086126368103,0.0,0.0,0.0,0.0,0.0,0.0,0.0,0.0,0.0,0.021265722104346657,0.0,0.02889514843168723
n000362_5.jpg,0.0,0.017196805558381968,0.0,0.000590075434910832,0.0,0.0,0.0,0.0,0.03028005014345345,0.0,0.0,0.004399605478520392,0.0,0.0,0.008327745915465614,0.0,0.0,0.0,0.0,0.0,0.0,0.0,0.0,0.0,0.0,0.0,0.0,0.011230031398674673,0.0,0.0,0.0,0.0,0.0,0.0,0.0,0.0,0.0,0.0,0.0,0.0,0.020272410770687768,0.0,0.0,0.0,0.0,0.0,0.0,0.0,0.0,0.0,0.0,0.06207514705075909,0.0,0.04503316264970911,0.0,0.0,0.0,0.0,0.0,0.0,0.0,0.008662452564531504,0.0,0.0,0.0,0.04378780231326235,0.0,0.0,0.0,0.0,0.004334491375545883,0.0,0.0011181313914254618,0.0,0.0,0.0,0.0,0.0,0.0,0.0,0.0,0.0,0.0,0.0,0.0,0.0,0.0,0.0,0.0,0.004052238193086951,0.0,0.0,0.04058261914663535,0.0,0.0,0.05335450585955669,0.0,0.030936025566759805,0.0,0.0,0.0,0.0,0.0,0.0,0.0,0.0,0.0,0.0,0.0,0.0,0.041162307602371204,0.0,0.0,0.0,0.0,0.0,0.0,0.0,0.0010642015176270641,0.03409890680150143,0.0,0.0,0.016087646255906356,0.0,0.0,0.0,0.0,0.0,0.0,0.0,0.0,0.0,0.0,0.0,0.0,0.0,0.0,0.0,0.0,0.0,0.0048287191769922745,0.0,0.0,0.0055016777300097896,0.02894343124040654,0.0,0.0,0.0,0.0,0.0,0.014333449197323083,0.0,0.0,0.0,0.0,0.0,0.0,0.0,0.006415217526629344,0.004661941493148094,0.0,0.0,0.0,0.0,0.0,0.0,0.0,0.0,0.0,0.0,0.0,0.0,0.0,0.0,0.019844588681452304,0.0,0.0,0.0,0.0030612465594344407,0.0,0.0,0.0,0.0,0.0,0.0,0.0,0.0,0.0,0.0,0.0,0.0,0.01050558981537014,0.0022032323718959987,0.0,0.0,0.0,0.0,0.0,0.041656965281413494,0.0,0.0,0.0,0.0,0.0,0.0,0.0,0.008742705276452236,0.0,0.0,0.0,0.0,0.0,0.0,0.0,0.0,0.0,0.05411162011659841,0.0,0.0,0.15591884532610867,0.0,0.0,0.0,0.0,0.0,0.0,0.0,0.0,0.0,0.0,0.0,0.0,0.0,0.0,0.0,0.0,0.0,0.0,0.0,0.0,0.03943230227608139,0.0,0.0,0.0,0.0,0.0,0.0,0.11684167926125422,0.0,0.0,0.0,0.0,0.0,0.0,0.0,0.0,0.0,0.0,0.0,0.0,0.0,0.0,0.0,0.0,0.0,0.0,0.0,0.0,0.0,0.0,0.0,0.0,0.05659383810711231,0.0,0.03288035896834659,0.018364975690194657,0.0,0.0,0.016628977771395548,0.02685968902858126,0.0,0.0,0.0,0.0,0.0,0.0,0.0,0.0,0.0,0.0,0.0,0.0,0.0,0.0,0.0,0.0,0.0,0.0,0.0,0.0,0.03157545218496051,0.0,0.0,0.0,0.0,0.0,0.0,0.0,0.0,0.051659594356682124,0.0,0.0,0.0,0.0,0.0,0.007460446618911802,0.0,0.0,0.0,0.0,0.0,0.0,0.0,0.0,0.02635066059091922,0.0,0.0,0.0,0.0,0.0,0.0,0.0,0.0,0.0,0.0,0.01237359869686081,0.0,0.0,0.0,0.0,0.00831618863159421,0.0,0.06725170341386721,0.0020142191458757974,0.0002451260874262887,0.0,0.0,0.0,0.0,0.0,0.0,0.0,0.0,0.0,0.0,0.0,0.0,0.0,0.0,0.0,0.0,0.016646578047218523,0.0,0.0,0.0,0.0,0.0,0.0,0.0,0.0,0.0,0.0,0.0,0.0,0.0,0.0,0.0,0.0,0.0,0.0,0.0,0.0,0.0,0.02932115826046635,0.01705271058823598,0.0,0.0,0.0,0.011915272098130474,0.0,0.0,0.0,0.0,0.0,0.0,0.016785530297803435,0.0,0.0,0.0,0.0,0.0,0.0,0.0,0.0,0.0,0.0,0.0,0.0,0.0,0.0,0.0,0.0,0.0,0.020288163066960553,0.0,0.0,0.0,0.0,0.0,0.08300262407834348,0.0,0.007210497008392197,0.0,0.0,0.0,0.0,0.0,0.0,0.0,0.0,0.0,0.0,0.0,0.0,0.0,0.03335606250419491,0.0,0.0,0.0,0.0,0.0,0.0,0.0,0.0,0.0014899070773429393,0.0,0.0,0.0,0.0,0.0,0.0,0.0,0.0,0.0,0.0,0.0,0.0,0.0,0.0,0.0,0.0,0.0,0.0,0.0,0.0,0.0,0.052320676923472656,0.0,0.0,0.0,0.0,0.0,0.0,0.0,0.0,0.007773015065900974,0.0,0.0,0.0,0.0,0.05046557820500003,0.0,0.0,0.0,0.0,0.0,0.01732776307390748,0.035277071834474906,0.0,0.0,0.0673515615088341,0.0,0.0,0.0,0.0,0.0,0.0,0.0,0.0,0.0,0.0,0.0,0.0,0.0,0.0,0.0,0.0,0.0,0.0,0.0,0.0,0.06490682884468277,0.0,0.0,0.0,0.0,0.0,0.0,0.0,0.0,0.0,0.0,0.0,0.0,0.0,0.0,0.0,0.0,0.0,0.0,0.0,0.051728066446026455,0.0,0.0,0.0,0.0,0.0806406492748614,0.0,0.0,0.0,0.0,0.0,0.0,0.0,0.0,0.02383317484950299,0.0916728381569858,0.0,0.0,0.0,0.0,0.0,0.0,0.0,0.0,0.0,0.0,0.0,0.0,0.00021473522373263127,0.0,0.0,0.0,0.0,0.018968187838557693,0.042491520752076316,0.0,0.0,0.0,0.0,0.0,0.0,0.0,0.006353295388332444,0.0,0.0,0.012215500587556393,0.0,0.0,0.0,0.0,0.0,0.0,0.0,0.0,0.0,0.0,0.0644971979894366,0.0,0.005817698538795007,0.0,0.0,0.0,0.0,0.0,0.0,0.0,0.0,0.008031552346095013,0.0,0.0,0.0,0.0,0.0,0.0,0.0,0.0,0.0,0.0,0.0,0.0,0.0,0.0,0.0,0.0,0.0,0.05889733374596214,0.0,0.0,0.0,0.0,0.0,0.0,0.0,0.0,0.0,0.0,0.0,0.0,0.0,0.08330423015252501,0.0,0.0,0.0,0.0,0.0,0.0,0.0,0.0,0.0,0.027543429603461022,0.0,0.0,0.0,0.0,0.0,0.0,0.0,0.0,0.0,0.0,0.0,0.0,0.0,0.0,0.0,0.0,0.0,0.0,0.0,0.004528700685242514,0.0,0.0,0.0,0.0,0.0,0.0,0.0,0.07969724286757032,0.0,0.0,0.0,0.0,0.0,0.0,0.0,0.0,0.0,0.0,0.034997827301075105,0.0,0.0,0.0,0.08721386707658368,0.0,0.0,0.0,0.01393714158287677,0.0,0.0,0.0,0.0,0.0,0.02581991888765457,0.0,0.0,0.0,0.0,0.0,0.0,0.0,0.0,0.0,0.0,0.0,0.0,0.0,0.0,0.0,0.0,0.0,0.0,0.0,0.0,0.0,0.0,0.0,0.0,0.0,0.0,0.0,0.0,0.0,0.0,0.05630239097933507,0.0,0.0,0.0,0.0,0.0,0.0,0.0,0.0,0.0,0.0,0.0,0.0,0.0,0.0,0.0,0.04688532831828602,0.0,0.0,0.0,0.0,0.0,0.0,0.0,0.0,0.013257575267686861,0.017068970831828977,0.0,0.0,0.007112594609430569,0.0,0.0,0.0,0.0,0.02012998787615618,0.019644678799544284,0.0,0.0,0.0,0.0,0.0,0.0,0.0,0.0,0.0,0.0,0.0,0.0,0.0,0.05113055832866006,0.026349844317599187,0.0,0.0,0.028295885370877277,0.0,0.0,0.0,0.0,0.0,0.0,0.0,0.0,0.0,0.0,0.0,0.0,0.0,0.0,0.0,0.0,0.0,0.0,0.05148642187301478,0.08381287318268728,0.0,0.0,0.0,0.0,0.0,0.0,0.0,0.006894158979587936,0.0,0.0,3.4321031966986127e-06,0.0,0.0,0.0,0.0,0.0,0.0,0.0,0.0,0.0,0.0,0.0,0.031356777898935324,0.0,0.0,0.0,0.0,0.0,0.0,0.0,0.0,0.07749553433763497,0.0,0.002424154374224349,0.0,0.0,0.0,0.0,0.0,0.0,0.0,0.0,0.0,0.0040066052039455305,0.0,0.0,0.0,0.0,0.0,0.0,0.08191526105231658,0.0,0.0,0.0,0.07408102944031061,0.0,0.0,0.0,0.0,0.0,0.0,0.0,0.0,0.029725822300087232,0.0,0.0,0.0,0.0,0.0,0.0,0.0,0.0,0.0,0.0,0.0,0.012702971899064453,0.0,0.0,0.0,0.0,0.0,0.0,0.0,0.0,0.0,0.0,0.0,0.0,0.0,0.01933419649417568,0.0,0.0,0.0,0.043258181256420114,0.0,0.0,0.0,0.0,0.013966214155276331,0.0,0.0,0.0,0.0,0.0,0.0,0.0,0.0,0.0,0.0,0.0,0.0,0.0,0.0,0.0,0.0,0.0,0.11247150606879984,0.0,0.0,0.0,0.0,0.0069887977676059716,0.047800716588567944,0.02057748353591853,0.0,0.07409382101640564,0.0,0.0,0.0,0.0,0.0,0.0,0.0,0.0,0.009778749811547789,0.0,0.0,0.0,0.0,0.035142270126195245,0.0,0.0,0.0,0.0,0.01902348492075593,0.0,0.0,0.0,0.0,0.0,0.0,0.0,0.01366773976408656,0.0,0.03321785339832751,0.0,0.0,0.0,0.0,0.0,0.0,0.0,0.0,0.0,0.0,0.0,0.0,0.0,0.0,0.06798722694512677,0.0,0.0,0.0,0.0,0.0,0.0,0.0,0.0,0.0,0.0,0.029017382045593797,0.0,0.0,0.010452666448080766,0.0,0.0,0.048992341237302735,0.0,0.0,0.0,0.03387686464686285,0.0,0.0,0.0,0.0,0.0,0.0,0.0,0.0,0.0,0.0,0.0,0.0,0.00860671275782071,0.0,0.0,0.0,0.0,0.0,0.0,0.0397613651758365,0.0,0.0,0.0,0.0,0.0,0.0,0.0,0.0,0.0,0.0,0.0,0.0,0.0,0.0,0.0,0.0,0.0,0.0,0.0,0.0,0.0,0.0,0.0,0.0,0.0,0.0,0.0,0.0,0.0,0.0,0.0,0.0,0.0,0.0,0.0,0.0,0.043942637305735346,0.0,0.0,0.0,0.0,0.0,0.0,0.0,0.0,0.0,0.0,0.0,0.0,0.0,0.0,0.0,0.0,0.0,0.0,0.0,0.0,0.0,0.0,0.0,0.0,0.0,0.0,0.0,0.0,0.0,0.0,0.0,0.0,0.0,0.022305613212376115,0.017736362222923484,0.0,0.0,0.03170316437169306,0.0,5.049338535610867e-05,0.0,0.023457438113300984,0.05729583316234031,0.026309291542828177,0.0,0.031574626029396896,0.0,0.018608634264448733,0.10956608692615032,0.0,0.0,0.0,0.0,0.007623892504331662,0.0,0.0,0.0,0.0,0.0,0.0,0.10743293744930284,0.0,0.0806456062082431,0.0,0.0,0.0,0.0,0.0,0.0,0.0,0.0,0.0,0.0,0.0,0.0,0.0,0.0,0.0,0.0,0.0,0.0,0.040968785602715836,0.0,0.014259480604097373,0.0,0.0,0.0,0.0,0.0,0.0,0.0,0.0,0.0,0.0,0.0,0.0,0.07362293606252886,0.0,0.0,0.0,0.0,0.0,0.0,0.0,0.0,0.0,0.0,0.0,0.0,0.0,0.0,0.0,0.0,0.0,0.0,0.0,0.0,0.0,0.0,0.0,0.011895164697110253,0.0,0.0,0.0,0.0,0.0,0.0042618173562296675,0.0,0.0,0.0,0.0,0.0,0.0,0.05988426155399685,0.0,0.0,0.0,0.0,0.0,0.0,0.0,0.0,0.0,0.0,0.032912553341494316,0.0,0.0,0.03580046312496183,0.0,0.0,0.0,0.0,0.0,0.0,0.0,0.07237647682059556,0.009674974395224231,0.0,0.0,0.0,0.0,0.0,0.0,0.06790724401845588,0.0,0.0,0.0,0.0,0.0,0.0,0.0,0.0,0.0,0.0,0.0,0.0,0.0,0.0,0.0,0.011500724826701303,0.0,0.0,0.0,0.0,0.0,0.0,0.0,0.0,0.0,0.0,0.0,0.0,0.0,0.0,0.0,0.0,0.0,0.0,0.0,0.0,0.10107814094816998,0.0,0.0,0.0,0.010122783322108192,0.0,0.020076722583238803,0.0,0.0,0.0,0.0,0.0,0.0,0.0,0.0,0.0,0.0,0.0,0.0,0.0,0.0,0.0,0.0,0.0,0.0,0.0,0.0,0.0,0.0,0.0,0.0,0.0,0.0,0.0,0.08156067034093548,0.0,0.0,0.0,0.0,0.0,0.013088612619786272,0.0,0.0,0.0,0.0,0.008829261871555154,0.0,0.0,0.0,0.0,0.0,0.0,0.0,0.0,0.02203177426621672,0.019607877324437733,0.0,0.0,0.0,0.0,0.0,0.0,0.011512538060681532,0.0,0.0,0.0,0.0,0.0,0.0,0.0,0.0,0.0,0.0,0.05035994492688269,0.0,0.0,0.0,0.0,0.0,0.0,0.0,0.0,0.0,0.0,0.0,0.0,0.0,0.0,0.0,0.0,0.0,0.0,0.0,0.0,0.025600197083809485,0.0,0.0,0.0,0.0,0.0,0.0018194589010993624,0.0,0.0,0.0,0.0,0.030954450021697683,0.0,0.0,0.0,0.0,0.0,0.0,0.0,0.0,0.0,0.0,0.0,0.0,0.0,0.08926121496173807,0.0,0.0,0.035704067768146754,0.004782543899734187,0.0,0.0,0.0,0.0,0.0,0.0,0.02611570432036515,0.0,0.0,0.0,0.0,0.03366830187247274,0.0,0.0,0.0,0.0,0.0,0.0,0.0,0.0,0.0,0.0,0.0,0.0,0.0,0.0,0.0,0.0,0.0,0.0,0.0,0.0,0.0,0.05142909695443313,0.0,0.0,0.04261479581143968,0.0,0.0,0.0,0.0,0.0,0.0,0.0,0.0,0.0,0.0,0.0,0.0,0.0,0.0,0.0,0.0,0.0,0.0,0.0,0.0,0.0,0.0,0.002077162614047097,0.0,0.0,0.0,0.0,0.0,0.0,0.009991621244140492,0.0,0.0,0.0,0.0,0.0,0.02251532232702196,0.008242040181535272,0.0,0.0,0.0,0.0,0.0,0.0,0.0,0.0,0.0,0.0,0.026789278043045768,0.0030968757533958494,0.0,0.008043817692719207,0.0,0.0029160978950663156,0.0,0.0,0.0,0.0,0.0,0.0,0.01743845606073979,0.0,0.0,0.0,0.0,0.0,0.0,0.0,0.0,0.0,0.0,0.0,0.0,0.0,0.0,0.0,0.0,0.0,0.0,0.0,0.0,0.0,0.0,0.0,0.0,0.0,0.0,0.0,0.0,0.0,0.0,0.011342434013647,0.0,0.0,0.0,0.0,0.0,0.03094803249271428,0.0,0.0,0.0,0.0,0.0,0.062111632294070955,0.0,0.0,0.0,0.0,0.0,0.012116279897300668,0.08321993856765153,0.0,0.0,0.0,0.0,0.0758158375369822,0.0,0.0,0.0,0.0,0.05475078386711978,0.0,0.0,0.0,0.0,0.0,0.0,0.04893342725395278,0.0341000452359623,0.0,0.0,0.0,0.0,0.0,0.005177407224280708,0.0,0.0,0.0,0.0,0.0,0.005847734629944002,0.0,0.0,0.0,0.0,0.0,0.0,0.0,0.0,0.056778809989618866,0.0,0.0,0.0,0.0,0.0,0.0,0.0,0.0,0.0,0.0,0.0,0.0,0.0,0.0,0.0,0.0,0.0,0.0,0.0,0.0,0.0,0.0,0.0,0.025890236980100373,0.0,0.0,0.0,0.0,0.0,0.0,0.0,0.0,0.0,0.0,0.0,0.017596014599544522,0.0,0.0,0.0,0.0,0.0,0.0,0.0,0.0,0.0,0.0,0.0,0.0,0.0,0.0,0.0,0.0,0.0,0.0,0.02691188506274286,0.0,0.0,0.0,0.0,0.0,0.0,0.05869695346925952,0.0,0.0,0.0,0.0,0.0,0.0,0.0,0.0,0.0,0.0,0.0,0.0,0.0,0.0,0.0,0.0,0.0,0.0,0.0,0.0,0.0,0.0,0.0,0.028808623602780727,0.0,0.0,0.008439456773387068,0.0,0.0,0.0,0.0,0.0,0.0,0.0,0.0,0.0,0.04452161423993316,0.0,0.0,0.0,0.08626615201109,0.014809090475036821,0.0,0.0,0.0,0.0,0.0,0.0,0.0,0.0,0.0,0.0,0.0,0.0,0.0,0.0,0.0,0.0,0.0,0.0,0.0490150862091355,0.0,0.0,0.0,0.0,0.0,0.0,0.0,0.0,0.056933882155937886,0.0,0.0,0.0,0.0,0.028987035651996267,0.0,0.0,0.0,0.02640224787887605,0.0,0.0,0.0,0.0,0.0025254152536679756,0.0,0.02090016250631842,0.0,0.0,0.0,0.0,0.0,0.0,0.0,0.0,0.0,0.0,0.0,0.0,0.0,0.0,0.003757611947548761,0.0,0.0,0.0,0.0,0.0,0.0,0.0,0.0,0.0,0.04072374153791129,0.0,0.008541477103250119,0.0,0.0,0.0,0.0,0.0,0.0,0.0,0.0,0.0,0.0,0.0,0.0028466642634212705,0.0,0.0,0.1433234910596732,0.0,0.0,0.0,0.0,0.0,0.0,0.0,0.0,0.0,0.0,0.0,0.10198593174958459,0.0,0.0,0.0,0.0,0.0,0.0,0.041945510982474496,0.021646738338802235,0.0,0.0,0.0,0.06188911974463777,0.0,0.0,0.0,0.006827924230191009,0.0,0.0,0.0,0.10239485898908758,0.0,0.0,0.0,0.02729269336635214,0.0,0.0,0.0,0.0,0.0,0.0,0.0,0.0,0.0,0.0,0.0,0.0,0.0,0.0,0.1341286563394421,0.005634585506306591,0.0,0.0,0.050237626468698254,0.0,0.0,0.0,0.0,0.0,0.006451748722373876,0.0,0.0,0.0,0.0,0.0,0.0,0.0,0.0,0.0,0.042177115196004894,0.02957758666987958,0.0,0.0,0.0,0.0,0.0,0.0,0.0,0.0,0.0,0.0,0.0,0.0,0.0,0.0,0.0,0.0,0.0,0.0,0.0,0.0,0.0,0.004452002122226743,0.0,0.0,0.0,0.0,0.013959218515043267,0.0,0.0,0.0,0.0,0.0,0.0,0.0,0.0,0.0,0.0,0.0,0.010633318801916784,0.0,0.08234382628626956,0.0,0.0,0.0,0.0,0.0,0.0,0.0,0.0,0.0,0.0,0.05474196100004805,0.0,0.0,0.0,0.0,0.0,0.0,0.0,0.0,0.0,0.0,0.0,0.0,0.0,0.025277031907025266,0.0,0.0,0.0,0.0,0.0,0.0,0.0,0.0,0.0,0.0,0.0,0.0,0.0,0.0,0.0,0.0,0.0,0.0,0.0,0.0,0.0,0.0,0.0,0.0,0.0,0.013800408884200808,0.0,0.0,0.0,0.0,0.0,0.0,0.0,0.0,0.0,0.039696474411566984,0.0,0.0,0.0,0.0,0.04179238759459023,0.0,0.0,0.0,0.0,0.0,0.0,0.0,0.0,0.0,0.0,0.06349835219563967,0.0,0.0,0.0,0.0,0.0,0.0,0.0,0.0,0.0,0.0,0.0,0.0,0.0,0.03798325704067755,0.0,0.0,0.00012726797988345305,0.0,0.0,0.0,0.0,0.0,0.0,0.0,0.0,0.0,0.0,0.0,0.0,0.0,0.040896799387553064,0.0,0.007031533529984673,0.0,0.0,0.0,0.0,0.0,0.0,0.0,0.0,0.0,0.0,0.016955168891165166,0.0,0.0,0.0,0.0,0.03947422670626185,0.0,0.0,0.0,0.0,0.0,0.01462748152002188,0.0,0.0,0.0,0.0,0.0,0.0,0.0,0.0,0.0,0.0,0.0,0.008118449878601578,0.0,0.010183228064989294,0.08224025246771512,0.0,0.0,0.0,0.0,0.0,0.0,0.030493508581315037,0.0,0.0,0.0,0.0,0.0,0.0,0.0,0.0,0.0,0.0,0.0,0.00939566068611934,0.0,0.0,0.0,0.0,0.0,0.0,0.04521080981327125,0.0,0.0,0.0,0.0,0.0,0.0,0.0,0.0,0.0,0.0,0.0,0.0,0.0,0.0,0.0,0.0,0.03303235578046229,0.0,0.0,0.0,0.0,0.0,0.0,0.0,0.0,0.0,0.0,0.0,0.0,0.0,0.0,0.0,0.0,0.0,0.0,0.0,0.0005024404399768165,0.0,0.0,0.0,0.0,0.07263097226316377,0.0,0.015844029187075333,0.0,0.0,0.0,0.0,0.0,0.0,0.0,0.0,0.0,0.0,0.062462744455710525,0.0,0.0,0.0,0.0,0.0,0.0,0.0,0.0,0.0,0.0,0.0,0.0,0.0,0.0,0.0,0.0,0.0,0.0,0.0,0.0,0.02573564311437082,0.023508341550001803,0.04301495157153758,0.0,0.0,0.0,0.0,0.0,0.0,0.0,0.01918913108770975,0.0,0.0,0.0,0.002102411746404036,0.0,0.0,0.0,0.0,0.0,0.0,0.0,0.0,0.0,0.05957075725854028,0.0,0.0,0.0,0.0,0.0,0.0,0.10617734701429798,0.0,0.0,0.0,0.0,0.0,0.0,0.0,0.0,0.0,0.0,0.0,0.06965142838783991,0.040133317012745855,0.04845792136297614,0.0,0.0,0.0,0.0,0.0,0.0,0.0,0.0,0.0,0.0,0.0,0.0,0.0,0.01657216870592897,0.0,0.0,0.0,0.0,0.037236665396603995,0.0894403681792224,0.0,0.0,0.0,0.0,0.0,0.0,0.0,0.0,0.0,0.0,0.0,0.0,0.0,0.0,0.0,0.0,0.0,0.0,0.0,0.0,0.0,0.0,0.0,0.0,0.0,0.0,0.0,0.0,0.0,0.052530536248220974,0.0,0.0,0.0,0.0,0.0,0.0,0.0,0.0,0.0,0.0,0.0,0.0,0.0,0.0,0.05943016850841787,0.0,0.0,0.0,0.0,0.0,0.0,0.0,0.0,0.0,0.0,0.0,0.0,0.0,0.0,0.0,0.0,0.0,0.0,0.0,0.0,0.13014589081286235,0.0,0.02533120438990365,0.0,0.0,0.0,0.0,0.0,0.0,0.0,0.0,0.0,0.0,0.08082600063552157,0.0,0.0,0.0025135867022101914,0.0,0.0,0.0,0.03516273427620885,0.011113568169813709,0.0,0.0,0.0,0.0,0.0,0.0,0.0,0.0,0.02602405836981651,0.0,0.0,0.0,0.0,0.0,0.0,0.03216924260229063,0.0,0.05240755370326769,0.0,0.0,0.0,0.0,0.0,0.0,0.0,0.0,0.0,0.0,0.0,0.0,0.0,0.0,0.0,0.0,0.0,0.0,0.0,0.03179323706906314,0.0,0.0,0.0,0.0,0.0,0.0,0.0,0.020408050493223348,0.0,0.06309210502059664,0.0,0.0,0.0,0.0,0.0,0.0,0.0,0.05507594130421052,0.0,0.0,0.0,0.0,0.0,0.0,0.0,0.0,0.0,0.0,0.0,0.0,0.0,0.0,0.003227510119556168,0.0,0.0,0.0,0.0,0.0,0.011645834703263361,0.05310141764847483,0.0,0.0,0.0,0.0,0.0,0.0,0.0,0.0,0.06104424721167333,0.0,0.0,0.0,0.0,0.0,0.0,0.0,0.0,0.0,0.0,0.0,0.01448493608566985,0.0,0.05671978532514078,0.0,0.0,0.0,0.0,0.0,0.015285804964403774,0.0,0.035374483085930414,0.0,0.0,0.0,0.023226088861655052,0.0,0.0,0.0,0.0,0.0,0.03158797496403006,0.0,0.0,0.0,0.012214915558736224,0.0,0.0,0.0,0.0,0.0,0.0,0.0,0.0,0.0,0.0,0.0,0.0,0.0,0.0,0.0,0.01607424988650398,0.01048557431921525,0.0,0.0,0.0,0.0,0.0,0.0,0.04227653056645922,0.0,0.0,0.018307731806010388,0.0,0.0,0.0,0.0,0.0,0.0,0.0,0.0,0.0,0.0,0.0,0.0,0.0,0.0,0.0,0.0,0.02364165696884644,0.0,0.033055100752295064,0.0,0.0,0.0,0.0,0.0,0.0,0.0,0.0,0.0,0.0,0.0,0.0,0.0,0.0,0.0,0.0,0.0,0.0,0.0,0.0,0.0014630024221296025,0.021662893830613244,0.0,0.0,0.0,0.0,0.0,0.0,0.0,0.0,0.0,0.0,0.0,0.0,0.0,0.0,0.0,0.0,0.0,0.0,0.0,0.0,0.0,0.011884699401154872,0.0,0.0,0.0,0.0,0.0,0.0,0.008116789167567298,0.0,0.0,0.0,0.0,0.0,0.0,0.0,0.0,0.0,0.026766622011405252,0.0,0.14876346850775454,0.0,0.0,0.0,0.0,0.0,0.0,0.0,0.0,0.0,0.0,0.0,0.0,0.04456375212657503,0.0,0.0,0.0,0.0,0.0,0.0,0.0,0.0,0.0,0.0,0.0,0.0,0.0,0.0,0.0,0.0,0.0,0.0,0.0,0.0,0.0,0.0,0.0,0.0,0.0,0.0,0.0,0.0,0.0,0.0,0.0005569747364984163,0.0,0.0,0.0,0.0,0.0,0.0,0.0,0.0,0.0,0.002524352912482703,0.0,0.0,0.0,0.0,0.0,0.0,0.0,0.0,0.0,0.0,0.0,0.0,0.0,0.0,0.0,0.0,0.0,0.001387458599276614,0.0,0.0,0.0,0.0,0.0,0.0,0.0490786567056622,0.0,0.0,0.0,0.0,0.0,0.0,0.0,0.03967169765045336,0.0,0.0686062506832241,0.0,0.0,0.0,0.0,0.0,0.0,0.0,0.0,0.02309634093274421,0.0,0.0,0.03995799019997722,0.0,0.0,0.0,0.06101414985061411,0.0,0.0,0.0,0.0,0.015939314767935937,0.0,0.0,0.000476111178396154,0.0,0.0,0.0,0.0,0.0,0.0,0.0,0.0,0.0,0.0,0.0,0.0016571551559817154,0.0,0.0,0.0,0.0,0.0,0.0,0.0,0.0,0.0,0.0,0.0,0.0,0.0,0.0,0.0,0.0,0.0,0.0,0.0,0.0,0.0,0.0,0.0,0.0,0.0,0.0,0.0,0.0,0.0,0.0,0.0,0.0,0.0,0.0,0.07307106414603304,0.0,0.0,0.0,0.0,0.0,0.0,0.0,0.011203535127177441,0.0,0.0,0.0,0.0,0.0,0.027444729707442172,0.0013015468205675462,0.0,0.0,0.0,0.0,0.0,0.041098519696485654,0.0,0.0,0.0,0.0,0.0,0.0,0.0,0.0,0.0,0.0,0.0,0.0,0.0,0.0,0.0,0.0,0.010329375577127665,0.0,0.0,0.0,0.0,0.0,0.0,0.0,0.0,0.0,0.01441000298547035,0.0,0.0,0.028407629828426914,0.0,0.0,0.0,0.0,0.0,0.0,0.0,0.0,0.0,0.0,0.0,0.0,0.04566859486505319,0.0,0.0,0.0,0.0,0.0,0.0,0.12733305643390194,0.0,0.0,0.0,0.0,0.0,0.0,0.0,0.0,0.06494398212766091,0.0,0.0,0.0,0.0,0.0,0.023946875991282247,0.0,0.0,0.0,0.0,0.0,0.0,0.0,0.0,0.0,0.0,0.0,0.0,0.0,0.0,0.0,0.0,0.0,0.09306867739293377,0.0,0.0,0.0,0.0,0.0,0.0,0.0,0.0,0.0,0.0,0.0,0.0,0.0,0.002705142876560627,0.0,0.0,0.0,0.0,0.0,0.0,0.0,0.0,0.0,0.0,0.0,0.0,0.03436055303552698,0.0,0.0,0.0,0.0,0.04742630604945491,0.0,0.0,0.0,0.0,0.0,0.0,0.0,0.0,0.0,0.0,0.0,0.0,0.0,0.0,0.0,0.0,0.0,0.0,0.0,0.0,0.0,0.0,0.0,0.0006625671268329238,0.0,0.0,0.0,0.0,0.0,0.0,0.0,0.04600081217696028,0.007935523620516898,0.007538964997083553,0.0,0.0,0.0,0.0,0.0,0.0,0.0,0.0,0.0,0.0,0.005519227112278311,0.0,0.0,0.0,0.0,0.0,0.0,0.0,0.0,0.0,0.0,0.0,0.0,0.0,0.0,0.0,0.0,0.04340089666536178,0.0,0.0,0.0,0.0,0.005519567061457597,0.009265281281843486,0.0,0.051484892101707994,0.0,0.0,0.0,0.0,0.0,0.0,0.0,0.0,0.0,0.0,0.0,0.0,0.0,0.0,0.0,0.0,0.0,0.0,0.0,0.0,0.0,0.0,0.02500551331165938,0.0,0.0,0.0,0.0,0.0,0.0,0.0,0.0,0.045600664322657254,0.0,0.0,0.0,0.0,0.0,0.0,0.0,0.003045585673914809,0.0,0.020897891566742835,0.0,0.0,0.0,0.0,0.0,0.0,0.0,0.0,0.0,0.0,0.0,0.0,0.0,0.0,0.0,0.0,0.0038117740540713806,0.0,0.0,0.0,0.0,0.0,0.0,0.0,0.0,0.0,0.0,0.0,0.0,0.0,0.0,0.0,0.0,0.05696443805309939,0.0,0.0,0.0,0.0,0.020462066836653105,0.0,0.0,0.0,0.0,0.0,0.0,0.0,0.0,0.0,0.0,0.0,0.0,0.0,0.0,0.0,0.0,0.0,0.0,0.0,0.0,0.0,0.0,0.0,0.0,0.0,0.0,0.0,0.0,0.0,0.06129914189688233,0.0,0.0,0.0,0.0,0.0,0.014381007494570741,0.022012468315151155,0.0,0.0,0.0,0.0,0.0,0.0,0.0,0.0,0.0,0.06050209546996667,0.0,0.0,0.0,0.0,0.0,0.0,0.0,0.0,0.0,0.0,0.0,0.0,0.0,0.0,0.0,0.0,0.0,0.0,0.0,0.0,0.0,0.024638243681760083,0.0,0.0,0.0,0.06978604035704276,0.0,0.0,0.0,0.0,0.0183911438712049,0.0,0.0,0.0,0.0,0.0,0.0,0.0,0.0,0.0,0.0,0.0,0.0,0.0,0.0,0.00018762625313319665,0.0,0.0,0.0,0.0,0.0,0.0,0.0,0.0,0.0,0.0,0.0,0.0,0.0,0.0,0.0,0.0,0.0,0.13197603488983684,0.0,0.0,0.0,0.0,0.0,0.0,0.0,0.0,0.0,0.0,0.0,0.0,0.0,0.0,0.0,0.0,0.0,0.0011004945513012232,0.0,0.0,0.0,0.0,0.00556270206647709,0.0,0.0,0.0,0.0,0.0,0.0,0.0,0.0,0.0,0.0,0.02943145398110658,0.0,0.0,0.0,0.04104119082500657,0.0,0.0,0.0,0.0,0.0,0.004683550006968713,0.0,0.0,0.0,0.0,0.0,0.0,0.0,0.01091650437405786,0.0,0.0,0.0068015806393571495,0.0,0.0,0.0,0.0,0.0,0.0,0.0,0.0,0.0,0.0,0.0,0.0,0.0,0.0,0.0,0.013623196539356357,0.0,0.0,0.0,0.0,0.0,0.0,0.0,0.0,0.0,0.0,0.0,0.0,0.004772295519025472,0.0,0.0,0.0,0.0,0.03719687553103766,0.0,0.0,0.0,0.0,0.0,0.0,0.0,0.0,0.0,0.0,0.0,0.0,0.0,0.0,0.0,0.0,0.0,0.0,0.0,0.0596158558653599,0.0,0.0,0.0,0.0,0.0,0.0,0.020454196617862862,0.0,0.0,0.0,0.0,0.0,0.0,0.0,0.0,0.0,0.0,0.022774181768356834,0.0,0.0,0.0,0.0,0.034440512244813266,0.0,0.0,0.0,0.03628544806398418,0.0,0.015471790765102038,0.0,0.0,0.0,0.0,0.0,0.0,0.0,0.028402680800840085,0.0,0.0,0.0,0.0,0.0,0.0,0.004502985605100592,0.0,0.0,0.0,0.0,0.0,0.0,0.03340222839332159,0.0,0.0,0.0,0.0,0.0,0.0,0.0,0.0,0.0,0.0,0.0,0.0,0.0,0.0,0.0,0.0,0.0,0.0,0.0,0.0,0.0,0.0,0.0,0.0,0.0,0.03599512355907807,0.0,0.0,0.0,0.0,0.0,0.0,0.0,0.01839412040297238,0.0,0.0,0.0,0.0,0.046408889543515054,0.0,0.0,0.0,0.0,0.0,0.0,0.0,0.0,0.0,0.0,0.0,0.0,0.0,0.0008031200538223425,0.0,0.0,0.0,0.0,0.0,0.0,0.0,0.0,0.0,0.0,0.0,0.0,0.0,0.0,0.0,0.015564914111066478,0.0,0.0,0.0,0.0021677664820098142,0.0,0.0,0.0,0.013726990731942723,0.05749210242571201,0.0,0.0,0.0,0.0,0.0,0.0,0.0,0.0,0.0,0.0,0.0,0.0,0.005209652985095069,0.0,0.0,0.0,0.0,0.0,0.0,0.0,0.0,0.0,0.0,0.009451846182015769,0.0,0.0,0.028017555933233344,0.0,0.0,0.0,0.04664442293709443,0.0,0.0,0.0,0.0,0.0,0.0,0.0,0.0,0.0,0.0,0.0,0.0,0.0,0.0012186604907316984,0.11845328345071626,0.0,0.0,0.0,0.0,0.0,0.0,0.0,0.0,0.0,0.0,0.0,0.0,0.0,0.0,0.0,0.0,0.0,0.0,0.0,0.0,0.0,0.0,0.0,0.0,0.0,0.0,0.0,0.0,0.0,0.025670868960575598,0.0,0.0,0.0,0.0,0.0,0.0,0.0,0.0,0.0,0.0,0.0,0.0,0.0,0.0,0.0,0.0,0.04817473579083507,0.0,0.0,0.0,0.0,0.0,0.0,0.0,0.0,0.0,0.0,0.0,0.0,0.0,0.0,0.03205013389682225,0.0,0.0,0.0,0.0,0.0,0.0,0.0,0.0,0.0,0.0,0.0,0.0,0.10507107332694889,0.0,0.0,0.0,0.0,0.0,0.0,0.0,0.0,0.08657832813300889,0.0,0.0,0.0,0.0,0.0,0.0,0.0,0.0,0.0,0.0,0.0,0.0,0.0,0.0,0.052654827202224766,0.0,0.0,0.04642889515742636,0.0,0.0,0.0,0.0,0.0,0.0,0.0,0.0,0.0,0.0,0.049980747428977595,0.0,0.0,0.0,0.0,0.0,0.0,0.08218620845400333,0.0,0.0,0.0,0.0,0.0,0.0,0.0,0.0,0.0,0.0,0.0,0.0,0.0,0.0,0.0,0.0,0.0,0.0,0.0,0.0,0.006024403945503517,0.0,0.0,0.027924909899634007,0.0,0.0,0.0,0.0,0.0,0.0,0.0,0.0,0.0,0.0,0.0,0.0,0.0,0.0,0.0,0.0,0.0,0.0,0.0,0.0,0.0,0.0,0.0,0.0,0.0,0.0,0.0,0.07409784506599303,0.0,0.0,0.0,0.0,0.0,0.0,0.0,0.0,0.0,0.0,0.0,0.0,0.0033116018360531655,0.0,0.1131523135937839,0.0,0.0,0.0,0.0,0.0,0.0,0.0,0.0,0.0,0.0,0.0,0.0,0.0,0.0,0.0,0.0,0.0,0.0,0.0,0.0,0.0,0.1484101111003727,0.0,0.0,0.0,0.0,0.0,0.0,0.0,0.022433578384544413,0.0013994623135019232,0.0,0.0,0.0,0.0,0.0,0.0,0.03718344753845582,0.0,0.0,0.0042803480452860716,0.0,0.0,0.0,0.0,0.0,0.0,0.0,0.020149821539029125,0.0,0.0,0.0,0.0,0.0,0.0,0.0,0.0,0.0,0.0,0.0,0.0,0.0,0.0,0.060714559754123716,0.01508354113207406,0.0,0.0,0.026396737539853648,0.0,0.0,0.0,0.0,0.0,0.0,0.0,0.0,0.0,0.0,0.0,0.0,0.0,0.0,0.0,0.0,0.0,0.0,0.0,0.0,0.0,0.0,0.0,0.0,0.0,0.0,0.0,0.0,0.0,0.0,0.0,0.0,0.0,0.0,0.0,0.0,0.0,0.0,0.0,0.0,0.0,0.0,0.0,0.0,0.0,0.0,0.0,0.0,0.0,0.0,0.0,0.0,0.0,0.0,0.0,0.0,0.0,0.0,0.0,0.0,0.030315792242047807,0.0,0.0,0.0,0.0,0.0,0.0,0.0,0.003091664352241864,0.0,0.0,0.0,0.0,0.0,0.0,0.0,0.0,0.0,0.0,0.0,0.0,0.0,0.0,0.0,0.0,0.0,0.006337683419918552,0.0,0.0,0.0,0.01737880288556976,0.0,0.0,0.0,0.04872972259050853,0.0,0.0,0.09398078475834584,0.0,0.0,0.0,0.0,0.0,0.0,0.0,0.0,0.0,0.0,0.0,0.0,0.0,0.0,0.04975701738713487,0.0,0.0,0.0,0.1596995703590637,0.0,0.0,0.0,0.0,0.0,0.0,0.008934232051128008,0.0,0.0,0.0,0.0,0.0,0.0,0.044039949734755016,0.0,0.0,0.0,0.021006799820383882,0.0,0.0,0.0,0.0026642622583587182,0.0,0.0,0.0,0.0,0.0,0.0,0.0,0.0,0.0,0.0,0.059571832446642214,0.0,0.02801991976589862,0.0,0.0,0.03514649972644917,0.0,0.0,0.0,0.10789998018687419,0.0,0.0,0.0,0.0369951235989256,0.017447559583529306,0.0,0.0,0.0,0.0,0.0,0.0,0.0,0.0,0.0,0.0,0.0,0.0,0.0,0.0,0.0,0.0,0.0,0.0,0.0,0.0,0.0,0.0,0.0,0.0,0.0,0.02131768729773943,0.0,0.0,0.0,0.0,0.0,0.0,0.0,0.0,0.0,0.0,0.0,0.0,0.0,0.0,0.0,0.00029088643398189693,0.0,0.0,0.0,0.0,0.00834577211598706,0.0,0.0,0.0,0.0,0.0,0.0,0.0,0.0,0.0,0.0,0.0,0.0,0.0,0.0,0.0,0.011056966631462396,0.0,0.0,0.012280722406985968,0.0,0.0,0.0,0.0,0.0,0.0,0.0,0.0,0.0,0.0,0.0,0.0,0.0,0.0,0.0,0.0,0.0,0.0,0.0,0.0,0.0024381303372129205,0.06982102349932988,0.0,0.0057915753219930696,0.0,0.0,0.0,0.0,0.0,0.0,0.03784619032216845,0.0,0.0,0.0,0.0,0.0,0.005725477935781959,0.0,0.0,0.0,0.0,0.0,0.0,0.0,0.050227202678165925,0.0,0.0,0.0,0.006999479978808019,0.0,0.0,0.0,0.0,0.0,0.0,0.0,0.0,0.0,0.0,0.0,0.0,0.0,0.0,0.0,0.0,0.0,0.0,0.0,0.0,0.0,0.0,0.0,0.0,0.0,0.0,0.0,0.0,0.0,0.054465226556518566,0.0,0.0,0.0,0.0,0.03226086088255724,0.0,0.0,0.0,0.0,0.0,0.0,0.0,0.0,0.0,0.07790933154677611,0.0,0.0,0.0,0.04140141441523052,0.0,0.0,0.0,0.0,0.0,0.0,0.0,0.0,0.0,0.0,0.0,0.0,0.0,0.0,0.1670542048312493,0.0,0.0,0.0,0.0,0.0,0.0,0.0,0.0,0.0,0.0,0.0,0.0,0.0,0.0,0.0,0.0,0.0,0.0,0.0,0.0,0.0,0.0,0.0,0.0,0.0,0.0,0.0,0.0,0.0,0.0,0.0,0.0,0.0,0.0,0.0,0.0,0.0,0.0,0.0,0.0,0.0,0.0,0.0,0.0,0.0,0.07912735364457228,0.0,0.0,0.0,0.0,0.0,0.0,0.0,0.0,0.0,0.0,0.0,0.0,0.0,0.0,0.0,0.0,0.04545398020469228,0.0,0.0,0.0,0.0,0.0,0.020868061026260383,0.0,0.0,0.0,0.05078677879175977,0.0,0.0,0.0,0.024098273939436757,0.0020589197453350742,0.005714739395791483,0.0,0.0,0.04057110040351392,0.0,0.0,0.0,0.0,0.0,0.01888629566242639,0.0,0.0,0.0,0.0,0.036482021700458264,0.0,0.0,0.0,0.0,0.0,0.0,0.0,0.05297538346670283,0.06109312874133688,0.0,0.0,0.0,0.0,0.0,0.0,0.0,0.0,0.0,0.0,0.0,0.012618437210998805,0.0,0.0,0.07110592071590721,0.015405587638884579,0.0,0.0,0.0,0.0,0.022193396383583166,0.0,0.0,0.0,0.027575649670442067,0.0,0.0,0.014346304019777057,0.0,0.0,0.0,0.0,0.0,0.0,0.0,0.0,0.0,0.0,0.0,0.0,0.0,0.0,0.0,0.0,0.0,0.0,0.0,0.0,0.0,0.04491904250080189,0.0,0.0,0.0,0.012685391387728643,0.0,0.0,0.0,0.0,0.0,0.0,0.0,0.0
n000362_6.jpg,0.0,0.0,0.0,0.0,0.0,0.0,0.0,0.0,0.0,0.0,0.0,0.0,0.0,0.0,0.0,0.0,0.0,0.0,0.0,0.0,0.0,0.0,0.0,0.0,0.0,0.0,0.0,0.0,0.0,0.0,0.0,0.0,0.0,0.0,0.008477009228414845,0.0,0.01650884840931115,0.0,0.0,0.0,0.0,0.0,0.0,0.0,0.0,0.0,6.325194036630501e-05,0.0,0.0,0.0,0.0,0.0182956086023434,0.0,0.07347012816030751,0.0,0.0,0.0,0.0,0.0,0.0,0.0,0.0,0.0,0.0,0.0,0.0,0.0,0.03746053102859349,0.0,0.0,0.0,0.0,0.0,0.0,0.0,0.0,0.0,0.005312061470390312,0.009632209249430663,0.0,0.0,0.0,0.0,0.0,0.0,0.0,0.013569122074264145,0.0,0.0,0.0,0.0,0.0,0.0,0.0,0.0,0.0,0.0,0.0,0.0,0.0,0.0,0.0,0.0,0.0,0.0,0.0,0.0,0.0,0.0,0.0,0.0,0.0,0.0,0.0,0.0,0.0,0.0,0.0,0.12114941830192147,0.0,0.0,0.0,0.0,0.0,0.0,0.0,0.0,0.0,0.0,0.0,0.0,0.0,0.0,0.0,0.0,0.0,0.0,0.0,0.0,0.0,0.0,0.0,0.0,0.04684699519316593,0.0,0.0,0.0,0.0,0.0,0.0,0.0,0.0,0.0,0.01765626042155479,0.0,0.05912270186683542,0.0,0.0,0.1039807018370936,0.0,0.06280101384686317,0.0,0.0,0.021813514111732327,0.0,0.02673028990840264,0.0,0.0,0.0,0.0,0.036454706584791274,0.0,0.0,0.0,0.02083825090721617,0.0,0.0,0.0,0.04120618074560077,0.0,0.0,0.0,0.0,0.0,0.0,0.1037500187990723,0.0,0.0,0.0,0.0,0.0,0.0,0.0,0.0,0.0,0.0,0.0,0.04169159848666428,0.0,0.0,0.0,0.0,0.0,0.0,0.0,0.025864841144215882,0.0,0.0,0.0,0.0,0.0,0.0,0.0,0.0,0.0,0.0,0.028377136454434324,0.054314173711369526,0.0,0.10616214500556365,0.0,0.0,0.0,0.0,0.0,0.02258289038924118,0.0,0.0,0.0,0.004654879047075401,0.0,0.0,0.0,0.0,0.0,0.0,0.0,0.0,0.0,0.0,0.0,0.0,0.0,0.0,0.0,0.0,0.0,0.09545843126613816,0.0,0.0,0.0,0.0,0.0,0.0,0.0,0.0,0.0,0.0,0.0,0.01047429669240987,0.0,0.0,0.0,0.0,0.0,0.0,0.0,0.015063103993511422,0.0,0.0,0.0,0.0,0.0754128378864124,0.0,0.028991096646362687,0.0,0.0,0.0,0.07622830922105148,0.0,0.0,0.0,0.0,0.0,0.0,0.0,0.0,0.0,0.0,0.0,0.0,0.0,0.0,0.0,0.0,0.0,0.0,0.0,0.0,0.0,0.0,0.0,0.0,0.0,0.0,0.0,0.0,0.0,0.0,0.0,0.0,0.0,0.0,0.07658962521816241,0.0,0.0,0.0,0.0,0.0,0.0,0.0,0.005624878650525597,0.0,0.0,0.0,0.0,0.0,0.0,0.0,0.0,0.0,0.0,0.0,0.0,0.0,0.0,0.0,0.0,0.0,0.0,0.0,0.0,0.08707280116030962,0.0,0.0,0.0,0.0,0.0,0.0,0.0,0.0,0.0,0.0,0.0,0.04256300714697013,0.0,0.0,0.0,0.0,0.0,0.007182136856120057,0.0,0.004773830804539456,0.0,0.0,0.0,0.0,0.0,0.0,0.0,0.0,0.0,0.0,0.012885797477703546,0.0,0.0,0.0,0.0,0.0,0.0,0.0,0.0,0.0,0.0,0.0,0.0,0.0,0.0,0.02821873176444553,0.0,0.0,0.0,0.0,0.0,0.0,0.0,0.0,0.0,0.0019352549867598413,0.0,0.0,0.0,0.0,0.0,0.0,0.0,0.0,0.0,0.0,0.0,0.0,0.0021223595305410723,0.0,0.0,0.0,0.0,0.0,0.0,0.0027815272333411873,0.0,0.0,0.0,0.0,0.03545585699399988,0.0,0.0,0.0,0.0,0.01210694899056751,0.0,0.0,0.0,0.0,0.0,0.0,0.0,0.0,0.0,0.0,0.0,0.0,0.0,0.0,0.013521197281415438,0.038608592266993896,0.0,0.0,0.0,0.0,0.0,0.0,0.0,0.0,0.0,0.0,0.0,0.0,0.0,0.0,0.0,0.07035850405164698,0.0,0.0,0.0,0.0,0.0,0.030780537061378777,0.0,0.0,0.0,0.0,0.0,0.0,0.0,0.0,0.0,0.0,0.0,0.0,0.0,0.0,0.0,0.0,0.0,0.0,0.0,0.09100127729123596,0.0,0.0,0.0,0.0,0.0,0.0,0.0,0.0,0.0,0.0,0.0,0.0,0.0,0.0,0.0,0.0,0.0,0.0,0.0,0.0,0.0,0.0,0.0,0.0,0.0,0.0,0.0,0.0,0.0,0.0,0.0,0.0,0.0,0.017737780503928834,0.018690134681459986,0.0,0.0,0.0,0.0,0.0,0.0,0.0,0.0,0.0,0.12035035940452538,0.0,0.0,0.0,0.037082936767645305,0.0,0.0,0.0,0.0,0.0,0.0,0.03324338081523652,0.0,0.0,0.0,0.01570516269350452,0.0,0.0,0.0,0.0,0.0,0.0,0.0,0.0,0.0,0.0,0.0,0.0,0.0,0.0,0.0,0.0,0.0,0.0029773403344827087,0.0,0.0,0.0,0.0,0.0,0.0,0.0,0.0,0.0,0.0,0.0,0.0,0.0,0.0,0.0,0.0,0.0,0.0,0.0,0.0,0.0,0.0,0.0,0.0,0.0,0.0,0.0,0.0,0.0,0.0,0.0,0.0,0.0,0.019468517889850344,0.0,0.017737573833602263,0.0,0.0,0.0,0.0,0.0,0.0,0.0,0.0,0.0,0.049596463638886125,0.0,0.05804294787647533,0.06439256580112328,0.0,0.03330536027233557,0.0,0.0,0.0,0.0,0.0,0.0,0.0,0.0,0.0,0.0,0.0,0.0,0.0,0.0,0.050992784631458614,0.0,0.0,0.0,0.0,0.0032316922646033284,0.0,0.0,0.0,0.0,0.0,0.0,0.0,0.0,0.0,0.0,0.0,0.0,0.0,0.0,0.040704489068874375,0.0,0.0,0.0,0.020210252281691383,0.0,0.0,0.0,0.0,0.0,0.0,0.0,0.0,0.0,0.0,0.0,0.0,0.0,0.06365484146284385,0.0,0.0,0.0,0.017828328076012676,0.0,0.0,0.0,0.0,0.0,0.0,0.01236564397316598,0.0,0.0,0.0,0.011761831186067835,0.0,0.0,0.0,0.0,0.0,0.0,0.0,0.0,0.039293660035785404,0.08606967749731954,0.0,0.0,0.0,0.0,0.0,0.0,0.0,0.0,0.0,0.0,0.0,0.0,0.0,0.0,0.0,0.0,0.0,0.0,0.0,0.04412934748547592,0.0,0.0,0.0,0.0,0.0,0.0,0.0,0.0,0.02786690096148492,0.0,0.013054287896037664,0.0,0.0,0.0,0.07928922011052002,0.0,0.0,0.0,0.0,0.0,0.0,0.0,0.0,0.0,0.0,0.0,0.0,0.0,0.0,0.0,0.0,0.0,0.0,0.0,0.0,0.0,0.0,0.0,0.04740018348864682,0.0,0.0,0.0,0.0,0.0,0.00982770422975537,0.0,0.0,0.0,0.0,0.0,0.0,0.0,0.0,0.0,0.0,0.0,0.0,0.0,0.0,0.0,0.0,0.0,0.0,0.0,0.0,0.00025029074999916365,0.0,0.0,0.0,0.0,0.06041550158462474,0.0256700235231814,0.0,0.0,0.0,0.0,0.0,0.0,0.0,0.0,0.0,0.0,0.0,0.0,0.0,0.0,0.0,0.0,0.0,0.0,0.0,0.0,0.0,0.0,0.024182323949044408,0.0,0.0,0.0,0.06641424306876254,0.0,0.0,0.0,0.0,0.0,0.0,0.0,0.007153876582537928,0.0,0.0,0.0,0.0,0.0,0.0,0.0,0.0,0.046322329566838856,0.0,0.0,0.0,0.0,0.0,0.0,0.0,0.0,0.0,0.0,0.0,0.0,0.0,0.0,0.0,0.0,0.0,0.0,0.03482951389517485,0.0,0.0,0.0,0.0901534831503388,0.0,0.0,0.0,0.0,0.03212570336097266,0.0,0.0,0.0,0.0,0.0,0.0018601067886035362,0.0,0.0,0.0,0.0,0.0,0.0,0.0,0.0,0.0,0.0,0.0,0.004669276719145232,0.016627125512593967,0.0,0.0,0.0,0.0,0.0,0.0,0.0,0.0,0.0,0.0,0.004027608095867988,0.0,0.0,0.058265065457401725,0.0,0.0,0.0,0.0,0.0,0.0,0.0,0.0,0.0,0.0,0.0,0.0,0.0,0.0,0.0,0.0,0.0,0.0,0.0,0.0,0.03951187793159684,0.0,0.0,0.07605613444427772,0.0,0.0,0.0,0.0,0.0030735580855131873,0.024820814069262495,0.0,0.0,0.0,0.0,0.0,0.0,0.0,0.0,0.0,0.0,0.0,0.005950198844396557,0.0,0.0,0.0,0.0,0.013023076348551245,0.0,0.0,0.0,0.0,0.0030296733729358416,0.0,0.0,0.0,0.0,0.0,0.0,0.0,0.0,0.0,0.0,0.0,0.0,0.0,0.03278839879640209,0.024072230341467597,0.0,0.0,0.0,0.0,0.0,0.0,0.0,0.0,0.0,0.0,0.0,0.0,0.0,0.0,0.0,0.0,0.0,0.0,0.0,0.0,0.037840302361254026,0.0,0.0,0.0,0.0,0.0,0.05363959743727132,0.0,0.0,0.0,0.018959360112321168,0.0,0.0,0.0,0.0,0.0,0.0,0.0,0.0,0.0,0.0,0.0,0.0,0.0,0.001309814853314503,0.0,0.0,0.0,0.0,0.0,0.008806732798694055,0.0,0.0,0.0,0.0,0.0,0.0,0.0,0.0,0.0,0.04431397009176202,0.0,0.0,0.0,0.0,0.0,0.0,0.0,0.0,0.0,0.0,0.0,0.0,0.0,0.0,0.0,0.0,0.0,0.01177437856359089,0.0,0.0,0.0,0.0,0.0,0.0,0.0,0.009118197424336083,0.0947476584697132,0.0,0.01690540981242919,0.0,0.0,0.0,0.0,0.0,0.0,0.0,0.0,0.0,0.0,0.0,0.0,0.0,0.0,0.0,0.0,0.0,0.0,0.0,0.0,0.0,0.0,0.011599059368131211,0.0,0.0,0.0,0.0,0.0,0.0,0.0,0.0,0.0,0.11151681518862237,0.0,0.0,0.0,0.0,0.00951316497723927,0.0,0.03199436490945935,0.021073673296181848,0.025167505165148728,0.0,0.048273873096850106,0.0,0.0,0.07031477650590175,0.0,0.0,0.0,0.0,0.0,0.0,0.0,0.0,0.0,0.0,0.00045642330090244485,0.11540714279057726,0.0,0.0681916122054372,0.0,0.0,0.0,0.0,0.0,0.0,0.0,0.0,0.0,0.0,0.0,0.0,0.0,0.0,0.0,0.0,0.0,0.0,0.058606554087685094,0.0,0.040450516124522766,0.0,0.018423497498877107,0.0,0.0,0.0,0.0,0.01061649236935146,0.0,0.0,0.0,0.0,0.0,0.06639064153387697,0.0,0.0,0.0,0.0,0.0,0.02459250070671338,0.0,0.0,0.0,0.0,0.0,0.0,0.0,0.0,0.0,0.0,0.0,0.0,0.0,0.0,0.0,0.0,0.0,0.0,0.0,0.0,0.0,0.0,0.05721697206261981,0.004412248624704252,0.0,0.0,0.0,0.0,0.0,0.0,0.11506765810503111,0.0,0.0,0.0,0.0,0.0,0.0,0.0,0.0,0.0,0.0,0.0,0.0,0.0,0.0941150265335163,0.0,0.0,0.0,0.0,0.0,0.0,0.0,0.0,0.0,0.0,0.0,0.0012007570319686287,0.0,0.0,0.0,0.0,0.0,0.0,0.0,0.0,0.0,0.0,0.0,0.0,0.08718192309273848,0.0,0.0,0.0,0.0,0.0,0.0,0.0,0.04003246641765944,0.0,0.0,0.0,0.0,0.0,0.0,0.0,0.0,0.0,0.0,0.0,0.0,0.0,0.0,0.03689742688561162,0.0,0.0,0.0,0.0,0.0724372223294195,0.02292970050992282,0.0,0.0,0.0,0.0,0.02081463638780748,0.0,0.0,0.0,0.0,0.0,0.0,0.0,0.0,0.0,0.0,0.0,0.0,0.012419107747175476,0.0,0.0,0.0,0.0,0.0,0.0,0.0,0.0,0.0,0.0,0.0,0.0,0.0,0.0,0.03915820549043821,0.0,0.0,0.0,0.0,0.0,0.0,0.0,0.0,0.0,0.0,0.03211696261281543,0.0,0.0,0.0,0.0,0.0,0.0,0.0,0.0,0.0,0.0,0.0,0.0,0.0,0.0,0.0,0.0,0.0,0.0,0.0,0.0,0.0,0.0,0.0,0.0,0.0,0.0,0.0,0.06120950517434684,0.0,0.0,0.0,0.0,0.0,0.0,0.0,0.0,0.0,0.0,0.0,0.0,0.0,0.0,0.0,0.0,0.0,0.0,0.0,0.0,0.04025287004153198,0.0,0.0,0.0,0.0,0.0,0.00420925778737791,0.0,0.0,0.0,0.031843283490518855,0.0,0.0,0.0,0.007575690719066891,0.0,0.0,0.0,0.0,0.0,0.0,0.0,0.0,0.0,0.0,0.05683369058053837,0.0,0.0,0.0,0.0,0.0,0.0,0.0,0.0,0.0,0.0,0.002792934136915527,0.09000078515826795,0.0,0.0,0.0,0.0,0.0,0.0,0.0,0.0,0.0,0.0,0.0,0.0,0.0,0.0,0.0,0.0,0.0,0.0,0.0,0.006670659177124044,0.0,0.0,0.0,0.05335389464655148,0.0,0.0,0.0,0.0,0.0,0.0,0.0,0.0,0.0,0.03553449559428149,0.0,0.0,0.0,0.0,0.0,0.0,0.0,0.0,0.0,0.0,0.0,0.0,0.0,0.0,0.0,0.0,0.0,0.0036263425082223963,0.0,0.0,0.019600561833787337,0.0,0.0,0.0,0.014643710388503593,0.0,0.0,0.03189390148987454,0.0,0.0,0.11810707528053638,0.0,0.0,0.0,0.0,0.0,0.0,0.0,0.05730334511051566,0.0,0.0,0.0,0.004174325903502337,0.0,0.0,0.0,0.0,0.0,0.0,0.0,0.0,0.0,0.0,0.0,0.0,0.0,0.0,0.02626722935209088,0.0,0.0,0.0,0.0,0.0,0.0,0.0,0.0,0.0,0.0,0.0,0.0,0.0,0.0,0.0,0.0,0.0,0.03741902383630439,0.0,0.0,0.0,0.0,0.0,0.0,0.0,0.0,0.0,0.0,0.0,0.0,0.0,0.027035586344533614,0.0,0.020809453398989316,0.0,0.0,0.0,0.0,0.09724773317957415,0.054644114772411254,0.0,0.0,0.0,0.0,0.0,0.0,0.0,0.0,0.0,0.0,0.0,0.014888884154343864,0.010015813180503295,0.0,0.0,0.0,0.0779373581251627,0.0,0.0,0.0,0.0,0.0,0.0,0.08170071440355212,0.0,0.0,0.0,0.0,0.0,0.0,0.0,0.0,0.04337306826363618,0.0,0.0,0.0,0.0,0.0,0.0,0.0,0.0,0.0,0.0,0.0,0.0,0.02336200505910149,0.0,0.04038322166928701,0.0,0.0,0.0,0.0,0.0,0.0,0.0,0.0,0.0,0.0,0.008503484671087672,0.0,0.0,0.0,0.0,0.0,0.0,0.0,0.0,0.0,0.0,0.010708269142958776,0.02795090866208296,0.0,0.0,0.0,0.0,0.0,0.0,0.014684274038778193,0.0,0.0,0.0,0.0,0.0,0.0,0.0,0.0,0.0,0.0,0.0,0.0,0.0,0.0,0.0,0.0,0.0,0.0,0.0,0.0,0.0,0.0,0.0,0.0,0.025307690405091537,0.0,0.0,0.0,0.0,0.04293557639746497,0.0,0.0,0.0,0.0,0.0,0.0,0.0,0.0,0.0,0.0,0.0,0.0,0.0,0.0,0.005936729024709101,0.0,0.0,0.0,0.0,0.0,0.0,0.03723032841792819,0.0,0.0,0.0,0.0,0.026449365422196575,0.0,0.0,0.0,0.0,0.0,0.0,0.0,0.0,0.0,0.0,0.0,0.0,0.0,0.0,0.08570702842250005,0.0,0.0,0.0,0.0,0.0,0.04014492104435968,0.0,0.0,0.0,0.0,0.0,0.0,0.0,0.0,0.0,0.0,0.0,0.04270456874636528,0.0,0.0,0.0,0.0,0.0,0.0,0.0,0.0,0.0,0.11211204304184091,0.0,0.0,0.027400494726378635,0.0,0.0,0.0,0.0,0.0,0.0,0.0,0.0,0.0,0.0,0.0,0.0,0.0,0.0,0.0,0.0,0.0,0.0,0.0,0.0,0.0,0.0,0.0,0.0,0.0,0.0,0.0,0.0,0.0,0.0,0.0,0.0,0.0,0.011093165034083367,0.011018853526136591,0.0,0.0,0.039946643047909645,0.038635037412446074,0.0,0.0,0.0,0.0,0.0,0.0,0.0,0.0,0.01443664728010895,0.0,0.0,0.0,0.04766720587874939,0.0,0.0,0.04373850468275537,0.0,0.0,0.0,0.0,0.0,0.0,0.006958992415822376,0.0,0.0,0.04488961728409257,0.0,0.0,0.0,0.0,0.0,0.0,0.007313321657442934,0.0,0.0,0.0,0.015528646757829207,0.0,0.0,0.045921735387243715,0.0,0.0,0.010139629264946902,0.02416231263480576,0.0,0.0,0.0,0.038763761646634816,0.0,0.0,0.0,0.0,0.0,0.0,0.0,0.0,0.0,0.0,0.0,0.039925504244245416,0.0,0.0,0.0,0.0,0.0,0.0,0.14583761061596745,0.0,0.07612266714082289,0.0,0.03750959954152169,0.0,0.0,0.0,0.0,0.0,0.0,0.0,0.0,0.0,0.0,0.0,0.0,0.020527981398724384,0.0,0.0,0.0,0.0,0.0,0.0,0.0,0.0,0.0,0.0,0.0,0.0,0.0,0.0,0.0,0.0,0.0,0.0,0.0,0.0,0.0,0.0,0.0,0.0,0.0,0.0,0.0,0.0,0.0,0.0,0.026730157899084096,0.0,0.0,0.0,0.0,0.0,0.0,0.0,0.0,0.0,0.0,0.0,0.0,0.0,0.038484313067891796,0.0413438945979735,0.0,0.0,0.0,0.0,0.0,0.0,0.0,0.0,0.0,0.007445493282524092,0.0,0.0,0.0,0.0,0.0,0.0,0.0,0.0,0.0,0.0,0.0,0.0,0.0,0.0,0.0,0.0,0.0,0.0,0.0,0.0,0.006311625209954139,0.0,0.0,0.0,0.0,0.0,0.0,0.0,0.0,0.0,0.0,0.0,0.0,0.0,0.018050002019065287,0.0,0.008093416658799956,0.0,0.0,0.0,0.0,0.0,0.0,0.0,0.0,0.0,0.0,0.0,0.0,0.0,0.0,0.0,0.0,0.0,0.0,0.0,0.0,0.018119039646531953,0.0,0.0653432233342981,0.0,0.0,0.0,0.0,0.0444426683569045,0.011730147867574169,0.0,0.0,0.0,0.0,0.0,0.0,0.0,0.0,0.0,0.0,0.0,0.0,0.0,0.006470367497544448,0.0,0.0,0.0,0.0,0.0,0.0,0.0,0.0,0.0,0.0,0.0,0.0,0.0,0.0,0.0,0.0,0.007078787626268427,0.0,0.0,0.0,0.0,0.0,0.0,0.036170557608673284,0.0,0.00944393149988198,0.0,0.0,0.006110696206697319,0.0,0.0,0.0,0.0,0.0,0.008246971088375927,0.0,0.0,0.0,0.0,0.0,0.0,0.0,0.0,0.0,0.0,0.0,0.0,0.0,0.0,0.0,0.0,0.0,0.0,0.0,0.057473403410018366,0.0,0.0,0.0,0.0,0.0,0.0,0.056330678810626554,0.0,0.0,0.0,0.0,0.0,0.0,0.0,0.02826334225776396,0.0,0.0,0.0,0.01745993767788021,0.0,0.0,0.0,0.0,0.0,0.0,0.0,0.009746085681414218,0.0,0.0,0.0,0.0,0.0,0.0,0.0,0.0,0.0,0.0,0.0,0.0,0.0,0.0,0.0,0.0,0.0,0.0,0.0,0.0,0.0,0.0,0.03690720423153249,0.0,0.0,0.0,0.0,0.0,0.0,0.0,0.0,0.0,0.0,0.0,0.0,0.0,0.0,0.0,0.0,0.0,0.0,0.015635869703749528,0.0,0.0,0.0,0.0,0.0,0.0,0.0,0.0,0.0,0.0,0.0,0.0,0.05696583840066045,0.0,0.0,0.0,0.0,0.0,0.0,0.0,0.0,0.0,0.0,0.0,0.0,0.0,0.0,0.0,0.0,0.05606285138008961,0.0,0.0,0.0,0.0,0.0256843476162868,0.0,0.0,0.008122178459588186,0.030974499867973522,0.0,0.0,0.0,0.0,0.061575209940277494,0.013627108790499096,0.0,0.0,0.0,0.0,0.0,0.020396136550808797,0.0,0.04603902025655028,0.0,0.0,0.0,0.0,0.0,0.0,0.0,0.002654175571452203,0.0,0.0,0.028198765896037856,0.052360054917603115,0.0,0.0,0.0,0.0,0.0,0.0,0.0,0.0,0.0,0.0,0.0,0.06019907555300597,0.06711803884808948,0.005008711089664237,0.0,0.0,0.0,0.0,0.0,0.0,0.0,0.0,0.0,0.0,0.0,0.0,0.0,0.0,0.0,0.0,0.0,0.030321912883804904,0.0,0.004694290320921745,0.0,0.0,0.0,0.0,0.0,0.005119505320468556,0.0,0.0,0.0,0.0,0.0,0.0,0.0,0.0,0.0274904969484908,0.0,0.0,0.0,0.0,0.0,0.0,0.0,0.0672571983107046,0.0,0.0,0.0,0.0,0.0,0.0,0.07867987375247905,0.0,0.0,0.0,0.0,0.0,0.0,0.0,0.0,0.0,0.0327387048622762,0.0,0.0,0.0,0.0,0.0,0.0,0.0,0.0,0.0,0.0,0.0,0.0,0.0,0.0,0.0,0.0,0.0,0.0,0.0,0.0,0.0,0.0,0.0,0.0,0.0,0.11677125350942552,0.0,0.0,0.0,0.0,0.0,0.0,0.0,0.0,0.0,0.0,0.0,0.0,0.0,0.0,0.0,0.04526080151878631,0.0,0.0,0.0,0.005819952715892002,0.0,0.0,0.0,0.0,0.0,0.0,0.0,0.0,0.0,0.0,0.0,0.0,0.014233021824214372,0.0,0.0,0.0,0.0,0.0,0.07663495851660204,0.0,0.0,0.0,0.0,0.0,0.0,0.0,0.0,0.0,0.016092645750863815,0.0,0.0,0.0,0.0,0.0,0.0,0.0,0.0,0.0,0.0,0.0,0.0,0.0,0.0,0.0,0.0,0.0,0.0,0.0,0.09081546876517016,0.0,0.0,0.0,0.0,0.0,0.0,0.0,0.04056277598337598,0.0,0.0,0.0,0.0,0.0,0.014915406124891258,0.0,0.0,0.0,0.0,0.0,0.0,0.0,0.0,0.0,0.0,0.0,0.0,0.0,0.0,0.0,0.0,0.0,0.0,0.0,0.0,0.0,0.0,0.0,0.0,0.04203363679509371,0.0,0.0,0.0,0.0,0.0,0.0,0.0,0.0,0.0,0.0,0.0,0.0,0.0464567713193815,0.0,0.0,0.0,0.030881931038454952,0.0,0.0,0.026554109406241654,0.0,0.027388678810325535,0.0,0.0,0.0,0.0,0.0,0.0,0.0,0.0,0.0,0.0,0.0,0.0,0.0,0.0,0.0,0.0,0.0,0.0,0.0,0.0,0.0,0.0,0.0,0.0,0.0,0.0,0.0,0.0,0.0,0.0,0.0,0.0,0.0,0.0,0.0,0.0,0.0,0.0,0.0,0.0,0.0,0.0,0.0,0.0,0.0,0.0,0.0,0.0,0.0,0.0,0.0,0.0,0.0,0.0,0.0,0.02677423386286679,0.0,0.054842397097035665,0.0,0.0,0.0,0.07242341112497794,0.0,0.0,0.0,0.0,0.0,0.0,0.0,0.0,0.0,0.0,0.0,0.0,0.0,0.0,0.0,0.0,0.019291828827199892,0.0,0.0,0.05599087816835078,0.0,0.0,0.011263562013231181,0.0,0.0,0.0,0.0,0.0,0.0,0.0,0.0,0.0,0.0,0.02990423539993812,0.0,0.0,0.0,0.0,0.0,0.0,0.0,0.0,0.0,0.0,0.0,0.0,0.0,0.01358611665096103,0.0,0.0,0.0,0.0,0.0,0.0,0.0,0.0,0.0,0.0,0.06979382012501699,0.0,0.08144768067304063,0.0,0.0,0.0,0.0,0.0,0.004306681205483679,0.0,0.0,0.0,0.0,0.0,0.0,0.1286041706314846,0.0,0.0,0.0,0.0,0.0,0.0,0.0,0.0,0.039608227421434966,0.0,0.0,0.0,0.0,0.0,0.0,0.0,0.0,0.0,0.0,0.0,0.008185248616630598,0.0,0.0,0.0,0.0,0.0,0.0,0.0,0.0,0.0,0.0,0.0,0.0,0.0,0.038695237989875585,0.0,0.0,0.0,0.0,0.0,0.0,0.0,0.0,0.0,0.0,0.0,0.0,0.0,0.0,0.0,0.0,0.0,0.0,0.0,0.0,0.0,0.0,0.0,0.0,0.0,0.0,0.0,0.0,0.0,0.050632013984319366,0.0,0.0,0.0,0.0,0.0,0.0,0.0,0.0,0.04420633705131934,0.0,0.0,0.0,0.0,0.0,0.0,0.0,0.0,0.0,0.0,0.0,0.0,0.0,0.034912179861715575,0.0,0.0,0.0,0.026243355142219486,0.0,0.0,0.0,0.0,0.0,0.020495024514919864,0.0,0.0,0.0,0.0,0.0,0.0,0.0,0.0,0.0,0.0,0.0,0.02769306849392423,0.0,0.007347297826313571,0.06328985517386002,0.0021276434199244336,0.0,0.0,0.0,0.038923627095476324,0.0,0.0,0.0,0.0,0.0,0.0,0.0,0.03371960334983307,0.0,0.0,0.0,0.021670506902094783,0.0,0.0,0.0,0.04809200320946868,0.0,0.0,0.00021432524397984264,0.05164686699987498,0.0,0.0,0.0,0.0,0.0,0.0,0.0,0.0,0.06857574633787118,0.0,0.0,0.05213466090867225,0.0,0.0,0.0,0.0,0.0170209006534559,0.0,0.0,0.0,0.0,0.0,0.04126013143922784,0.0,0.0,0.0,0.0,0.0,0.019783245417951904,0.04926860442972042,0.0,0.0,0.0,0.0,0.0,0.0,0.0,0.0,0.0,0.0,0.0,0.0,0.0,0.0,0.0,0.0,0.022405253456401857,0.0,0.0,0.0,0.0,0.0,0.0,0.0,0.0,0.0036052294030935396,0.0,0.0,0.0,0.0,0.0,0.0,0.0,0.0,0.0,0.0,0.0,0.0,0.0,0.0050109146714446525,0.0,0.0,0.0,0.0,0.0,0.0,0.0,0.0,0.0,0.0,0.0,0.0,0.0,0.0,0.0,0.0,0.0,0.0,0.004845725568117679,0.0,0.0,0.0,0.0,0.0,0.0,0.004348517880047334,0.0,0.0,0.0,0.0,0.037781729177390797,0.0,0.0,0.0,0.0,0.0,0.0,0.0,0.0,0.0,0.0,0.0,0.009967409042342177,0.0,0.0,0.0,0.0,0.014986788540827434,0.0,0.04445589525780496,0.0,0.0,0.0,0.0,0.0,0.0,0.0,0.0,0.0,0.0,0.0,0.0,0.0,0.0,0.0,0.0,0.0,0.0,0.0,0.0,0.0,0.0,0.0,0.0,0.0,0.0,0.02349170313252538,0.0,0.0,0.038557307728783935,0.008436092831928402,0.0,0.0,0.0,0.0,0.0,0.0,0.0,0.0,0.0,0.0,0.0,0.0,0.0,0.0,0.0,0.0,0.0,0.0,0.0,0.0,0.0,0.0,0.0,0.01917209637528233,0.0,0.0,0.0,0.0,0.0,0.0,0.0621232996463406,0.0,0.0,0.0,0.0,0.0,0.0,0.0,0.04513679932284442,0.0,0.08007724216325111,0.0,0.0,0.08165210034893365,0.0,0.0,0.0,0.0,0.0,0.0,0.0,0.0,0.0,0.0,0.0,0.035325202394038364,0.0,0.0,0.00738857995353499,0.0,0.0,0.0,0.0,0.13228370748486143,0.0,0.0,0.0,0.0,0.0,0.0,0.0,0.0,0.0,0.0,0.0,0.0,0.0,0.0,0.0,0.0,0.0,0.0,0.0,0.0,0.0,0.0,0.052104978288785006,0.029828537794146653,0.0,0.0,0.02134645648638209,0.0,0.0,0.0,0.0,0.02265563401601937,0.0,0.0,0.0,0.009668270516308107,0.0,0.0,0.0,0.028773155753711466,0.0,0.11070238261583411,0.0,0.0,0.0,0.0,0.0,0.0,0.0,0.0,0.0,0.0,0.0,0.0,0.0,0.0,0.0,0.0,0.0,0.0,0.0,0.0,0.0,0.0,0.0,0.0,0.0,0.0,0.0,0.0,0.0,0.006149762849658781,0.0,0.0,0.0,0.027583011675829636,0.0,0.0,0.0,0.0,0.013267652826327293,0.0,0.0,0.0,0.0,0.0,0.0,0.0,0.0,0.0,0.0,0.0,0.0,0.0,0.0,0.0,0.0,0.0,0.0,0.0,0.0,0.0,0.0,0.0,0.0,0.0,0.0,0.0,0.0,0.0,0.05084306009518575,0.0,0.0,0.0,0.0,0.0,0.0037060663982293927,0.0,0.0,0.0,0.0,0.0,0.0,0.0,0.0,0.0,0.0,0.136761177910296,0.0,0.0,0.0,0.0,0.0,0.0,0.0,0.0,0.0,0.0,0.0,0.0,0.0,0.0,0.0,0.0,0.0,0.0,0.0,0.0,0.019800733406527934,0.0,0.0,0.0,0.0,0.0,0.0,0.0,0.0,0.0,0.04259782298167018,0.0,0.0,0.0,0.0,0.0,0.0,0.0,0.0,0.08272011200220508,0.022480321312821263,0.0,0.0,0.0,0.0,0.051510616070442154,0.0,0.0,0.0,0.0,0.0,0.03882056027900289,0.0,0.0,0.0,0.0,0.0,0.0,0.01126007350468217,0.0,0.0,0.0,0.0,0.05247131064000053,0.0,0.0,0.0,0.0,0.0,0.03050283922917183,0.0,0.0,0.0,0.0,0.0036631065624145366,0.0,0.0,0.0,0.0,0.0,0.0,0.0,0.0,0.0,0.0,0.0,0.0,0.0,0.027635278709623498,0.0,0.0,0.0,0.0,0.0,0.0,0.0,0.0,0.0,0.04583352719341141,0.0,0.0,0.023335248285094066,0.0,0.0,0.0,0.0,0.0,0.0,0.0,0.0,0.0,0.0,0.0,0.0,0.0,0.0,0.0,0.005901725455445385,0.0,0.0,0.0,0.0,0.0,0.0,0.0,0.011438141090872149,0.0,0.0,0.0,0.0,0.0,0.0,0.0,0.0,0.0,0.0,0.0,0.0,0.0,0.0,0.006898702028774508,0.0,0.0,0.0,0.0,0.0,0.0,0.0,0.0,0.0,0.0,0.0,0.004479400520696417,0.0,0.0,0.0,0.0,0.0,0.0,0.0,0.0,0.0,0.03893533047899558,0.0,0.0,0.0,0.0,0.0,0.0,0.0,0.0,0.04127013385021638,0.0,0.0,0.0,0.0,0.000590649321003412,0.0,0.0,0.014069107368241844,0.0,0.0,0.0,0.0,0.0,0.0,0.028761077983108473,0.0,0.0,0.0,0.0,0.0,0.0,0.0,0.0,0.0014068022078516454,0.0,0.0,0.0,0.0,0.0,0.0,0.0,0.0,0.0,0.0,0.0,0.0,0.0,0.0,0.0,0.0,0.0,0.0,0.0,0.0,0.02577338249142538,0.0,0.0,0.0,0.0,0.0,0.0,0.020254449434356673,0.0,0.0,0.0,0.0,0.0,0.0,0.0,0.0,0.0,0.0,0.0,0.0,0.0,0.0,0.0,0.0,0.0,0.0,0.0,0.0,0.0,0.0,0.0,0.0,0.0,0.0,0.0,0.0,0.0,0.0,0.0,0.0,0.031308301660560804,0.0,0.0,0.04960038929304735,0.0,0.0,0.0,0.0,0.02499336539720717,0.0,0.0,0.0,0.0,0.0,0.0,0.0,0.0,0.0,0.0,0.036364888310090195,0.098834363999566,0.0,0.054848395946724166,0.053280891329310576,0.0,0.0,0.03905619042033873,0.0,0.0,0.0,0.0,0.0,0.024307217748908243,0.0,0.0,0.0,0.045917506760876,0.0,0.0,0.0,0.0,0.0,0.0,0.0,0.0,0.0,0.0,0.0,0.0,0.0,0.0,0.0,0.0,0.0,0.0,0.0,0.0,0.0,0.0,0.0,0.0,0.0,0.005106208627756236,0.05015236569970229,0.018129234661280334,0.0,0.0,0.024228618102196044,0.0,0.0,0.0,0.0,0.05712419764481826,0.0,0.0,0.0,0.0,0.0,0.0,0.0,0.0,0.0,0.0,0.0,0.0,0.0,0.0,0.0,0.0,0.0,0.025837984822197756,0.016929763367612996,0.0,0.0,0.0,0.0,0.0,0.0,0.0,0.0,0.0,0.0,0.0,0.0,0.0,0.0,0.0,0.0,0.0,0.0,0.0,0.0,0.0,0.013684794698614746,0.0,0.0,0.0,0.06785593198516968,0.0,0.0,0.0,0.01250591794068355,0.0,0.0,0.009202904125096242,0.0,0.0,0.0,0.0,0.0,0.0,0.0,0.0,0.0,0.0,0.0,0.0,0.0,0.0026338677772686325,0.0,0.0,0.0,0.0,0.011711258632543126,0.0,0.0,0.0,0.0,0.0,0.046256290282172846,0.0341400811625227,0.0,0.0,0.01822593365119951,0.008015516553271668,0.0,0.0,0.0,0.0,0.0,0.0,0.050509989764068425,0.0,0.012809484189106749,0.031408410169846586,0.0,0.0,0.0,0.0,0.0,0.0,0.0,0.0,0.0,0.0,0.0,0.0,0.0,0.0,0.0,0.0,0.0,0.0,0.06541653395191986,0.04190540164460973,0.0,0.0,0.0,0.0,0.010789985075223442,0.018583594505047863,0.0,0.0,0.025156647939720448,0.0,0.0,0.0,0.0,0.0,0.0,0.005322760176431981,0.0,0.0,0.0,0.0,0.0,0.0,0.0,0.0,0.0,0.0,0.10075834138696105,0.0,0.0,0.0,0.0,0.0,0.0,0.0,0.0,0.0,0.0,0.0,0.0,0.0,0.0,0.029657940636933836,0.0,0.0,0.0,0.0,0.0,0.0,0.0,0.0,0.0,0.0,0.0,0.0,0.0,0.0,0.0,0.0,0.0,0.0,0.0,0.0,0.0,0.0,0.0,0.0,0.0,0.0,0.05442301431246378,0.0,0.0,0.0,0.0,0.0,0.0,0.0,0.0,0.0,0.0,0.0,0.0,0.0,0.0,0.0,0.0,0.0,0.009630244258262859,0.0,0.0,0.0,0.0,0.0,0.0,0.10252040177085922,0.0,0.0,0.0,0.0,0.0,0.0,0.08540087067966777,0.0,0.02060313581863136,0.0,0.0,0.0,0.0,0.0,0.0,0.0,0.0,0.0,0.0,0.0,0.0,0.15360325571113287,0.0,0.0,0.0,0.0018030069423498145,0.0,0.0,0.0,0.0,0.04042066470583477,0.0,0.0,0.0,0.0,0.0,0.0,0.018168468479977162,0.0,0.0,0.0,0.0,0.0,0.0,0.010598028377453099,0.0,0.0,0.0,0.12651998154129776,0.0,0.0,0.0,0.0,0.0,0.0,0.0,0.0,0.04768562226072959,0.0,0.0,0.06463071926812175,0.0,0.0,0.0,0.02799164760341989,0.0,0.0,0.0,0.0,0.0,0.0,0.0,0.0,0.0,0.0,0.0,0.0,0.0,0.0,0.0,0.0,0.0,0.0,0.04372058604082869,0.0,0.0,0.0,0.0,0.0,0.0,0.0,0.0,0.0,0.0,0.0,0.0,0.0,0.0,0.0,0.0081663907608638,0.0,0.0,0.0,0.0,0.0,0.012944093658406554,0.0,0.0,0.0,0.0,0.00047535419461187906,0.0,0.0,0.0,0.0,0.0,0.0,0.0,0.0,0.0,0.0,0.0,0.0,0.0,0.0,0.0,0.0,0.0,0.047720749723984886,0.0,0.0,0.0,0.0,0.0,0.0,0.04455245682818763,0.06714770415527921,0.0,0.0,0.0,0.013053783663722576,0.0,0.0,0.0,0.0,0.0,0.0643277254207601,0.0,0.0,0.0,0.0,0.0,0.0,0.0,0.0,0.0,0.0,0.0,0.0010289782831505024,0.0,0.0320275771555522,0.009173711670957358,0.0,0.0,0.0,0.061509711677408783,0.0,0.0,0.0,0.0,0.021852324851383664,0.0,0.0,0.0,0.0,0.050670712191436866,0.0,0.0,0.0,0.0,0.0,0.0,0.0,0.0,0.05916729937563072,0.0,0.0,0.0,0.0,0.0,0.0,0.0,0.0,0.02239059176569494,0.0,0.0055823862575436105,0.008765671408365936,0.0,0.06208337223769963,0.0,0.0,0.0,0.016949397048637127,0.0,0.0,0.0,0.0,0.0,0.0,0.0,0.0,0.0,0.0654479391852097,0.0,0.0,0.0,0.0,0.004562384878564861,0.0,0.0,0.0,0.0,0.0,0.0,0.0,0.0,0.0,0.0,0.0,0.0,0.06652781003627803,0.0,0.0,0.017056124418591116,0.02867245212044865,0.0,0.0,0.0,0.0,0.0,0.03743067095355673,0.0,0.0,0.010184078533769734,0.0,0.0,0.0,0.0,0.0,0.0,0.0,0.0,0.0,0.0,0.0,0.0,0.0,0.0,0.0,0.0,0.0,1.5252486509570196e-05,0.0,0.02593712598450996,0.023588812216966914,0.0,0.0,0.0,0.0,0.0,0.0,0.0,0.0,0.0,0.05795939679827421,0.025505821243612708,0.0,0.0,0.0,0.0,0.0,0.0,0.0,0.0,0.0,0.0,0.04337073104947183,0.0,0.0,0.005313979933683549,0.0,0.0,0.0,0.0,0.0,0.0,0.0,0.0,0.0,0.0,0.0,0.0,0.0,0.0,0.05344811467459541,0.0,0.0,0.0,0.0,0.0,0.0,0.0,0.0,0.0,0.0,0.0,0.0,0.0,0.01956836887276061,0.025245247833334,0.0,0.0,0.08482112903437523,0.0,0.0,0.0,0.0,0.0,0.0,0.0,0.0,0.04092189326790267,0.0,0.0,0.0,0.0,0.0,0.0,0.0,0.0,0.0,0.0,0.0,0.038739818185973364,0.01613162312522872,0.0,0.012095364631843655,0.0,0.0,0.0,0.0,0.0,0.0,0.0,0.0,0.0,0.0,0.0,0.0,0.0,0.0,0.0,0.0,0.0,0.0,0.0,0.03296261863556965,0.0,0.0,0.0,0.0,0.0,0.0,0.0,0.0,0.0,0.0043305467590063155,0.0,0.0,0.0,0.0,0.0,0.0,0.0,0.0,0.0,0.0,0.0,0.0,0.0,0.0,0.02812312455651331,0.0,0.0,0.0,0.0,0.0,0.0,0.0,0.0,0.0,0.03182320292549015,0.0,0.0,0.0,0.0,0.0,0.0,0.0,0.0,0.10518478263647396,0.0,0.0,0.0,0.0,0.0,0.0,0.0,0.0,0.0,0.0,0.0,0.0,0.0,0.0,0.0,0.0,0.0,0.0,0.0,0.0,0.0,0.0,0.0,0.0,0.0,0.05296125565146388,0.0,0.0,0.0,0.004582099712858587,0.0,0.006047433445895068,0.0,0.0,0.0,0.0,0.0,0.0,0.0,0.0037940722499095057,0.0,0.0,0.0,0.0,0.0,0.003502732012061763,0.0,0.0,0.0,0.0,0.0,0.0,0.0,0.0,0.0,0.0,0.0,0.0,0.027934223549854132,0.0,0.0,0.0,0.024591050768296607,0.0,0.0058492355206710344,0.0,0.0,0.0,0.0,0.03689401628420142,0.0,0.0,0.00978639829757487,0.0,0.0,0.0,0.0,0.0,0.0,0.0,0.0,0.0,0.0,0.0,0.0,0.0,0.0,0.0,0.0,0.02800022171686355,0.0,0.0,0.0,0.0,0.0,0.0,0.0,0.0,0.0,0.0,0.06777315997835667,0.023362946437028798,0.0,0.0,0.0,0.014635310484078665,0.0,0.00678728183575071,0.0,0.0,0.0,0.0,0.001727310553857392,0.016798503905282088,0.0,0.0,0.0,0.0007735886732226553,0.0,0.0,0.0,0.0,0.0,0.0,0.0,0.008153542575221445,0.0,0.0,0.0,0.0,0.008897439972208104,0.0,0.0,0.0,0.0,0.0,0.0,0.0,0.0,0.0,0.0,0.0,0.0,0.0,0.0,0.0,0.0,0.0,0.0,0.0032826416398098585,0.0,0.0,0.0,0.0,0.0,0.0,0.0,0.0,0.0,0.0,0.0,0.0,0.0,0.004630527114956989
n000362_7.jpg,0.0,0.0,0.0,0.0,0.0,0.0,0.0,0.017244995176632322,0.005524816628173696,0.0,0.028683708749696467,0.0,0.0,0.0,0.05345994227843684,0.0,0.0,0.0,0.0,0.0,0.0,0.0,0.0,0.0,0.0,0.0,0.0,0.0,0.0,0.0,0.0,0.0,0.0,0.0,0.0,0.0,0.0,0.0,0.0,0.0,0.0644494063335181,0.0,0.0,0.0,0.0,0.0,0.0,0.0,0.0,0.0,0.0,0.0,0.0,0.0,0.0,0.0,0.0,0.019959513353675712,0.0,0.0,0.0,0.0,0.0,0.0,0.0,0.0,0.0,0.014386964733436152,0.0,0.003509784274141291,0.05532076475186974,0.0,0.0,0.0,0.0,0.0,0.0,0.0,0.0,0.0,0.0,0.0,0.0,0.0,0.0,0.0,0.0,0.0,0.0,0.0,0.0,0.0,0.0,0.06072527341545667,0.0,0.019430403930480056,0.0,0.033273618588945446,0.0,0.0,0.0,0.0,0.0,0.0,0.0,0.0,0.0,0.0,0.0,0.0,0.0,0.0,0.0,0.0,0.0,0.0,0.0,0.0,0.0688415436369378,0.0,0.0,0.0,0.00853271822134976,0.0,0.0,0.0,0.0,0.0,0.005983007623488086,0.0,0.0,0.0,0.0,0.0,0.0,0.0,0.0,0.0,0.0,0.0,0.0,0.0,0.0,0.0,0.004015378730218717,0.0,0.0,0.0,0.0,0.0,0.0953275056777563,0.0,0.0,0.006753051250895865,0.0,0.07003872361493839,0.0,0.0,0.0,0.0,0.0,0.0,0.0,0.04719495024939774,0.0,0.0,0.0,0.0,0.0,0.0,0.0,0.0,0.0,0.0,0.0,0.0,0.0,0.0,0.0,0.0,0.0,0.0,0.0291544673080211,0.0,0.0,0.0,0.0,0.0,0.0,0.0,0.0,0.011999401702999173,0.0,0.0,0.0,0.0,0.0,0.0,0.023583717173342636,0.0,0.0016830569315054598,0.0,0.0,0.0,0.0,0.0,0.0,0.0,0.0017878580862599174,0.0,0.0,0.0,0.0,0.0,0.0,0.0,0.0,0.0,0.0,0.14204968846442784,0.0,0.0,0.0,0.0,0.0,0.0,0.0,0.0,0.0,0.0,0.0,0.0,0.0,0.0,0.0,0.0,0.0,0.0,0.0,0.0,0.0031479935606293216,0.0,0.0,0.0,0.0,0.0,0.0,0.04589379424964293,0.0,0.0,0.0,0.02547616599551653,0.0,0.0,0.026745674472307406,0.0,0.0,0.0,0.0,0.0,0.0,0.0,0.0,0.0,0.0,0.0,0.0,0.0,0.007850674002792362,0.0,0.0,0.0,0.07246590891005465,0.0,0.03303871440641038,0.0791163406128535,0.0,0.0,0.024561005492873687,0.0,0.0,0.0,0.0,0.0,0.0,0.0,0.0,0.0,0.0,0.0,0.0,0.0,0.0,0.0,0.044720763472907106,0.0,0.0,0.0,0.0,0.0,0.0,0.0,0.0,0.0,0.0,0.0,0.0,0.0,0.0,0.09753388088248292,0.0,0.0,0.0,0.0,0.0,0.031005303488559222,0.0,0.0,0.0,0.0,0.0,0.0,0.0,0.0,0.0,0.0,0.0,0.0,0.0,0.0,0.0,0.0,0.0,0.0,0.0,0.0,0.0,0.0,0.0,0.0,0.0,0.0,0.14798018600010443,0.0,0.0,0.0,0.0,0.0,0.0,0.008874529070433028,0.0,0.0,0.0,0.0,0.0,0.0,0.0,0.0,0.0,0.0,0.0010862485548573464,0.0,0.0,0.0,0.0,0.0,0.0,0.0,0.0,0.0,0.0,0.0,0.0,0.0,0.0,0.0,0.0,0.0,0.0,0.003443867263888253,0.0,0.0,0.0,0.03302427623314215,0.0,0.0,0.0,0.0,0.0,0.0,0.0,0.0,0.0,0.0,0.0,0.0,0.0,0.0,0.0,0.0,0.0,0.0,0.0,0.0,0.0,0.0,0.0,0.0,0.0,0.0,0.0,0.0,0.0,0.03323062432926274,0.0,0.0,0.0,0.0,0.0,0.055335369672143635,0.0,0.0,0.0,0.0,0.0,0.0,0.0,0.0,0.0,0.0,0.0,0.0,0.0,0.0,0.011819300379603494,0.03612313434774127,0.0,0.0,0.0,0.02072820910945437,0.0,0.0,0.021968920643044815,0.0,0.0,0.0,0.0,0.0,0.0,0.0,0.0,0.0,0.0,0.0,0.007017502076462386,0.0,0.05083160186537639,0.0,0.0,0.0,0.0,0.0,0.0,0.0,0.0,0.0,0.07474954885429477,0.0,0.0,0.0,0.0,0.0,0.0,0.0,0.0,0.0,0.0,0.0,0.0,0.0,0.056257618245916144,0.0,0.0,0.0,0.0,0.0,0.041493420173499,0.0,0.0,0.0,0.0,0.0,0.0,0.0,0.0,0.0,0.0,0.0,0.0,0.0,0.0,0.0,0.0,0.0,0.0,0.0,0.0,0.0,0.0,0.0,0.0,0.0,0.0,0.0,0.0,0.0,0.0,0.0,0.0,0.0,0.0,0.0,0.0,0.0,0.0,0.0,0.0,0.0,0.0,0.0,0.0,0.13018524199473522,0.0,0.0,0.0,0.0,0.02275608826156206,0.0,0.0,0.0,0.0,0.0,0.0,0.0,0.0,0.0,0.05420970563212794,0.0,0.0,0.0035212904792265923,0.0,0.0,0.0,0.0,0.0,0.0,0.0,0.0,0.0,0.0,0.0,0.0,0.0,0.0,0.03252386052881008,0.03708533868020437,0.0,0.0,0.0,0.0,0.0,0.0,0.0,0.0,0.0,0.0,0.0,0.0,0.0,0.0,0.0,0.0,0.0,0.0,0.0,0.0,0.0,0.0,0.0,0.04046311689327819,0.0,0.0,0.0,0.0,0.0,0.0,0.0,0.0,0.0,0.0,0.0,0.0,0.0,0.0,0.0,0.0,0.0,0.0,0.0,0.0,0.0,0.0,0.041367997310682934,0.0,0.0,0.055606431487129175,0.05183663635729441,0.0,0.0,0.0,0.0,0.0,0.0,0.0,0.0,0.0,0.0,0.0,0.0,0.0,0.14721149818465937,0.0,0.0,0.0,0.0,0.0,0.0,0.0,0.0,0.0010414226421783953,0.0,0.0,0.010761199976521762,0.0,0.0,0.0,0.0,0.0,0.0,0.0,0.0,0.0,0.0,0.0,0.0,0.0,0.0,0.0,0.0,0.0,0.0,0.0,0.0,0.0,0.0,0.04616263277121961,0.0,0.0,0.17468472425079223,0.0,0.0,0.0,0.0,0.0,0.0,0.0,0.0,0.03701447914313066,0.0,0.0,0.0,0.0,0.0,0.07026330271701162,0.0,0.0,0.0,0.0,0.0,0.0,0.0,0.0,0.0,0.0,0.0,0.0,0.0,0.0,0.0,0.0,0.0,0.0,0.0,0.0,0.0,0.0,0.0,0.0,0.0,0.0,0.0,0.0,0.0,0.0,0.0,0.0,0.0,0.0,0.0,0.03265130817669493,0.0,0.0,0.009687648345942943,0.0,0.016895685344155427,0.0,0.0,0.0,0.0,0.0,0.0,0.0,0.0,0.0,0.0,0.0,0.0,0.0,0.0,0.0,0.0,0.0,0.0,0.0,0.0,0.003920892399661868,0.0,0.0,0.0,0.0,0.03685661472399035,0.0,0.0,0.0,0.0,0.013394869015124327,0.020883073405881657,0.0,0.029294542733112685,0.0226472104071969,0.0,0.0,0.0,0.0,0.0,0.0,0.0,0.0,0.0,0.0,0.0,0.0,0.0,0.0904603246826442,0.06961851057355298,0.008929725637780234,0.0,0.05633740271795969,0.0,0.0,0.0,0.0,0.0,0.0,0.0,0.03241861670045726,0.0,0.0,0.0,0.0,0.0,0.0,0.0,0.0,0.0,0.0,0.021530272793810958,0.06229529440456683,0.0,0.0,0.0,0.0,0.005229240356577646,0.0,0.0,0.0,0.0,0.0,0.0,0.0,0.0,0.0,0.0,0.0,0.0,0.0,0.0,0.0,0.0,0.044120799806193475,0.0,0.0,0.0,0.0,0.0,0.0,0.0,0.0,0.0,0.09257883744927509,0.0,0.0,0.03231776387658692,0.0,0.0,0.0,0.0,0.0,0.0,0.0,0.0,0.0,0.0,0.0,0.0,0.0,0.0,0.0,0.06955262697887052,0.0,0.0,0.0,0.08692400712207382,0.0,0.0,0.0,0.0,0.0,0.0,0.0,0.0,0.012776593615733106,0.0,0.08635249367065995,0.0,0.0,0.0,0.0,0.0,0.0,0.0,0.0,0.0,0.003393405782146338,0.0,0.0,0.0,0.0,0.0,0.0,0.0,0.0,0.0,0.0,0.0,0.0,0.0,0.06836758512417113,0.0,0.0,0.0,0.006030828944306983,0.0,0.0,0.0,0.0,0.0,0.017646822375559854,0.0,0.0,0.0,0.0,0.0,0.0,0.0,0.0,0.0,0.0,0.0,0.0,0.0,0.0,0.0,0.0,0.04367680017211116,0.0,0.0,0.0,0.0,0.0,0.1044143705175411,0.0,0.0,0.0,0.0,0.0,0.0,0.0,0.0,0.0,0.0,0.0,0.0,0.0,0.012973734895040952,0.0,0.0,0.0848162508606972,0.0,0.0,0.0,0.0,0.12204384855773401,0.0,0.0,0.0,0.0,0.0,0.0,0.0,0.12295800328478712,0.0,0.0,0.0,0.0,0.0,0.00606545012220526,0.0,0.0,0.0,0.0,0.0,0.0,0.0,0.0,0.0,0.0,0.02098860837979993,0.0,0.0,0.0,0.0,0.0,0.0,0.0,0.017332460598047897,0.0,0.0,0.0,0.0,0.0,0.0,0.0,0.0,0.0,0.0,0.005572950930475448,0.0,0.0,0.0,0.0,0.0,0.0,0.0,0.0,0.0,0.0,0.0,0.0,0.0,0.0,0.0,0.0,0.0,0.0,0.0,0.0,0.0,0.045092736340876065,0.0,0.0,0.0,0.0,0.0,0.0,0.0,0.0,0.0,0.0,0.0,0.0,0.0,0.0,0.0,0.0,0.0,0.0,0.0,0.0,0.0,0.0,0.0,0.0,0.05135410757779217,0.0,0.0,0.0,0.0,0.0,0.0,0.0,0.0,0.0,0.03159153037813956,0.0,0.0,0.05541114692249551,0.0,0.0,0.0,0.0,0.0,0.0,0.0,0.0,0.0,0.0,0.0,0.0,0.0,0.0,0.0,0.0,0.0,0.0,0.0,0.0,0.0,0.0,0.0,0.0,0.0,0.0,0.0,0.0,0.0,0.0,0.0,0.0,0.0,0.0,0.0,0.006762995195344764,0.013931876423477159,0.0,0.007471176345345568,0.0,0.023349231181710662,0.03701346278042947,0.04595144107160115,0.0,0.0,0.0,0.03888285552059794,0.06764754508593415,0.0,0.0,0.0,0.0,0.0,0.0,0.0,0.0,0.0,0.0,0.0,0.057381583054540795,0.0,0.07909911538249059,0.0,0.0,0.0,0.0,0.0,0.0,0.0,0.0,0.0,0.0,0.0,0.0,0.0,0.0,0.0,0.0,0.0,0.0,0.07527921145406477,0.0,0.0,0.0,0.0,0.0,0.0,0.0,0.0,0.0,0.0,0.0,0.0,0.0,0.0,0.0,0.0,0.0,0.0,0.0,0.0,0.0,0.0,0.0,0.0,0.0,0.0,0.0,0.0,0.0,0.0,0.0,0.0,0.0,0.0,0.029535018383059233,0.0,0.0,0.0,0.0,0.0,0.0,0.0,0.03929950599897346,0.0,0.007737857081265615,0.0,0.0,0.0,0.0,0.0,0.0,0.054321801968380205,0.0,0.0,0.0,0.0,0.0,0.014176835715131567,0.0,0.0,0.0,0.0,0.10702080090341283,0.0,0.0,0.0,0.0,0.0,0.0,0.0,0.0,0.0,0.0,0.0,0.041119801009696345,0.0,0.0,0.0,0.0,0.0,0.0,0.05853088811447068,0.0,0.0,0.0,0.0,0.0,0.0,0.0,0.020608307425270294,0.05961921141232906,0.0,0.0,0.0,0.0,0.0,0.0,0.0,0.06482825553038732,0.0,0.0,0.0,0.0,0.0,0.0,0.0,0.0,0.0,0.0,0.0,0.0,0.0,0.0,0.0,0.0,0.0,0.0,0.0,0.0,0.0,0.0,0.0,0.0023811727161226846,0.0,0.0,0.0,0.0,0.0,0.0,0.0,0.0,0.0,0.0,0.0,0.0,0.0,0.0,0.0,0.0,0.0,0.0,0.0,0.0,0.0,0.0,0.0,0.0,0.0,0.0,0.0,0.0,0.0,0.025426245118154087,0.0,0.0,0.0,0.0,0.0,0.0,0.0,0.0,0.0,0.0,0.0,0.0,0.0,0.0,0.0,0.0,0.0,0.0,0.0,0.023792471190544957,0.01503740642425337,0.0,0.0,0.0,0.0,0.0,0.0,0.03857788054079374,0.0,0.0,0.0,0.0,0.0,0.015889566996700598,0.0,0.0,0.0,0.0,0.0,0.0,0.0,0.0,0.0,0.0,0.0,0.0,0.0,0.0,0.0,0.0,0.0,0.0,0.05361910361873231,0.0,0.0,0.0,0.0,0.0,0.0,0.0,0.0,0.0,0.0,0.0,0.0,0.0,0.0,0.0,0.0,0.0,0.0,0.0,0.0,0.0,0.0,0.0,0.0,0.0,0.0,0.0,0.0,0.0,0.0,0.0,0.10052547038366043,0.0,0.0,0.0,0.04341507354266495,0.0,0.0,0.0,0.0,0.0,0.0,0.04543141274326953,0.0,0.0,0.0,0.0,0.03652284015420785,0.0,0.0,0.0,0.0,0.0,0.0,0.0,0.0,0.0,0.0,0.0,0.0,0.0,0.0,0.0,0.0,0.0,0.0,0.0,0.0,0.0,0.0,0.0,0.0,0.03919096693217536,0.0,0.0,0.0,0.0,0.0,0.0,0.0,0.0,0.0,0.0,0.0,0.0,0.002023508660153672,0.0,0.0,0.0,0.0,0.0,0.0,0.02097666347128306,0.0,0.0,0.039343228122569775,0.0,0.0,0.0,0.0,0.0,0.007583606837303632,0.0023895328948650065,0.0,0.025227321233952354,0.0,0.0,0.0,0.0,0.011024480264576298,0.0,0.0,0.0,0.0,0.0,0.0,0.05977411144025756,0.0,0.0,0.0,0.04724861102388722,0.04437584861507951,0.0,0.04993449768134691,0.0,0.002534241504613978,0.0,0.0,0.0,0.0,0.0,0.0,0.02355597364773354,0.0,0.0,0.03793109008004499,0.0,0.0,0.0,0.0,0.0,0.0,0.0,0.0,0.0,0.0,0.0,0.0,0.0,0.0,0.015180835316903315,0.0,0.0,0.01984850748990493,0.0,0.0,0.0,0.0,0.0,0.0,0.0,0.0,0.0,0.0160954227921378,0.0,0.0,0.0,0.0,0.0,0.0,0.0,0.014463530723592594,0.0,0.0,0.0,0.001887682802352274,0.0,0.0,0.0,0.0,0.0,0.0,0.04874226188440315,0.0,0.0,0.0,0.0,0.08532361700370981,0.0,0.0,0.0,0.0,0.08467437297987773,0.0,0.0,0.0,0.0,0.0,0.0,0.016996240405515648,0.06173706777804876,0.0,0.0,0.0,0.0,0.0,0.0,0.0,0.0,0.0,0.0,0.0,0.05338023720972932,0.0,0.0,0.0,0.0,0.0,0.0,0.0,0.0,0.054560091379808044,0.0,0.0,0.0,0.0,0.0,0.0,0.0,0.0,0.0,0.0,0.0,0.0,0.0,0.0,0.0,0.0,0.0,0.0,0.0,0.0,0.0231544627387612,0.0,0.0,0.0,0.0,0.0,0.0,0.0,0.0,0.0,0.0,0.0,0.0,0.0,0.0,0.07042307281621665,0.0,0.0,0.0,0.0,0.0,0.0,0.0020786020031640386,0.0,0.0,0.0,0.0,0.0,0.0,0.0,0.0,0.0,0.0,0.0,0.0,0.0,0.0,0.0,0.0,0.0,0.0,0.03452684673507218,0.0,0.0,0.0,0.0,0.0,0.0,0.0,0.0,0.0,0.0,0.0,0.0,0.0,0.0,0.0,0.0,0.0,0.0,0.0,0.0,0.0,0.05712275994041544,0.0,0.0,0.0,0.0,0.0,0.0,0.0,0.0,0.0,0.0,0.0,0.0,0.0,0.0,0.0,0.0,0.0,0.0,0.07477265522507968,0.0,0.0,0.0,0.0,0.0,0.0,0.0,0.0,0.0,0.0,0.0,0.0,0.010252030054392324,0.0,0.0,0.0,0.01233078755575609,0.0,0.0,0.0,0.0,0.0,0.0,0.0,0.0,0.0,0.0,0.0,0.024548345954332543,0.0,0.0,0.0,0.0,0.0,0.0,0.0,0.0,0.0,0.0,0.0,0.0,0.0,0.011161693861098448,0.0,0.006602853223849311,0.026360515357001627,0.0,0.0,0.0,0.0,0.0,0.0,0.0,0.0,0.0,0.022683862987108627,0.0,0.0,0.0,0.0,0.0,0.0,0.0,0.0,0.0,0.0,0.025564642486077562,0.0,0.0,0.04773850313941736,0.0,0.015241963975146475,0.0,0.0,0.0,0.0,0.0,0.0,0.0,0.0,0.0,0.0,0.0,0.0,0.0,0.0,0.06827687475308977,0.0,0.0,0.0,0.0,0.0,0.0,0.0,0.0,0.028828447797390917,0.0,0.0,0.009024148114821025,0.0,0.0,0.0,0.0,0.0,0.0,0.04454342406221636,0.003364793120854944,0.0326680861015982,0.0,0.0,0.06908801159197679,0.0,0.0,0.0,0.0,0.0,0.0,0.007246307421095836,0.01799068249240718,0.0,0.0,0.0,0.0,0.0,0.0,0.0,0.0,0.0,0.0,0.0,0.0,0.0,0.0,0.0,0.0,0.0,0.0,0.09330384284279183,0.0,0.0,0.0,0.08750546716471444,0.0,0.0,0.0,0.0,0.04490683195700548,0.0,0.0,0.0,0.0,0.0,0.0,0.0,0.0,0.0,0.0,0.06075260933727414,0.04354844203263982,0.0,0.0,0.07301945603330265,0.0,0.0,0.0,0.0,0.0,0.0,0.0,0.0,0.0,0.0,0.0,0.0,0.0,0.0,0.0,0.0,0.0,0.0,0.0,0.0,0.0017085894050533335,0.0,0.0,0.08811182809353428,0.0,0.0,0.0,0.011593290694092788,0.0,0.0,0.0,0.0,0.0,0.0,0.0,0.0,0.0,0.079410307643506,0.11099123238272973,0.019948302926017125,0.0,0.0,0.0,0.0,0.0,0.0,0.0,0.0,0.06694894924198118,0.0,0.0,0.022355850452744075,0.0,0.0,0.0,0.0,0.0,0.0,0.0,0.0,0.0,0.0,0.0,0.0,0.0,0.0,0.0,0.11125830285669079,0.0,0.0,0.0,0.0,0.0,0.0,0.0,0.0,0.0,0.0,0.0,0.0,0.0,0.0,0.0,0.024865684033556712,0.0,0.0,0.0,0.0,0.0,0.0,0.0,0.0,0.0,0.0,0.0,0.0,0.0,0.0,0.08511266880765518,0.0,0.0,0.0,0.0,0.0033250696169222346,0.0,0.0,0.0,0.0,0.0,0.0,0.007264709805915395,0.0,0.0,0.0,0.06121688064304507,0.0,0.0,0.0,0.0,0.0,0.0,0.0,0.0,0.0,0.0,0.0,0.0,0.0,0.0,0.0,0.0,0.034556660040973804,0.0,0.0,0.0,0.0,0.0,0.047920410888707736,0.0,0.0,0.0,0.0,0.0,0.0,0.0,0.0,0.0,0.0,0.0,0.0,0.0,0.0,0.0022693516447686544,0.0,0.011261972334171496,0.0,0.0,0.0,0.004573494522913585,0.0,0.0,0.0,0.0,0.06051872945777387,0.0,0.0,0.0,0.0,0.0,0.0007872771289515212,0.0,0.0,0.0,0.0,0.0,0.0,0.0,0.0,0.0,0.0,0.0,0.0,0.0010148841449053756,0.0,0.10181268315760826,0.0,0.0,0.0,0.0,0.0,0.0,0.05121321429833947,0.0,0.0,0.0,0.0,0.0,0.0,0.0,0.0,0.0,0.0,0.0,0.0,0.0,0.0,0.0,0.0,0.0,0.0,0.0346890598102491,0.0,0.0,0.0,0.0,0.0,0.0,0.0,0.0,0.0,0.0,0.0,0.0,0.0,0.0,0.0,0.0,0.0,0.0,0.0,0.0,0.0,0.0,0.0,0.0,0.0020242973999582427,0.0,0.0,0.0,0.0,0.0,0.0,0.0,0.002850392503964491,0.0,0.0,0.0,0.0,0.0,0.0,0.0,0.0,0.0400515508751865,0.0,0.0,0.0,0.0,0.0,0.0,0.007071164174340801,0.0,0.0,0.0,0.0,0.0,0.024699611956248705,0.0,0.0,0.0,0.0,0.0,0.0,0.0,0.0,0.0,0.0,0.0,0.0,0.0,0.0,0.0,0.00861648543238971,0.0,0.0,0.0,0.0,0.0,0.025011579723179342,0.0,0.0,0.0,0.0303355601701419,0.0,0.0,0.0,0.028644147360908152,0.052971124754720975,0.0,0.0,0.0,0.0,0.0,0.0,0.0,0.0,0.0,0.0,0.0,0.0,0.0,0.0,0.0,0.0,0.0,0.0,0.0,0.01590352345639691,0.009037329730296572,0.0,0.0,0.059712139783263535,0.0,0.0,0.0,0.0,0.0,0.0,0.0,0.0,0.08856268023551604,0.001525500861986737,0.0,0.0,0.0,0.0,0.0,0.0,0.0,0.0,0.0,0.0,0.0,0.0,0.0,0.0,0.0,0.0,0.0,0.0,0.0,0.0,0.05324099551966605,0.0,0.0,0.0,0.0,0.0,0.0,0.0,0.0,0.0,0.0,0.0,0.0,0.0,0.0,0.0,0.0,0.0,0.0,0.0,0.0,0.0,0.0,0.0,0.0,0.0,0.0,0.0,0.0,0.0,0.03672211341308811,0.0,0.0,0.0,0.012871767777688321,0.0,0.0,0.0,0.0,0.0,0.0,0.0,0.0,0.0,0.0,0.03542494346080204,0.0,0.0,0.0,0.0,0.0,0.0,0.0,0.0,0.0,0.0,0.007015577868952578,0.0029733230945709027,0.0,0.0,0.0,0.0,0.0,0.0,0.0,0.0,0.10115703393133638,0.0,0.037501253354332666,0.0,0.0,0.0,0.0,0.0,0.0,0.022324083824776096,0.0,0.0,0.0,0.004705098273745172,0.0,0.0,0.0,0.0,0.0,0.0,0.0,0.0,0.0,0.0,0.0,0.0,0.0,0.0,0.0,0.0,0.0,0.0,0.0,0.0,0.0,0.017108346005490455,0.0,0.0,0.0,0.0,0.0,0.0,0.0,0.0,0.0,0.0,0.0,0.0,0.0,0.0,0.0,0.0,0.0,0.0,0.0,0.0,0.0,0.0,0.0,0.0,0.0,0.0,0.0,0.0,0.0,0.0,0.0,0.0,0.0,0.0,0.0,0.0,0.0,0.0,0.0,0.0,0.0,0.04495623141912799,0.0,0.0,0.0,0.0,0.0,0.010851764113125932,0.0,0.0270180173277809,0.010503796858722424,0.0,0.0,0.0,0.0,0.0,0.0,0.0,0.0,0.0,0.0,0.0,0.0,0.0,0.0,0.0,0.0,0.0,0.0,0.0,0.0,0.0,0.026584618039058667,0.0,0.0,0.0,0.0,0.0,0.0,0.0,0.0,0.0,0.0,0.0,0.028933471943180727,0.0,0.0625757575745384,0.0,0.0,0.0,0.0,0.0,0.04826192993053109,0.0,0.015818123845107064,0.0,0.0,0.0,0.0,0.0,0.0,0.0,0.0,0.0,0.0,0.0,0.0,0.0,0.06444366282554523,0.0,0.0,0.0,0.0,0.0,0.0,0.0,0.0,0.0,0.0,0.0,0.0,0.0,0.0,0.0,0.0,0.0003537193644044588,0.0,0.0,0.0,0.0,0.0,0.0,0.027356818128734143,0.0,0.0,0.0,0.0,0.0,0.0,0.0,0.0,0.0,0.0,0.0,0.0,0.01590717071629858,0.0,0.0,0.0,0.0,0.0,0.0,0.0,0.0,0.0927099164763944,0.0,0.0,0.0,0.0,0.0,0.0,0.0,0.0,0.0,0.0,0.0,0.0,0.0,0.0,0.0,0.0,0.0,0.0,0.0,0.0,0.0,0.06548407944399848,0.0,0.0,0.0,0.0,0.03403124551968144,0.0,0.0,0.0,0.0,0.0,0.0,0.0,0.0,0.0,0.0,0.0,0.0,0.0,0.0,0.0,0.0,0.02024165325742645,0.015980506314067514,0.0,0.0,0.0,0.0,0.03759499693285039,0.0,0.0,0.0,0.0,0.0,0.0,0.0,0.0,0.0,0.0,0.0,0.0,0.10224500785451622,0.0,0.04785944500730344,0.0,0.0,0.0,0.0,0.0,0.0,0.0,0.0,0.0,0.0,0.03636241365409162,0.0,0.0,0.0,0.0,0.0,0.0,0.0,0.0,0.0,0.0,0.0,0.0,0.0,0.0,0.0,0.0,0.0,0.0,0.0,0.06821210809866747,0.0,0.0,0.0,0.0,0.0,0.0,0.0,0.0,0.0,0.0,0.0,0.0,0.0,0.0,0.006596426185492101,0.0,0.0,0.0,0.0,0.0,0.0,0.01394150407797087,0.0,0.0,0.0,0.0,0.0,0.0,0.0,0.0,0.0,0.0,0.0,0.0,0.0,0.0,0.0,0.0,0.02260122264174584,0.0,0.0,0.0,0.0,0.0,0.0,0.0,0.0,0.0,0.0,0.0,0.0,0.0,0.0,0.016695444687964522,0.0,0.11218749128203237,0.0,0.0,0.0,0.0,0.0,0.0,0.0,0.0,0.0,0.0,0.0,0.0,0.0,0.0,0.0,0.026840172382517423,0.0,0.0,0.0,0.0,0.0047127729370197635,0.0,0.0,0.0,0.0,0.0,0.0,0.0,0.0,0.0,0.0,0.0,0.0,0.0076553312090456085,0.0,0.023045423430946108,0.0,0.0,0.0,0.0,0.0,0.0,0.0,0.0,0.0,0.0,0.0,0.0,0.0,0.0,0.0,0.021001042942222322,0.0,0.0,0.0,0.0,0.0,0.0,0.0,0.0017831415280996996,0.0,0.0,0.0,0.0,0.0,0.0,0.0,0.0,0.0,0.0,0.018649619016790738,0.0,0.0,0.05979269711444445,0.0,0.006239909838575964,0.0,0.0,0.05185361279053775,0.0,0.0,0.0,0.0,0.0,0.0,0.0,0.0,0.0,0.0,0.0,0.05285664631838779,0.04859876417552864,0.0,0.0,0.0,0.0,0.0,0.0,0.0,0.0,0.0,0.024278888086734823,0.0,0.0,0.0,0.0,0.0,0.0,0.0,0.03764752488641251,0.0,0.0,0.0,0.0,0.04348158971725779,0.0,0.0,0.0,0.02107440103760313,0.0,0.0,0.010999974409993854,0.0,0.0,0.0,0.0,0.0,0.0,0.0,0.0,0.0,0.0,0.0,0.0,0.006973950008344067,0.0,0.0,0.0,0.0,0.0,0.0,0.10056572258147221,0.0,0.0,0.0,0.0,0.0,0.0,0.0,0.023370037502528546,0.0,0.0,0.0,0.0,0.0,0.0,0.0,0.0,0.0,0.0,0.0,0.0,0.0,0.0,0.0,0.0,0.0,0.0,0.0,0.0,0.0,0.0,0.0,0.0,0.0,0.0,0.0,0.0,0.0,0.0,0.0,0.0,0.0,0.0,0.0,0.004241674598586366,0.0,0.0,0.0,0.0,0.0,0.0,0.0,0.0,0.0,0.0,0.0,0.02603319627843841,0.000428664203116943,0.0,0.0,0.07008940411754887,0.0,0.0,0.0,0.0,0.024222980197835677,0.0,0.03396811986753711,0.0,0.0,0.06543812079310396,0.0,0.0,0.0,0.0,0.0,0.03463448060383953,0.0,0.0,0.0,0.0,0.0,0.0,0.0,0.0,0.0,0.0,0.0,0.0,0.0,0.0,0.0,0.0,0.0,0.0,0.0,0.0,0.006124074928585587,0.04894526445329899,0.0,0.0,0.0,0.0,0.0,0.0,0.0043790499794056775,0.0,0.0,0.0,0.0,0.03038112974468986,0.008175543488439034,0.0,0.0,0.0,0.0,0.0,0.0,0.0,0.0,0.0,0.0,0.0,0.0,0.0,0.0,0.0,0.0,0.0,0.0,0.010343060023901209,0.0,0.0,0.0,0.0,0.0,0.0,0.0,0.0,0.0,0.0,0.0,0.0,0.0,0.0,0.0,0.0,0.0,0.0,0.0,0.0,0.0,0.0,0.0,0.0,0.0,0.0,0.0,0.03749042273929809,0.0,0.0,0.0,0.029508764993389648,0.0,0.0,0.026471502693327337,0.0,0.054306540647195124,0.0,0.0,0.0,0.0,0.0,0.0,0.0,0.03512302286265715,0.0,0.018731100073447474,0.0,0.0,0.0,0.0,0.0,0.0,0.0,0.0,0.0,0.0,0.0,0.0,0.0,0.0,0.0,0.0,0.0,0.0,0.0,0.0,0.0,0.0,0.0,0.0,0.0,0.0,0.0,0.0,0.0,0.0,0.0,0.0,0.0,0.07446544371797728,0.0,0.0,0.0,0.0,0.0,0.0,0.0,0.0,0.0,0.0,0.0,0.0,0.0,0.0,0.0,0.0,0.0,0.0,0.0,0.004770454497937494,0.0,0.0,0.0,0.0,0.0,0.0,0.0,0.0,0.0,0.0,0.029660068050195963,0.0,0.0,0.0,0.0005812413526193138,0.0,0.0,0.0,0.019637813384525592,0.004242067314252484,0.024092332595508793,0.0,0.0,0.0,0.0,0.0,0.0,0.0,0.0,0.0,0.0,0.013016172007982508,0.0,0.0,0.0,0.0,0.0,0.0,0.05428665805185306,0.0,0.0,0.0,0.0,0.0,0.0,0.0,0.0,0.0,0.0,0.0,0.0,0.0,0.0,0.042351293815973634,0.0,0.0,0.0,0.0047517748631362945,0.0,0.0,5.405415185006612e-05,0.0,0.0019304558906594088,0.0,0.0,0.0,0.0,0.0,0.0,0.0,0.0,0.0,0.0,0.0,0.0,0.0,0.0,0.0,0.0,0.0,0.0,0.0,0.0,0.07113373796724629,0.0,0.0,0.0,0.0,0.0,0.0,0.0,0.0,0.0,0.0,0.03380912792102517,0.002684682373529892,0.0,0.0,0.0,0.0,0.0,0.0,0.0,0.0,0.0,0.0,0.0,0.03830852854431073,0.0,0.0,0.0,0.0,0.0,0.0,0.0,0.0,0.0,0.0,0.0,0.0,0.010246528726594338,0.0,0.0,0.0,0.0,0.0,0.0,0.016283850878705222,0.0,0.0,0.0,0.0,0.0,0.0,0.0,0.0,0.0,0.0,0.0,0.01793847876913386,0.0,0.0,0.0,0.0,0.0,0.0,0.0,0.0685372647597128,0.0,0.007061433957204717,0.0,0.0,0.0,0.0,0.0,0.0,0.0,0.0,0.0,0.0,0.0,0.0,0.0,0.0,0.0,0.0,0.0878694944055246,0.0,0.0,0.0,0.008946346079400374,0.0,0.007265741387589325,0.0,0.0,0.0,0.0,0.0,0.0,0.0737460918419859,0.0,0.0,0.0,0.0,0.0,0.0,0.0,0.0,0.0,0.0,0.0,0.0,0.0,0.0,0.0,0.0,0.0,0.0,0.0,0.0,0.0,0.0,0.0,0.01730758750303631,0.008072929233897753,0.0,0.0,0.0,0.0,0.0,0.0,0.0,0.0,0.0,0.0,0.0,0.0,0.0,0.0,0.0,0.0,0.0,0.0029650965781108985,0.0,0.0,0.0,0.0,0.0,0.0,0.0,0.0,0.0,0.0,0.003396776122913604,0.0,0.0,0.0,0.0,0.0,0.0,0.0,0.015869563972965555,0.0,0.0,0.0,0.0,0.049566097963499325,0.0,0.0,0.0,0.0,0.0,0.0,0.0,0.0,0.00570330672554242,0.0,0.0,0.0,0.0,0.0,0.0,0.0,0.0,0.0,0.0,0.0,0.0,0.0,0.0,0.0,0.0487324370449583,0.0,0.0,0.0,0.0,0.0,0.0,0.0,0.0,0.0,0.0,0.0,0.0,0.0,0.0,0.0,0.0,0.053094522832468266,0.0,0.0,0.08936464334231364,0.0,0.0,0.030643250744038352,0.0,0.0,0.0,0.0,0.0,0.0,0.0,0.0,0.0,0.0,0.0,0.0,0.0,0.0,0.0,0.0,0.0,0.0,0.0,0.06767996811481332,0.0,0.0,0.0,0.0,0.0,0.06308055104946361,0.0,0.0,0.04624552985403556,0.004288560945123503,0.0,0.0,0.0,0.00514052929532809,0.0,0.0,0.0,0.0,0.0,0.0,0.0,0.0,0.0,0.05285716508684986,0.0,0.0,0.0,0.0,0.0,0.0,0.0,0.0,0.0,0.0,0.0,0.0,0.0,0.0017601914826326046,0.0,0.0,0.0,0.0,0.0,0.0480835953313621,0.0,0.011943206638701381,0.0,0.06265989334939642,0.0,0.009680279054664835,0.0,0.0,0.0,0.0,0.0,0.0,0.0,0.0,0.0,0.0,0.0,0.0,0.0,0.036361635501398516,0.023437787075607727,0.0,0.0,0.0,0.0,0.0,0.0,0.0,0.0,0.0,0.0,0.0,0.0,0.019360894250118867,0.0,0.0,0.0,0.0,0.0,0.0,0.0,0.013420080897702977,0.0,0.0,0.0,0.0,0.0,0.0,0.0,0.0,0.06853625369056733,0.0,0.0,0.0,0.0,0.0,0.0,0.0,0.0,0.0,0.0,0.0,0.0,0.015440463051500444,0.0,0.0,0.0,0.0,0.0,0.0,0.0,0.0,0.0,0.0,0.0,0.0,0.047489960110530104,0.0,0.0,0.0,0.0,0.0,0.0,0.0,0.0,0.0008375159505053169,0.0,0.0,0.0,0.0,0.0,0.0,0.0,0.04481776258820209,0.0,0.0,0.0,0.0,0.0,0.0,0.0,0.0,0.0,0.0,0.0,0.0,0.0,0.0,0.0,0.0,0.0,0.0,0.0,0.0,0.0,0.0,0.0,0.0,0.02590653737035813,0.0,0.0,0.0,0.0,0.0,0.0,0.0,0.0,0.0,0.0,0.0,0.0,0.0,0.0,0.0,0.0,0.0,0.0,0.0,0.0,0.0,0.026172657651064694,0.0,0.0,0.0,0.0,0.0,0.0,0.0,0.002430367714654911,0.0,0.0,0.0,0.0,0.0,0.0,0.0,0.0,0.0,0.0,0.0,0.0,0.0,0.0,0.0,0.0,0.0,0.0,0.0,0.0,0.0,0.0,0.0,0.0,0.0,0.0,0.0,0.0,0.0,0.0,0.0,0.0,0.0,0.0,0.0,0.0,0.02199415767001321,0.0,0.0,0.0,0.025400491969501497,0.0,0.0,0.09818918073407627,0.0,0.0,0.0,0.0,0.0,0.0,0.0,0.0,0.007021216167505217,0.0,0.0,0.0,0.0,0.0,0.0,0.0,0.0,0.0,0.0,0.0,0.01301531577534231,0.0,0.0,0.0,0.05183719218064662,0.0,0.0,0.001708886836716215,0.0,0.0,0.0,0.0,0.0,0.0,0.0,0.0,0.06231461588300095,0.0,0.0,0.0,0.0,0.0,0.0,0.0,0.0010867294413111819,0.0,0.0,0.0,0.0,0.0,0.0,0.0,0.012248455560014892,0.0,0.0,0.003196756803521882,0.0,0.0,0.0,0.0,0.0,0.0,0.0,0.06732780373240613,0.0,0.0,0.0,0.0,0.0,0.0,0.0,0.0,0.0,0.0,0.0,0.0,0.0,0.0,0.0,0.0002883258578645162,0.0,0.0,0.0,0.0,0.0,0.0,0.0,0.0,0.0,0.0,0.0,0.0,0.0,0.0,0.0,0.0,0.0,0.0,0.0,0.0,0.0,0.0,0.0,0.0,0.0,0.0,0.0,0.0,0.0,0.0,0.0,0.0,0.0,0.0,0.0,0.0,0.0,0.0,0.0,0.010925440483545329,0.0,0.0,0.0,0.0,0.0,0.0,0.0,0.0,0.0,0.0,0.0,0.0,0.0,0.0,0.0,0.0,0.0,0.0,0.0,0.0,0.0,0.0,0.0,0.0,0.0,0.0,0.0,0.0,0.0,0.0,0.0,0.04957505995335931,0.0,0.0,0.0,0.011593334365927604,0.0,0.0,0.0,0.0,0.0,0.0,0.0,0.0,0.0,0.0,0.0,0.0,0.0,0.022038657946302626,0.0,0.0,0.0,0.0,0.0,0.0,0.0,0.04909858170806261,0.0,0.0,0.05624328859054049,0.0,0.0,0.0,0.0,0.0006443844155993037,0.0,0.0,0.0,0.0,0.0,0.0,0.0,0.0,0.0,0.07022722713467505,0.0,0.0,0.0,0.07190281221226003,0.0,0.0,0.0,0.0,0.0,0.0,0.0015976594707226306,0.0,0.0,0.0,0.0,0.0,0.0,0.010455190768265758,0.0,0.0,0.0,0.0,0.0,0.0,0.005072189821631651,0.0,0.0,0.01306890376344043,0.0,0.0,0.0,0.0093758347538231,0.0,0.0,0.0,0.0,0.04592782651946565,0.0,0.0,0.0,0.0,0.02061184616727939,0.0,0.0,0.0,0.05062429034211196,0.0,0.0,0.0,0.046214716066099955,0.08982605083443175,0.0,0.0,0.0,0.007132765944127809,0.0,0.0,0.002586428520102008,0.0,0.0,0.0,0.0,0.0,0.0,0.0,0.0,0.0,0.0,0.0,0.0,0.0,0.0,0.0,0.0,0.0,0.0,0.06637080825878662,0.0,0.0,0.0,0.0,0.0,0.0,0.0,0.02006440516057214,0.0,0.0,0.0,0.0,0.0,0.0,0.0,0.0,0.0,0.0,0.0,0.0,0.0,0.0,0.0,0.0,0.03642434296263975,0.0,0.0,0.0,0.0,0.0,0.0,0.0,0.0,0.0,0.0,0.0,0.05309598385385123,0.0,0.0,0.016892375548431884,0.0,0.0,0.0,0.0,0.0,0.0,0.0,0.0,0.0,0.0,0.0,0.0,0.0,0.0,0.0,0.0,0.0,0.0,0.0,0.0,0.0,0.019822729196862593,0.0,0.0,0.0,0.0,0.010839479093653065,0.0,0.0,0.0,0.015148957524264896,0.0,0.0,0.00864799333782112,0.0,0.0,0.0,0.0,0.0,0.0,0.0,0.0,0.0,0.0,0.02953647411088646,0.0,0.0379470210360306,0.0,0.0,0.0,0.0,0.0,0.0,0.0,0.0,0.0,0.0,0.0,0.0,0.0,0.0,0.0,0.0,0.0,0.0,0.0,0.0,0.0,0.0,0.0,0.0,0.0,0.0,0.0,0.0,0.0,0.0,0.0,0.0,0.0,0.0,0.0,0.0,0.044921992700631595,0.07476713404644769,0.0,0.0,0.0,0.0,0.0,0.0,0.0,0.0,0.06329924901111483,0.0,0.0,0.0,0.0,0.0,0.0,0.0,0.0,0.0,0.0,0.0,0.0,0.0,0.0,0.0,0.0,0.0,0.0,0.1478306112892457,0.0,0.0,0.0,0.0,0.0,0.0,0.0,0.0,0.0,0.0,0.0,0.0,0.0,0.0,0.0,0.0,0.0,0.0,0.0,0.0,0.0,0.0,0.0,0.0,0.0,0.0,0.014790272804580657,0.0,0.0,0.0,0.0,0.0,0.0,0.0,0.0,0.0,0.0,0.0,0.0,0.0,0.0,0.0,0.0,0.0,0.0,0.11298809923856173,0.0,0.0,0.0,0.0,0.0,0.0,0.0,0.0,0.0,0.0,0.0,0.0,0.04713004066897059,0.0,0.0,0.0,0.009658022299575457,0.0,0.0,0.0,0.0,0.0,0.0,0.006829375722571881,0.0,0.0,0.021663577761117003,0.0,0.0,0.0,0.023039989595983745,0.0,0.0,0.0,0.0,0.030237632035815358,0.0,0.0,0.0,0.0,0.0,0.09589582182150601,0.0,0.004116007901359233,0.0,0.0,0.0,0.0,0.0,0.0,0.0,0.0,0.0,0.025313206528980923,0.06190430179084067,0.045254888540162026,0.0,0.0,0.0,0.0,0.0,0.0,0.0,0.0,0.0,0.0,0.0,0.0,0.0,0.0,0.03439555596572345,0.0,0.0,0.0,0.0,0.0,0.0,0.0,0.0,0.0,0.0,0.0,0.0,0.0,0.0,0.0,0.0,0.0,0.0,0.0,0.0,0.0,0.0,0.0,0.0,0.071863645193374,0.0,0.0,0.0,0.0,0.0,0.0,0.0,0.0,0.0,0.04644357236120735,0.0,0.0,0.0,0.0,0.0,0.0,0.0,0.0,0.0,0.0,0.035852419260656396,0.004732189037762647
n000362_8.jpg,0.0,0.0,0.0,0.0,0.0,0.0,0.0,0.0,0.04568561876136405,0.0,0.0,0.007508795663152918,0.0,0.0,0.0,0.0,0.0,0.0,0.024234062659017487,0.0,0.0,0.0,0.0,0.0,0.0,0.0,0.0,0.035235248384623157,0.0,0.0,0.0,0.0,0.0,0.0,0.009142701004923892,0.0,0.0,0.0,0.0,0.0,0.0,0.0,0.0,0.0,0.0,0.0,0.0,0.0,0.0,0.0,0.0,0.020652905607318427,0.0,0.07760460829222167,0.0,0.0,0.0,0.0,0.0,0.0,0.0,0.0,0.0005807470222115032,0.0,0.0,0.0,0.0,0.05636716663490856,0.0,0.0,0.06134077251472661,0.0,0.0,0.0,0.0,0.0,0.0,0.0,0.035432658701039614,0.0,0.0,0.0,0.0,0.0,0.0,0.0,0.0,0.0,0.0,0.0,0.0,0.0,0.0,0.0,0.0,0.0,0.0,0.0,0.0,0.0,0.0,0.0,0.0,0.0,0.0,0.0,0.0,0.0,0.0,0.0,0.0,0.0,0.0,0.0,0.0,0.0,0.0,0.0,0.03093100061708758,0.0,0.0,0.0,0.0,0.0,0.0,0.0,0.0,0.0,0.0,0.0,0.0,0.0,0.0,0.0,0.0,0.0,0.0,0.0,0.0,0.0,0.0,0.0,0.0,0.0,0.0023119444236614677,0.0,0.0,0.0,0.0,0.0,0.0,0.0,0.004658682444640873,0.0,0.0,0.028165133634509704,0.0,0.0,0.07602802155781009,0.0,0.05482186560498354,0.0,0.0,0.08058240519474257,0.0,0.0,0.0,0.0,0.0,0.0,0.0,0.0,0.0,0.0,0.02040781402842289,0.0,0.0,0.0,0.01443326443296875,0.0,0.0,0.0,0.022409756976585656,0.00395366054005763,0.0,0.022840513821810404,0.0,0.0,0.0,0.0,0.01706771260678209,0.0,0.021961668532771126,0.0,0.0,0.0,0.0,0.0,0.0,0.0,0.0,0.0,0.0,0.0,0.0,0.02376182565888418,0.004477461757285538,0.04847584087473734,0.0,0.0,0.0,0.0,0.0,0.0,0.0,0.024298746292014207,0.0,0.0,0.0,0.14867881896943738,0.0,0.0,0.0,0.0,0.002444241658110637,0.0,0.0,0.0,0.0,0.0,0.0,0.0,0.0,0.0,0.0,0.0,0.0,0.0,0.0,0.0,0.0,0.0,0.0,0.0,0.007040734049628621,0.0,0.0,0.06112751535377119,0.0,0.0,0.0,0.0,0.0,0.0,0.0,0.0,0.0,0.0,0.04246016488316588,0.0,0.0,0.0,0.0,0.0,0.0,0.0,0.0,0.0,0.0,0.0,0.0,0.0,0.049661795273829794,0.0,0.06591931503670169,0.0,0.0,0.0,0.042306132624662075,0.0,0.0,0.0,0.0,0.0,0.0,0.0,0.0,0.0,0.0,0.0,0.0,0.0,0.0,0.0,0.0,0.0,0.0,0.0,0.0,0.0,0.014235256341660526,0.0,0.0,0.0,0.0,0.0,0.0,0.0,0.0,0.0,0.0,0.0,0.0,0.01818863348735802,0.0,0.0,0.0,0.0,0.0,0.0,0.0,0.0,0.0,0.0,0.0,0.0,0.0,0.0,0.0,0.0,0.0,0.0,0.0,0.0,0.0,0.0,0.0,0.0,0.0,0.0,0.016090215094244215,0.0,0.06396228525303108,0.0,0.0,0.0,0.0,0.0,0.0,0.0,0.0,0.0,0.0,0.0,0.02365947833443476,0.0,0.0,0.0,0.0,0.0,0.0,0.0,0.0,0.0,0.0,0.0,0.0,0.0,0.0,0.0,0.0,0.0,0.0,0.027535027254969074,0.0,0.0,0.0,0.0,0.0,0.0,0.0,0.0,0.0,0.014461455393577202,0.0,0.0,0.0,0.0,0.018350013341777684,0.0,0.0,0.0,0.0,0.0,0.0,0.0,0.0,0.0,0.00867710731085016,0.0,0.0,0.0,0.034383521160004295,0.0,0.003118791729368006,0.0,0.0,0.0,0.0,0.0,0.0,0.0,0.0,0.03309558868833941,0.0,0.0,0.0,0.0,0.0,0.02184928427093814,0.0,0.0,0.0,0.0,0.0,0.0,0.0,0.0,0.013671991007306983,0.0,0.0,0.0,0.0,0.0,0.0,0.06317502475820848,0.0,0.0,0.0,0.0,0.0,0.0,0.012927926526639493,0.013275184677317397,0.018386654489571035,0.0,0.0,0.0,0.0,0.0,0.0,0.0,0.0,0.0,0.0,0.0,0.0,0.0,0.0,0.0,0.0,0.0,0.0,0.0,0.0,0.0,0.02772382599789076,0.0,0.0,0.0,0.0,0.0,0.0,0.0,0.0,0.011703279436982591,0.0,0.0,0.0,0.0,0.029655297354439555,0.0,0.0,0.0,0.0,0.0,0.0037282968236808513,0.0,0.0,0.0,0.0,0.0,0.0,0.0,0.0,0.0,0.0,0.0,0.0,0.003320983599373355,0.0,0.0,0.0,0.0,0.0,0.0,0.0,0.0,0.0,0.0,0.0,0.0,0.0,0.0,0.0,0.0,0.0,0.0,0.0,0.0,0.0,0.0,0.0,0.0,0.0,0.0,0.0,0.04132117002697476,0.0,0.0,0.0,0.06155281088626987,0.0,0.0,0.0,0.012466289379338583,0.009076408673190367,0.0,0.0,0.0,0.0,0.010109802011379808,0.0,0.0,0.0,0.015928212934213686,0.0,0.0,0.0,0.0,0.0,0.0,0.0,0.0,0.0,0.009837798942540483,0.0,0.0,0.0,0.0,0.0,0.0,0.0,0.0,0.032706397209994825,0.0,0.0,0.0,0.0,0.0,0.0,0.0,0.0,0.0,0.0,0.0,0.0,0.0,0.0,0.0,0.0,0.0,0.0,0.0,0.0,0.0,0.0,0.0,0.0,0.0,0.0,0.0,0.0,0.0,0.0,0.0,0.0,0.017365475512857952,0.0,0.0,0.02027023026262124,0.0,0.0,0.0,0.0,0.0,0.0,0.0,0.0,0.0,0.07078874024359018,0.0,0.05403155297226864,0.11384161377948267,0.0,0.0,0.0,0.0,0.0,0.0,0.0,0.0,0.0,0.0,0.0,0.0,0.0,0.0,0.0,0.0,0.0,0.0,0.0,0.0018695955225712273,0.0,0.0,0.0,0.0,0.0,0.0,0.0,0.0,0.0,0.0,0.0,0.0,0.0,0.0,0.0,0.0,0.0,0.0,0.0,0.0,0.028978006782254248,0.0,0.0,0.0,0.0,0.0,0.0,0.0,0.05257353482308434,0.0,0.0,0.0,0.0,0.0,0.14349125873980526,0.0,0.0,0.0,0.0,0.0,0.002307370412867074,0.0,0.0,0.026416057212106873,0.0,0.0,0.0,0.0,0.0,0.006507586628423403,0.011455569526595688,0.0,0.0,0.0,0.0,0.0,0.0,0.04130188888176173,0.004929657159913693,0.0,0.0,0.0,0.0,0.0,0.0,0.0,0.0,0.0,0.0,0.0,0.0,0.0,0.0,0.0,0.0,0.0,0.0,0.0,0.04844341901062928,0.002006937531680687,0.0,0.0,0.0,0.0,0.0,0.0,0.0,0.0,0.0,0.0,0.071913997897085,0.0,0.0,0.0,0.06303807620892249,0.0,0.003692580096670446,0.0,0.0,0.0,0.0,0.0,0.0,0.0,0.0,0.0,0.0,0.0,0.0,0.0,0.0,0.0,0.0,0.0,0.0,0.0,0.012119818793852854,0.0,0.0,0.006984494793909646,0.0,0.0,0.0,0.0,0.0,0.0,0.0,0.04339379888777101,0.0,0.0,0.015936770281908343,0.0,0.0,0.0,0.0,0.0,0.0,0.0,0.0,0.0,0.04535869915900146,0.0,0.005295585124462838,0.0,0.0,0.0,0.0,0.0,0.0,0.0,0.0036089235663125463,0.0294722078136159,0.0,0.0,0.0,0.0,0.0,0.0,0.0,0.0,0.0,0.03554699509167681,0.016525113757725522,0.027450832662654058,0.0,0.0,0.0,0.0,0.002451865386002683,0.0,0.0,0.0,0.0035575898088684417,0.0,0.0,0.0,0.0,0.0,0.060936382319263516,0.0,0.0,0.0,0.0,0.0,0.0,0.0,0.0,0.0,0.0,0.0,0.0,0.0,0.0,0.0,0.0,0.07625503141454756,0.0,0.0,0.005964768293985411,0.0,0.0,0.0,0.0,0.0,0.0,0.0,0.0,0.0,0.0,0.0,0.0,0.0,0.0,0.0,0.034484582558336654,0.0,0.0,0.0,0.05828765855802413,0.0,0.0,0.0,0.0,0.0,0.0,0.0,0.008514784314835605,0.0,0.0,0.03760401725076319,0.0,0.0,0.015526984619333606,0.0,0.0,0.0,0.0,0.0,0.0,0.0,0.0,0.0,0.0,0.0,0.0,0.0,0.0,0.0,0.0,0.0,0.0,0.0,0.0,0.062124201053007616,0.0,0.005319084585043308,0.0,0.0,0.0,0.0,0.0,0.0,0.0,0.0,0.0,0.0,0.0,0.0,0.0,0.0,0.0,0.0,0.0,0.0,0.0,0.0,0.0,0.0,0.0,0.0,0.10566891808904715,0.0,0.0,0.0,0.0,0.0,0.029661956799130113,0.0,0.0,0.0,0.0,0.0,0.0,0.0,0.03664614431350576,0.0,0.0,0.0,0.0,0.0,0.0,0.0,0.0,0.04329570183317838,0.0,0.0,0.0,0.0,0.09047687332613152,0.0,0.0,0.0,0.0,0.0,0.0,0.0036582403176558696,0.054628284662927726,0.0,0.0,0.0,0.0,0.05778285767383008,0.0,0.008682246496501726,0.0,0.0,0.01220170104312002,0.0,0.0,0.0,0.0,0.0,0.0,0.0427584093659904,0.0,0.0,0.0,0.0,0.0,0.0,0.0,0.0,0.0,0.0,0.0,0.0,0.0,0.0,0.0,0.0,0.0,0.0,0.0,0.0,0.0318257366477421,0.0,0.0,0.0,0.019136266786026687,0.0,0.0,0.0,0.0,0.0,0.0,0.0,0.0,0.0,0.0,0.0,0.0,0.0,0.0024998611903997037,0.0,0.052842592914541124,0.0,0.0,0.0,0.0,0.0,0.0,0.0,0.0,0.03188194814501578,0.0,0.0,0.0,0.0,0.0,0.0,0.0,0.0,0.0,0.0,0.0,0.0,0.0,0.0,0.0,0.0,0.0,0.0,0.01886223928731633,0.0,0.0,0.0,0.0,0.0,0.0,0.0,0.0,0.060452848277439165,0.0,0.020268821682908677,0.0,0.0,0.0,0.0,0.0,0.0,0.0,0.0,0.0,0.0,0.0,0.0,0.0,0.0,0.0,0.0,0.0,0.0,0.0,0.0,0.0,0.0,0.0,0.0,0.0,0.0,0.0,0.0,0.0,0.0,0.0,0.05253360914111247,0.01896153189169249,0.0,0.041578097032291074,0.0,0.0,0.010309677019520633,0.0,0.0,0.007395355934853369,0.0,0.0,0.0,0.0473588565290318,0.023691665220075642,0.046558783252295836,0.0,0.0,0.0,0.0,0.0,0.0,0.0,0.0,0.0,0.0,0.0,0.09488314822767774,0.0,0.0031462816278463733,0.0,0.0,0.0,0.0,0.0,0.0,0.0,0.0,0.0,0.0,0.0,0.0,0.0,0.0,0.0,0.0,0.0,0.0,0.07745528076742325,0.0,0.0,0.0,0.0,0.0,0.024356256626309736,0.0,0.0,0.0,0.0,0.0,0.0,0.0,0.0,0.022455017444416654,0.0,0.0,0.0,0.0,0.0,0.0,0.0,0.010478882173333374,0.0,0.0,0.0,0.0,0.0,0.0,0.0,0.0,0.0,0.0,0.0,0.0,0.0,0.0,0.0,0.0,0.0,0.0,0.0,0.0,0.036197374173918336,0.018578986947133683,0.0,0.0,0.0,0.0,0.0,0.0,0.0731981526380084,0.0,0.0,0.0,0.0,0.0,0.0,0.0,0.0,0.0,0.0,0.039278719115034104,0.0,0.0,0.03039115437293219,0.0,0.0,0.0,0.0,0.0,0.0,0.0,0.0,0.06203913884789073,0.0,0.0,0.0,0.0,0.0,0.0,0.0008061614138895822,0.0,0.0,0.0,0.0,0.0,0.0,0.0,0.0,0.10881201072341044,0.0,0.0,0.0,0.03628211360641548,0.0,0.0,0.018064080697760682,0.0,0.0,0.0,0.0,0.0,0.0,0.0,0.0,0.0,0.0,0.0,0.0,0.0,0.0053901336168740025,0.0017090234066324734,0.05140462798267629,0.0,0.0,0.0,0.0,0.0,0.0,0.0,0.0,0.01727316770797305,0.0,0.10945004698067294,0.0,0.0,0.0,0.0,0.0,0.0,0.0,0.0,0.0,0.0,0.0,0.0,0.0,0.0,0.0,0.0,0.0,0.0,0.0,0.0,0.0,0.0,0.0,0.0,0.0,0.0,0.0,0.030022821752365952,0.0,0.0,0.0,0.0,0.0,0.020471467371217387,0.0,0.0,0.0,0.0,0.089232520322494,0.0,0.0,0.0,0.0,0.0,0.0,0.0,0.0,0.0,0.0,0.0,0.0,0.0,0.0,0.0,0.0,0.03350813599344867,0.0,0.0,0.0,0.0,0.0,0.0,0.0,0.0,0.0,0.0,0.0,0.0,0.0,0.0,0.0,0.0,0.0,0.0,0.0,0.0,0.0,0.0,0.0,0.0,0.0,0.0,0.0,0.0,0.0,0.0,0.0,0.028169605971928878,0.0,0.0,0.0,0.0,0.0,0.04911831848324752,0.0,0.0,0.0,0.026517136685705944,0.0,0.0,0.0,0.0,0.0,0.0,0.0,0.0,0.0,0.0,0.0,0.0,0.0395735938517085,0.0,0.08471392571363875,0.0,0.0,0.0,0.0,0.0,0.0,0.0,0.013551559378518537,0.0,0.0,0.061582325214619274,0.07876365120137034,0.02127802837761021,0.0,0.0,0.01222468374473628,0.0,0.0,0.0,0.0,0.0,0.0,0.0,0.0,0.0,0.0,0.0,0.03173739249062766,0.0,0.0,0.0,0.0,0.0,0.0,0.0,0.02694482073559073,0.0,0.0,0.0,0.0,0.021686136913652756,0.0,0.0,0.0,0.0,0.0,0.021148765689945566,0.0,0.0,0.0,0.0,0.0,0.0,0.0,0.0,0.0,0.0,0.0,0.0,0.0,0.0,0.0,0.0,0.0,0.0,0.0,0.0,0.0,0.0,0.0,0.0,0.0,0.0,0.011868041948457173,0.0,0.0,0.06118204585124124,0.0,0.0,0.0,0.0,0.0,0.0,0.0,0.09129416458549512,0.0,0.0,0.0,0.03339706606172328,0.0458737564659605,0.0,0.05194457234970808,0.0,0.02552999989165203,0.0,0.0,0.0,0.0,0.0,0.0,0.030959639586092234,0.0,0.0,0.05363776521181889,0.0,0.0,0.0,0.0,0.0,0.0,0.0,0.0,0.0,0.0,0.03022648094670066,0.0,0.0,0.0,0.022559598355394707,0.0,0.0,0.02307792986780843,0.0,0.0,0.0,0.0,0.0,0.0,0.0,0.0,0.0,0.0,0.0,0.0,0.0,0.0,0.0,0.029031481167712495,0.0,0.01018615064685408,0.0,0.0,0.0,0.009554432340850447,0.0,0.0,0.0,0.0,0.0,0.0,0.031944630587770084,0.0,0.0,0.0,0.0,0.08934310996856121,0.0,0.0,0.0,0.0,0.08732734589682101,0.0,0.0,0.0,0.0,0.006960390134667155,0.0,0.04887212302199246,0.0,0.0,0.0,0.0,0.0,0.0,0.030884676290701903,0.0,0.0,0.0,0.0,0.0,0.015763830003339925,0.0,0.0,0.0,0.0,0.0,0.0,0.0,0.0,0.058122440291610476,0.0,0.02346934460395781,0.0,0.0,0.0,0.0,0.0,0.0,0.0,0.0,0.0,0.0,0.0,0.0,0.0,0.0,0.0,0.0,0.0,0.0,0.02506580380302179,0.0,0.0,0.0,0.0,0.0,0.0,0.0,0.0,0.0,0.0,0.013384351541676774,0.0,0.0,0.0,0.0,0.0,0.0,0.0,0.0,0.0,0.0,0.0,0.0,0.0,0.0,0.0,0.01922076994896618,0.0,0.0,0.0,0.0,0.0,0.014662297428486782,0.0,0.0,0.0,0.0,0.0,0.0,0.0,0.01756471788666408,0.0,0.0,0.0,0.0,0.01313934259257189,0.0,0.0,0.0,0.0,0.0,0.0,0.0,0.0,0.0,0.0,0.0,0.0,0.0,0.0,0.0,0.0,0.028826489568003485,0.0,0.0,0.0,0.0,0.0,0.0,0.0,0.0,0.0,0.0,0.0,0.0,0.0,0.0,0.0,0.0,0.0,0.0,0.006214998412987277,0.0872364014834819,0.0,0.0,0.0,0.0,0.0,0.0,0.0,0.0,0.0,0.0,0.0,0.0,0.0,0.0,0.0,0.0,0.0,0.0,0.0,0.0,0.0,0.0,0.0,0.0012461899026164824,0.0,0.0,0.0,0.10013720478133906,0.0,0.0,0.0,0.0,0.0,0.0,0.0,0.0,0.0,0.0,0.0,0.0,0.0,0.0,0.0,0.0,0.03378627303315362,0.0,0.0,0.0,0.0,0.0,0.0,0.0,0.0,0.0,0.0,0.059198858574466565,0.0,0.0,0.0,0.0,0.0,0.0,0.0,0.0,0.005775897249996902,0.004973726596777836,0.0,0.0,0.08169861488616072,0.0,0.0,0.0,0.0,0.0,0.0,0.0,0.007161689861151532,0.0,0.0,0.0,0.0,0.0,0.0,0.0,0.0,0.0752286248124851,0.0,0.0,0.0,0.0,0.0,0.0,0.0218881848270697,0.0,0.0,0.0,0.0,0.05261145156827092,0.046619397368102826,0.0,0.0,0.0,0.0,0.0,0.0,0.0,0.0,0.0,0.0,0.023381191528234254,0.0,0.0,0.0,0.027732236161270813,0.0,0.0,0.0,0.08279551502837529,0.0,0.0,0.0,0.0,0.0,0.0,0.0,0.0,0.0,0.0,0.0,0.03354993892097697,0.0,0.0,0.0,0.0,0.0,0.0,0.17557669565521253,0.0,0.0,0.0,0.08024676298510401,0.0,0.0,0.0,0.0,0.016963684282529038,0.0,0.0,0.0,0.0,0.0,0.0,0.0,0.01977761598145825,0.0,0.0,0.0,0.0,0.0,0.0,0.0,0.0,0.0,0.0,0.0,0.0,0.0,0.0,0.0,0.027815361730669234,0.012097311213532858,0.0,0.0,0.0,0.0,0.0,0.0,0.0,0.0,0.0,0.0,0.0008498249641843973,0.0,0.0,0.0,0.014636417519835698,0.0,0.0,0.0,0.0,0.0,0.0,0.0,0.0,0.0,0.0,0.0,0.0,0.024767804627388274,0.05382604751854899,0.0,0.0,0.0,0.0,0.0,0.0,0.0,0.0,0.0,0.017338920363886366,0.0,0.0,0.0,0.0,0.0,0.0,0.0,0.0,0.0,0.0,0.0,0.0,0.0,0.0,0.0,0.0,0.0,0.0,0.0,0.0,0.0,0.0,0.0,0.0,0.0,0.0,0.0,0.0,0.008394875577691144,0.0,0.0,0.0,0.03363640583253499,0.0,0.0,0.0,0.0,0.0,0.0,0.0,0.0,0.0,0.0,0.0,0.0,0.0,0.0,0.0,0.0,0.06004717215585901,0.0,0.0,0.0,0.0,0.0,0.0,0.0,0.017708563441288763,0.0,0.03266167383580308,0.0,0.0,0.0,0.0,0.0,0.002380854764113738,0.0,0.0,0.0,0.0,0.0,0.0,0.0,0.0,0.0,0.0,0.0,0.0,0.0,0.005024718215245012,0.0,0.0,0.0,0.0,0.0,0.0,0.0,0.0,0.05563671412116092,0.0,0.0,0.0,0.0,0.0,0.00036819737883856546,0.0,0.012123377039212912,0.0,0.0,0.0,0.0,0.0,0.0,0.0,0.0,0.05906956877390186,0.0,0.0,0.0,0.0,0.0,0.0,0.0,0.0,0.024142911671201746,0.0,0.0,0.0,0.0,0.0,0.0,0.0,0.0,0.0,0.0,0.0,0.0,0.0,0.0,0.0,0.0,0.0,0.0,0.020707061688549574,0.0,0.0733936443939731,0.0,0.0,0.0,0.0,0.0,0.0,0.0,0.0,0.0,0.0,0.0,0.0,0.0,0.05806453746580934,0.0,0.0,0.0,0.006712835800682968,0.0,0.0,0.01088149001839024,0.0,0.0,0.0,0.0,0.03335497651210865,0.0,0.0,0.0,0.0,0.0,0.0,0.0,0.0,0.0,0.0,0.0,0.0,0.02265090685624888,0.0,0.0,0.0,0.0,0.0,0.0,0.0,0.0,0.0,0.0,0.0,0.0,0.0,0.0,0.0,0.0,0.0,0.0,0.0,0.0,0.0,0.0,0.0,0.0,0.0,0.0,0.0,0.0,0.0,0.0,0.0,0.0,0.0,0.0,0.0,0.0,0.0,0.0,0.0,0.008352424522742397,0.0,0.09449023324439179,0.0,0.0,0.0,0.051086017838636394,0.0,0.0,0.0,0.0,0.0,0.0,0.0,0.005445460717169581,0.0,0.0,0.0,0.0,0.0,0.0,0.0,0.0,0.0,0.0,0.014735521625001932,0.006726122412802116,0.0036018138538174427,0.045225272704542116,0.0,0.019773293410534635,0.0,0.002328710847394076,0.08535776154933282,0.0,0.0,0.0,0.0,0.0,0.0,0.0,0.0,0.0,0.0,0.0,0.0,0.0,0.01854174027790569,0.0034454511769990816,0.0,0.0,0.0,0.0,0.07329306844566083,0.0537493928946312,0.0,0.0,0.0063452726700422004,0.0,0.0,0.0,0.0,0.0,0.0,0.0,0.0,0.06031033771036974,0.04510219563136225,0.0,0.014205425696143774,0.0,0.0,0.0,0.0,0.0,0.0,0.0,0.0,0.0,0.0,0.0,0.0,0.0,0.004507710070572238,0.0,0.008930761401802271,0.0,0.0,0.0182799355327598,0.0,0.0,0.0,0.0,0.0,0.0,0.0,0.0,0.0,0.0,0.0,0.0,0.0,0.0,0.0,0.0,0.0,0.0,0.018187972449032783,0.0,0.0,0.0,0.0,0.0,0.0,0.0,0.0,0.0,0.0,0.09367841620865905,0.0,0.0,0.0,0.0,0.0,0.0,0.0007920186473965641,0.0,0.0,0.0,0.0,0.0,0.0,0.0,0.0,0.0,0.0,0.0,0.0,0.0,0.0,0.0,0.0,0.0,0.0,0.002409418204325374,0.0,0.0,0.0,0.0,0.0,0.0,0.0,0.0,0.0,0.07718844851595222,0.0,0.0,0.0,0.0,0.0,0.0,0.0,0.0,0.0,0.0,0.0,0.0,0.0,0.0,0.0,0.02331206137962794,0.0,0.0,0.0,0.0,0.0,0.0,0.0,0.0,0.0,0.0,0.0,0.0,0.0,0.0025724224119539,0.0,0.0,0.0,0.0,0.04348932409012952,0.0,0.0,0.0,0.040538831169058015,0.0,0.0,0.0,0.0,0.0,0.0,0.0,0.05626253149813039,0.0,0.08604545314641676,0.0,0.0,0.024556277527674687,0.03641203345913392,0.0,0.0,0.0,0.0,0.0,0.0,0.0,0.0,0.0,0.0,0.0,0.0,0.0,0.01331728713783682,0.0,0.03873272211583687,0.0,0.0,0.0,0.0,0.0,0.0,0.0,0.07942682240807755,0.0,0.0,0.0,0.0,0.0,0.0,0.021719994470373434,0.0,0.0,0.0,0.0,0.0,0.0,0.0,0.0008858236330781487,0.0,0.0,0.0,0.0,0.0,0.029189164630090848,0.0031446984281465282,0.0,0.04189699638059827,0.0,0.0,0.0,0.0,0.0,0.0,0.0,0.0,0.0,0.0,0.0,0.0,0.0,0.0,0.0,0.0,0.0,0.0,0.010614531240052275,0.0,0.01995958356465567,0.0,0.0,0.0,0.0,0.0,0.11412079918465654,0.0,0.0,0.0,0.0,0.0,0.04935028096306235,0.0,0.0,0.0,0.0,0.0,0.0,0.030234467632403606,0.0,0.006859894233964586,0.010371067726250724,0.0,0.0,0.01359116487005162,0.0,0.0,0.0,0.0,0.0,0.0,0.0,0.0,0.028862500663643095,0.0,0.0,0.0,0.0035091132346543124,0.009969485007034167,0.0,0.0,0.0,0.0,0.0,0.0,0.0,0.0,0.0,0.0,0.0,0.0,0.0,0.0,0.0,0.0,0.0,0.0,0.0,0.0008569159558675558,0.0,0.0,0.0,0.0,0.0,0.0,0.011586278235596787,0.0,0.08810492321305129,0.0,0.0,0.0,0.0,0.0,0.0,0.0,0.0,0.0,0.0,0.0,0.0,0.0,0.0,0.0,0.0,0.0,0.0,0.0,0.0,0.0,0.0246719824742196,0.0,0.0,0.0006983921549736981,0.0,0.0,0.0,0.0,0.0,0.009903108108874268,0.0,0.0,0.0,0.0,0.0,0.0,0.0,0.0,0.0,0.0,0.0,0.0,0.0,0.0,0.0,0.0,0.0,0.0,0.0,0.0,0.0,0.0,0.0,0.0,0.0,0.005708495871541936,0.0,0.0,0.0,0.02187603824784349,0.0,0.06878618660963086,0.0,0.009806703028354334,0.0,0.002264540422862748,0.0,0.0,0.0,0.0054820256906246735,0.0,0.0,0.0,0.0,0.002723288432444328,0.0,0.0,0.0,0.0,0.0,0.0,0.0,0.0,0.06669450125336492,0.0,0.0,0.0,0.0,0.0,0.0,0.0,0.0,0.0,0.0,0.05680443315832831,0.0,0.0,0.0,0.0,0.0,0.0,0.0,0.0,0.0,0.0,0.006059864854304902,0.0,0.0,0.0,0.03498980692020781,0.0,0.0,0.0,0.0,0.0,0.07603374883517483,0.0,0.0,0.0,0.00018579130903722087,0.0,0.0,0.0,0.0,0.0,0.0,0.0,0.0,0.0,0.0,0.0,0.015007618943446223,0.0,0.0,0.0,0.0,0.0,0.0,0.0,0.006638646514034783,0.0,0.0,0.0,0.0,0.0,0.0,0.0,0.0,0.0,0.0,0.04520324670097078,0.0,0.0,0.008217391306181968,0.0,0.0,0.0,0.0,0.0,0.0,0.0,0.0,0.04285529021335184,0.0,0.0,0.0,0.0,0.0,0.0,0.04411977389973756,0.0,0.0,0.0,0.0,0.0,0.0,0.0,0.0,0.0,0.0,0.0,0.029524928202234426,0.0,0.0,0.0,0.0,0.05850210352222021,0.003222806497171027,0.0,0.0,0.0,0.0,0.0,0.0,0.0,0.0,0.0,0.0,0.0,0.0,0.030312981426611124,0.0,0.027854060876686074,0.0,0.0,0.05779015491721726,0.0,0.0,0.0,0.0,0.0,0.011046472015246247,0.0,0.0,0.0,0.0,0.0,0.0,0.0,0.0,0.0,0.062079090351672174,0.0,0.0,0.08698971024348291,0.0,0.0,0.0,0.0,0.02427013314481913,0.0,0.0,0.0,0.005268405733244664,0.0,0.00741502053393866,0.0,0.0,0.0,0.0,0.0,0.04060340118609258,0.05172115688886408,0.0,0.0,0.0,0.0,0.0,0.0,0.0,0.0,0.0,0.01235927476280766,0.0,0.0,0.0,0.04672881470401512,0.0,0.038736755482493196,0.0,0.0,0.00017663279733829142,0.0,0.0,0.0,0.0,0.0,0.0,0.0,0.012722832930782644,0.0,0.0,0.0010845812024094204,0.0,0.0,0.0,0.0,0.0,0.0,0.0,0.0,0.0,0.01656403109803331,0.0,0.0,0.009084450875783912,0.0,0.0,0.0,0.0,0.0,0.0,0.029351183574297605,0.0,0.0,0.0,0.0,0.0,0.0,0.0,0.0,0.014795824588003485,0.0,0.0037425569180211463,0.0,0.0,0.0,0.044719495755945964,0.0,0.0,0.0,0.0,0.0,0.0,0.0,0.0,0.0,0.0,0.0,0.0,0.0,0.0,0.0001342621127718615,0.02585443543593307,0.0,0.04593691661219203,0.0,0.0,0.0,0.0,0.017870439074452356,0.0,0.02177569469581744,0.0,0.0,0.0,0.0,0.0,0.0,0.0,0.0,0.0,0.0,0.0,0.0,0.0,0.0,0.0,0.0,0.0,0.0,0.0,0.04897128393513977,0.0,0.0,0.0,0.0,0.0,0.0,0.042811062617904024,0.0,0.0,0.03672218954271748,0.0,0.0,0.0,0.0,0.0,0.03956918865099423,0.0,0.0,0.0,0.0,0.0,0.0,0.0,0.0,0.028556638746992612,0.0,0.0,0.0,0.011566773731730888,0.0,0.0,0.0,0.0,0.0,0.008426850724493475,0.0,0.0,0.0,0.019276746467772683,0.0,0.0,0.0,0.0,0.0,0.0,0.0,0.0,0.0,0.0,0.031899210024719696,0.0012677485314344314,0.018658857677434602,0.0,0.0,0.06698991308367856,0.0,0.0,0.0,0.0,0.0,0.0,0.04637013944023163,0.0,0.00010177048943136227,0.05090932436004559,0.0,0.0,0.0,0.0,0.02149965567814083,0.0,0.0,0.0,0.0,0.041993621592044866,0.0,0.0,0.0,0.0,0.0,0.0,0.0,0.0,0.0,0.0,0.0,0.0,0.0,0.0,0.0,0.0,0.0,0.0,0.0,0.0,0.002677024141765925,0.0,0.03751917453102774,0.03485331541695138,0.0,0.0,0.06424792611059983,0.0,0.0,0.010302157063025836,0.0,0.019775335915672376,0.0,0.0,0.0,0.0,0.0,0.0,0.0,0.022690197321705092,0.06653458162227698,0.0,0.0,0.0,0.0,0.0,0.0,0.0,0.0,0.0,0.0,0.0,0.0,0.0,0.0,0.0,0.0,0.0,0.0,0.0,0.0,0.0,0.0,0.0,0.0,0.0,0.0,0.0,0.0,0.0,0.0,0.0,0.0,0.0,0.0,0.008169739738783904,0.0,0.0,0.0,0.0,0.04487018667229018,0.0,0.0,0.0,0.0,0.0,0.0,0.0,0.0,0.0,0.002726741131157731,0.0,0.0,0.0,0.0,0.0,0.0,0.0,0.0,0.0,0.0,0.0,0.0,0.0,0.0,0.0,0.0,0.0,0.0,0.0,0.07528639852923834,0.0,0.0,0.0,0.04657208148422929,0.0,0.0075023853989248,0.0,0.0,0.0,0.0,0.0,0.0,0.0,0.0,0.0,0.0,0.08948598720532666,0.0,0.0,0.0,0.0,0.0,0.0,0.0,0.0,0.0,0.0,0.0,0.0,0.0,0.0,0.0,0.0,0.0,0.0,0.0,0.0,0.0,0.03468091868747461,0.0,0.0,0.005069948987994994,0.0,0.0,0.0,0.0,0.0,0.0,0.0,0.0,0.0,0.0,0.0,0.0,0.0,0.0,0.038417649559709374,0.0,0.0,0.0,0.0,0.0,0.06622433258017893,0.0,0.0,0.0,0.0,0.0,0.010519194536903694,0.0,0.0,0.0,0.0,0.0,0.0,0.0,0.03770263332372838,0.0,0.0,0.02617697824157193,0.06991906169695163,0.0,0.0,0.0,0.0,0.0,0.045062089196723325,0.0,0.0,0.0,0.0,0.005144056935943004,0.0,0.0,0.0,0.0,0.0,0.0,0.0,0.0,0.0,0.0,0.0,0.0,0.0,0.0,0.0,0.0,0.0,0.0,0.0,0.0,0.0,0.0,0.02078199270667793,0.032878584782814,0.0,0.0,0.038934005703690266,0.0,0.0,0.0,0.0,0.009118805502338996,0.0,0.0,0.018369942614411165,0.0,0.0,0.0,0.0,0.0,0.02791072683780835,0.0,0.08431535575405488,0.0,0.0,0.0,0.0,0.0,0.0,0.0,0.0,0.0,0.0,0.0,0.0,0.0,0.0,0.0,0.0,0.06795695534551768,0.0,0.0,0.0,0.048344676410797156,0.0,0.01348612691304401,0.0,0.0,0.0,0.0,0.0,0.0,0.0,0.0,0.0,0.0,0.0,0.0,0.0,0.0,0.0,0.0,0.0,0.0,2.5166581161448778e-05,0.0,0.0,0.0,0.0,0.0,0.03743529754697055,0.0,0.0,0.0,0.0,0.0,0.025989837258825248,0.05310365140939016,0.0,0.0,0.0,0.0,0.0,0.0,0.043921875551120045,0.0,0.0,0.0,0.0,0.045697522615580216,0.0,0.0,0.0,0.0,0.0,0.03383731758633043,0.0,0.0,0.0,0.0,0.017957851064240977,0.0,0.0,0.0,0.0,0.0,0.0,0.0,0.0,0.0,0.0,0.0,0.0,0.0,0.0,0.0,0.0,0.0,0.0,0.020851563117137577,0.0,0.0,0.0,0.0,0.0,0.017022596741084736,0.0,0.0,0.0,0.0,0.0,0.0,0.0,0.0,0.012008185946678632,0.0,0.0,0.0,0.0,0.0,0.0,0.0,0.0,0.0,0.0,0.0,0.0,0.0,0.004372650386656989,0.0,0.0,0.0,0.0,0.0,0.0,0.0,0.0,0.0,0.0,0.0,0.0,0.03979067522266264,0.0,0.0,0.10854092303772071,0.0,0.0,0.05617843502869178,0.0,0.009469198420699857,0.0,0.0,0.0,0.0,0.0,0.0,0.0,0.0,0.0,0.0,0.0,0.04440459362376169,0.0,0.0,0.0,0.0,0.00428856489148745,0.016448075679935475,0.0,0.0,0.0,0.0,0.0,0.0,0.0,0.0,0.0,0.043665299722414015,0.0,0.0,0.0,0.0,0.0,0.0,0.0,0.016907789102422712,7.164345795653096e-05,0.0,0.0,0.0,0.04193384152068729,0.021349659368474307,0.0,0.0,0.0,0.0,0.0,0.0,0.0,0.0,0.0,0.0,0.0,0.0,0.0075306635081405825,0.0,0.0,0.0,0.0,0.0,0.0,0.0,0.07828752285453339,0.007500918074595443,0.0,0.041015930415935146,0.0,0.0,0.0,0.0,0.0,0.0,0.0,0.0,0.0,0.0,0.0,0.0,0.0,0.0,0.0,0.05350999373365747,0.0,0.0,0.0,0.0,0.0,0.0,0.0,0.0,0.0,0.023867408456073918,0.0052868224933820245,0.0,0.0,0.0,0.0,0.0,0.0,0.0,0.0,0.0,0.0,0.028648133164875758,0.0,0.0,0.0,0.0,0.0,0.0,0.0,0.0,0.0,0.0,0.0005296734194989126,0.0,0.0,0.0,0.0,0.0,0.0,0.0,0.0,0.0,0.0,0.03364754019682568,0.0,0.0,0.0,0.0,0.0,0.0,0.0,0.0,0.0,0.0,0.0,0.0,0.0,0.0669175861950463,0.0714258727375174,0.0,0.0,0.0,0.0,0.0,0.0,0.009348487916367951,0.0,0.0,0.0,0.0,0.028035244767962757,0.0,0.0,0.0,0.0,0.04831430996273163,0.0,0.0,0.0,0.0,0.0,0.0,0.0,0.0,0.0,0.0,0.0,0.0,0.0,0.0,0.0,0.0,0.0,0.04636270792343464,0.0,0.0,0.0,0.0,0.04847344461080835,0.05370245400917753,0.0,0.0,0.04175329284592627,0.0,0.0,0.0,0.0,0.0,0.0,0.0,0.0,0.0,0.0,0.0,0.02257944499823753,0.0,0.0,0.0,0.0,0.0,0.023048314834401666,0.0057849613507045565,0.0,0.0300835365732303,0.0,0.0,0.0,0.0,0.018865248819222823,0.0,0.0,0.0,0.0,0.0,0.0,0.03696224715983549,0.006001818717460599,0.0,0.0,0.0,0.0,0.027446628872054513,0.0,0.0,0.0,0.0,0.0,0.0,0.0,0.008686674291299375,0.0,0.0,0.0,0.034805648356467565,0.0,0.0,0.0,0.0,0.0,0.0,0.0,0.0,0.0,0.0,0.0,0.017342553492494205,0.0,0.0,0.0,0.0,0.0,0.0,0.02679191172580363,0.0,0.0,0.0,0.0,0.0,0.0,0.015440832733852465,0.0,0.0,0.0,0.0,0.0,0.0,0.0,0.04382698556527719,0.0,0.0,0.0,0.0,0.0,0.0,0.033310782485013284,0.0,0.0,0.0,0.0,0.0,0.06581368834243567,0.0,0.0,0.0,0.0,0.0,0.0,0.0,0.0007705896117854423,0.0915938731649228,0.0,0.0,0.0,0.0,0.0,0.0,0.0,0.03871251138547898,0.0,0.004359247899167354,0.0,0.04655725976553064,0.0,0.0,0.0,0.0,0.0,0.0,0.0,0.0,0.0,0.0,0.0074168829319545835,0.0,0.0,0.0,0.08592495308983293,0.0,0.0,0.0,0.0,0.00935782508271191,0.0,0.004223189233993997,0.0,0.016604710776844903,0.0,0.0,0.021044488185230074,0.0,0.0,0.0,0.0,0.0,0.0,0.020477008731553153,0.0,0.0,0.0,0.0,0.0,0.0,0.0,0.0,0.0,0.0,0.0,0.0,0.0,0.0,0.0,0.0,0.0,0.013064709816344175,0.0,0.0006544218093038163,0.0,0.0,0.0,0.0,0.0,0.0,0.0,0.0,0.0,0.0,0.0,0.0,0.0,0.0,0.0,0.004131211302726474,0.012373430278819158,0.0,0.0,0.0,0.0,0.0,0.0,0.0,0.0,0.0,0.0,0.003856386555645346,0.0,0.0,0.0,0.0,0.0,0.0,0.0,0.0,0.0,0.0,9.477300094148588e-05,0.0,0.043550330697442116,0.0,0.0,0.0,0.0,0.0,0.0,0.006338768156209117,0.099964518847595,0.0,0.0,0.0,0.0,0.0,0.0,0.0,0.0,0.0,0.0,0.0,0.0,0.0,0.0,0.0,0.0,0.0,0.011038303285785762,0.0,0.0,0.0,0.06286935650512984,0.0,0.0,0.006123333571160906,0.0,0.0,0.0,0.017892573529623926,0.0,0.0,0.0,0.024074912517855016,0.006283289998327498,0.0,0.009568778292707593,0.0,0.0,0.012760761295783535,0.0,0.0,0.0,0.0,0.03339685948724665,0.0,0.0,0.0,0.03460916246083406,0.0,0.0,0.0,0.0,0.0,0.0,0.0,0.0,0.03181255461395175,0.0,0.0012772190028703435,0.0,0.0,0.1409018270177224,0.0,0.0,0.0,0.0,0.0,0.0,0.0,0.0,0.0,0.0,0.0,0.0,0.0,0.04656858004685031,0.0,0.0,0.0,0.0,0.11061716178749617,0.015819843963770317,0.0,0.0,0.0,0.004227227765012235,0.0,0.0,0.0,0.0,0.0,0.018925604716934014,0.0,0.05576224426625084,0.0,0.0,0.021222635431700207,0.0,0.056901920818214866,0.0,0.0,0.0,0.0,0.0,0.0,0.0,0.0,0.0,0.0,2.529536743672668e-05,0.0,0.0,0.0,0.0,0.0,0.0,0.0,0.0,0.0,0.0,0.05256360891948197,0.0,0.0,0.0,0.07506529670253266,0.0,0.0,0.02655177922543784,0.0,0.0,0.0,0.0,0.0,0.0,0.0,0.0,0.0,0.0,0.0,0.0,0.0,0.018709159853586003,0.0,0.0,0.0,0.0,0.0,0.0,0.0,0.0,0.0,0.0,0.0,0.0,0.0,0.0,0.0,0.03524627946167553,0.0,0.0,0.0,5.9455200715795905e-05,0.0,0.03246011653676815,0.0,0.0,0.0,0.042834433937754456,0.0,0.0072657795122023335,0.0,0.0,0.0031766622779071684,0.0,0.0,0.0,0.0,0.0,0.0,0.0,0.0,0.047272797602065146,0.027932985237665905,0.0029104342567803053,0.0,0.012737998079548701,0.0,0.0,0.0,0.0,0.0,0.0,0.0,0.0,0.032920429025237626,0.0,0.0,0.0,0.02204767839829958,0.0,0.01138745030183441,0.0,0.0,0.0,0.0,0.0016646026317717387,0.0,0.0550060783945239,0.0,0.025865376136651914,0.02728521932255383,0.0,0.0,0.0,0.0,0.0,0.0,0.0,0.0,0.0,0.0,0.0,0.0,0.0,0.0,0.0,0.0,0.0,0.0,0.01927075451685975,0.012060908917478115,0.0,0.0,0.0,0.0,0.0,0.0,0.0,0.0,0.012863729634753346,0.019738830332379317,0.0,0.0,0.0,0.02552204160993962,0.04038508036827862,0.0,0.0,0.0,0.0,0.0,0.0,0.0,0.0,0.03660552402485621,0.0,0.0,0.0,0.0,0.0,0.0,0.0,0.0,0.0,0.03566200026718212,0.0,0.0,0.0,0.0,0.0,0.0,0.0,0.0,0.11931182986549614,0.0,0.0,0.0,0.0,0.0,0.0,0.0,0.0,0.0,0.0,0.0,0.0,0.0,0.0,0.0,0.0,0.0,0.0,0.0,0.0,0.0,0.0,0.0,0.0,0.0,0.04796856626118556,0.0,0.044678976172353765,0.0,0.0,0.0,0.0704551689430799,0.0,0.0,0.0,0.0,0.0,0.0,0.0,0.0,0.0,0.0,0.0,0.0,0.0,0.008612878787247279,0.0,0.0,0.0,0.0,0.0,0.0,0.0,0.0,0.005769013155563,0.0,0.0,0.0,0.002361647533830625,0.0,0.0,0.0,0.04913653318772492,0.0,0.019956145390710157,0.0,0.0,0.0,0.0,0.016547820165979284,0.0,0.0,0.0,0.0,0.0,0.0,0.0,0.0,0.0,0.0,0.0,0.012573546720879554,0.0,0.0,0.0,0.0,0.0,0.0,0.0,0.0,0.0,0.0,0.0,0.0,0.0,0.0,0.0,0.0,0.0,0.0,0.09443841403692758,0.0,0.0,0.0,0.0,0.04880954128429551,0.0,0.008804417869710592,0.0,0.0,0.0,0.0,0.027869587530786243,0.0,0.0,0.0,0.03336787708817458,0.0,0.0,0.0,0.0,0.0,0.0,0.0,0.0,0.0,0.0,0.0,0.005922231381519813,0.0,0.0,0.0,0.0,0.0,0.0,0.0,0.0,0.0,0.0,0.0,0.0,0.010688567532478701,0.0,0.0,0.0,0.050722735964023914,0.0,0.0,0.0,0.0,0.0,0.028850253379359526,0.0,0.0,0.0,0.0,0.0,0.0,0.0,0.0,0.0,0.003444143947889118,0.0,0.011752621041817636
n000362_9.jpg,0.0,0.0,0.0,0.0,0.0,0.0,0.0,0.0,0.0,0.0,0.0,0.0,0.0,0.0,0.03759489450652693,0.0,0.0,0.0,0.0,0.0,0.0,0.0,0.0,0.0,0.0,0.0,0.0,0.0,0.0,0.0,0.0,0.0,0.05903068263547952,0.0,0.0,0.0,0.0,0.0,0.0,0.0,0.021570240789849288,0.0,0.0144164955236259,0.0,0.0,0.0,0.024109346914457506,0.0,0.0,0.0,0.0,0.0,0.0,0.0,0.0,0.04604852009468624,0.0,0.0,0.0,0.0,0.0,0.0,0.0,0.0,0.0,0.0,0.0,0.0,0.0,0.0,0.08013246670589703,0.0,0.0,0.0,0.0,0.0,0.002710952552022629,0.0,0.02211186622101792,0.0,0.0,0.03826683605770885,0.0,0.0,0.006403431649130656,0.0,0.0,0.0,0.0,0.0,0.03779355303875342,0.0,0.0,0.0,0.017129914515800933,0.0,0.0,0.05337503180167074,0.0,0.0,0.0,0.0,0.0,0.0,0.0,0.0,0.0,0.0,0.0,0.0,0.0,0.02905352880398556,0.0,0.0,0.0,0.0,0.0,0.0,0.07196405128808857,0.0,0.0,0.0,0.0,0.0,0.0,0.0,0.0,0.0,0.0,0.0,0.0,0.0,0.0,0.0,0.0,0.0,0.0,0.0,0.0,0.0,0.0,0.0,0.0,0.0,0.004843951714170393,0.0,0.0,0.0,0.0,0.0,0.003817851276546769,0.0,0.0,0.0,0.0,0.003657466305021989,0.0,0.0,0.0,0.0,0.0,0.0,0.0,0.06980269761623928,0.0,0.0,0.0,0.0,0.0,0.0,0.0,0.013242738473992089,0.0,0.0,0.010508391440507574,0.0,0.0,0.0,0.021340177124430697,0.0,0.0,0.0,0.04819835499833904,0.0,0.0,0.0,0.0,0.0,0.0,0.0,0.0,0.060011535509589736,0.0,0.0,0.0,0.0,0.01497689023254624,0.0,0.009321667732820189,0.0,0.030001399953725954,0.0,0.0,0.0,0.0,0.019835578247928882,0.046676369377803235,0.0,0.005251037007763456,0.0,0.004782671786926822,0.0,0.004078387996061953,0.0,0.0,0.0,0.0,0.0,0.0,0.14072514498496352,0.0,0.0,0.0,0.0,0.08426987632321711,0.0,0.0,0.0,0.0,0.0,0.0,0.0,0.0,0.0,0.0,0.0,0.0,0.0,0.0,0.0,0.0,0.0,0.0,0.0,0.0,0.0,0.0,0.06898534770424194,0.0018593032353375937,0.0,0.0,0.0135996815319715,0.0,0.0,0.003741703833072649,0.0,0.0,0.0,0.0,0.0,0.0,0.026062666967255583,0.0,0.0,0.0,0.0,0.0,0.0,0.0,0.0,0.0,0.0,0.04918827327172121,0.0,0.0,0.0,0.0,0.0,0.0,0.0,0.0,0.0,0.0,0.0,0.0047507146457267035,0.0,0.0,0.0,0.0,0.0,0.0,0.0,0.0,0.0,0.0,0.0,0.0,0.0,0.0,0.0,0.0,0.0,0.0,0.0,0.0,0.0,0.0,0.0,0.0,0.0,0.0,0.0,0.0,0.0,0.0,0.0,0.0,0.0,0.0,0.0,0.0,0.0423381454811361,0.0,0.0,0.017028099705433,0.0,0.0,0.0,0.00675690932350417,0.0,0.0,0.010679372150444927,0.0,0.0,0.006486207210617273,0.0,0.0,0.0,0.0,0.0,0.0,0.0,0.0759544357342528,0.0,0.0,0.0,0.0,0.0,0.0,0.0,0.0,0.0,0.0,0.0,0.0,0.0,0.0,0.0,0.0,0.0,0.0,0.0,0.033456821273022345,0.0,0.0,0.0,0.0,0.0,0.0,0.0,0.0,0.0,0.0,0.059158302060633966,0.0,0.0,0.0,0.0,0.0,0.0,0.0,0.0,0.0,0.0,0.0142255148295583,0.02128029280213272,0.0,0.0,0.015434993534020688,0.0,0.0,0.0,0.0,0.0,0.0,0.0,0.0,0.0,0.0,0.0,0.0,0.0,0.0,0.0,0.0,0.0,0.05736401259905684,0.0,0.0,0.0,0.0,0.0,0.0,0.021621801756427084,0.0,0.0,0.0,0.0,0.0,0.050305501282705056,0.020006596160591732,0.044173667628310376,0.0,0.0,0.0,0.0,0.0,0.0,0.0,0.0,0.0,0.0,0.0,0.0,0.01363650016446264,0.04804826512698568,0.0,0.0,0.0,0.0,0.0,0.0,0.0,0.0,0.0,0.0,0.0,0.0,0.0,0.0,0.0,0.0,0.0,0.0,0.011534680908195873,0.0,0.0,0.0,0.0,0.0,0.0,0.0,0.0,0.0,0.0,0.0,0.012686510470327176,0.0,0.0,0.0,0.0,0.0,0.0,0.0,0.0,0.0,0.0,0.0,0.04113685942011513,0.0,0.04870766634323862,0.0,0.0,0.0,0.0,0.0,0.0,0.0,0.0,0.0,0.0,0.0,0.0,0.0,0.0,0.04679238557451955,0.0,0.0,0.0,0.0,0.028917706680599023,0.0,0.0,0.0,0.0,0.0,0.0,0.0,0.0,0.0,0.0,0.00810714504261604,0.0030994744397030384,0.0,0.0,0.0,0.0,0.0,0.0,0.0,0.0,0.0,0.0,0.0,0.0,0.0,0.0,0.0,0.0,0.0,0.0,0.0,0.0,0.0,0.0,0.0,0.0,0.0,0.0,0.0,0.0,0.0,0.0,0.0,0.0,0.02932920703277717,0.006023543558832498,0.0,0.0,0.0,0.0,0.0,0.0,0.0,0.0,0.0,0.0,0.0,0.0,0.0,0.0,0.0,0.0,0.0,0.05387538633903765,0.0,0.0,0.0,0.0,0.0,0.02469173446701974,0.0,0.0,0.0,0.0,0.0,0.0,0.0,0.0,0.0,0.0,0.0,0.0,0.0,0.0,0.0,0.0,0.05405731772149838,0.0,0.04862538598019271,0.0,0.0,0.0,0.054593197845275714,0.0,0.0,0.0,0.02417994361073988,0.0,0.0,0.0,0.0,0.0,0.0,0.0,0.0,0.0,0.0,0.0,0.0,0.0,0.0,0.03592522412056704,0.0,0.0,0.0,0.04606044105450968,0.0,0.0,0.0344436064736304,0.0,0.0,0.0,0.0,0.0,0.0,0.0,0.0,0.0,0.0,0.061168725280629506,0.0,0.0,0.0006507872770822714,0.0,0.0,0.0,0.0,0.0,0.0,0.0,0.0,0.0,0.0,0.0,0.0,0.0,0.0,0.0,0.0,0.0,0.0,0.0,0.0,0.0,0.0,0.0,0.0,0.0,0.0,0.0,0.0,0.0,0.0,0.0,0.0,0.0,0.0,0.15612531978435817,0.0,0.0,0.0,0.0,0.0,0.0,0.0,0.0,0.013094337807472003,0.0,0.0,0.0,0.0,0.0,0.0,0.0,0.0,0.0,0.0,0.0,0.01184930636866437,0.0,0.0,0.0028709137141204877,0.0,0.0,0.0,0.0,0.0,0.0,0.0,0.0,0.0,0.0,0.0,0.0,0.0,0.0,0.0,0.0,0.0,0.0,0.0,0.0,0.0,0.0,0.0,0.0,0.0,0.0,0.031206937180244015,0.0,0.0,0.09550147165420138,0.0,0.04841246975479006,0.0,0.0,0.0,0.014398516552421189,0.0,0.0,0.0,0.0,0.0,0.0,0.0,0.0,0.0,0.0,0.0,0.0,0.0,0.0,0.0,0.0,0.0,0.0,0.0,0.0,0.0,0.04478673234721989,0.0,0.0,0.0030615354521610137,0.0,0.023507545572061344,0.0,0.0,0.0,0.021995453865549044,0.0,0.09839943124701712,0.0,0.0,0.0,0.0,0.0,0.0,0.0,0.0,0.015710284653371334,0.0,0.0,0.015081395704898614,0.0,0.01593340246939212,0.0,0.07743385741490617,0.0,0.0,0.0,0.0,0.0,0.0,0.0,0.0,0.0,0.0,0.0,0.0,0.0,0.0,0.0,0.0,0.0,0.0,0.0,0.045619019656242966,0.0,0.0,0.0,0.0,0.0,0.0,0.022965059450810992,0.04328762338642624,0.0,0.0,0.0,0.0,0.0,0.0,0.0,0.0,0.0,0.0,0.0,0.0,0.0,0.00824762655600105,0.0,0.0,0.0,0.0,0.0,0.0,0.0,0.0,0.0,0.007559353511066398,0.0,0.0,0.0,0.0,0.0,0.0,0.0,0.016708522260557412,0.0,0.0,0.0,0.0,0.0,0.0,0.0,0.0,0.0,0.0,0.05191181442166806,0.0,0.0,0.0,0.06463616408573981,0.0,0.0,0.0,0.0,0.0,0.0,0.0,0.0,0.0,0.0,0.0,0.0,0.0,0.0,0.0,0.0,0.0,0.0,0.0,0.0,0.0,0.0,0.0,0.0,0.0,0.0,0.0,0.0,0.0,0.0,0.0,0.0,0.0,0.0,0.08007380303518691,0.0,0.010622144303843098,0.0,0.0,0.0,0.0,0.0,0.0,0.0,0.0,0.0,0.0,0.0,0.0,0.0,0.0,0.0,0.0,0.0,0.0,0.0,0.0,0.0,0.015631569719098532,0.0010576825351315906,0.0,0.13903733977854346,0.0,0.0,0.0,0.0,0.0039691670782531,0.03700475873227108,0.0,0.0,0.0,0.0,0.01758966780842503,0.0,0.0,0.0,0.0,0.0,0.0,0.0,0.0,0.009372295614823408,0.0,0.02924505647866584,0.0840127793475916,0.0,0.0,0.015858112196822986,0.0,0.12132079861043202,0.0,0.0,0.0,0.0,0.0,0.0,0.0,0.03273172607641982,0.0,0.05361364807203688,0.0,0.0,0.0,0.05245664733106179,0.0006194030075808211,0.0,0.0,0.0,0.0,0.0,0.0,0.0,0.0,0.0,0.0,0.0,0.0,0.0,0.0,0.0,0.013799010718735967,0.0,0.0,0.0,0.0,0.0011745918486295445,0.0,0.0,0.0,0.0,0.0,0.0,0.0,0.0,0.0,0.008785155162709439,0.0,0.0,0.0,0.0,0.0,0.0,0.0,0.0,0.0,0.0,0.0,0.0,0.024236180054981224,0.0,0.0,0.0,0.0,0.0,0.0,0.014424074824836186,0.0,0.0,0.0,0.0,0.0,0.0,0.0,0.0,0.0,0.027179625509849356,0.0,0.0,0.0,0.0,0.0,0.0,0.0,0.0,0.01976340093855251,0.0,0.0,0.0,0.0,0.0,0.007596087180576342,0.0,0.0,0.01757576203292248,0.0,0.0,0.0,0.0,0.0,0.0,0.0,0.0,0.0630179259650371,0.0,0.034465887889764645,0.0,0.0,0.0,0.0,0.0,0.0,0.0,0.0,0.0,0.0,0.0,0.0,0.0,0.0,0.0,0.0,0.04572560043739051,0.0,0.0,0.0,0.0,0.0,0.0,0.0,0.0,0.0,0.0,0.0,0.0,0.0,0.0,0.04039524621339287,0.0,0.0,0.041903645800769565,0.0,0.0,0.0,0.0,0.0,0.0,0.038742395481272944,0.0,0.0,0.0,0.029806546154290615,0.019383054349799603,0.020212486098271178,0.0,0.009595593411597266,0.0,0.00827346535707586,0.0,0.0,0.0,0.0,0.0,0.0,0.1214157801850577,0.0,0.0,0.0,0.0,0.0,0.0,0.0,0.0,0.0,0.0,0.0,0.0,0.0,0.0,0.0,0.0,0.0,0.0,0.01593955197936852,0.0,0.12239921110749681,0.0,0.07227821121174884,0.0,0.0,0.0,0.0,0.0,0.0,0.0,0.0,0.007073081713517908,0.0,0.0,0.0,0.0,0.0,0.0,0.0,0.0,0.0,0.0,0.0,0.0,0.0,0.0,0.0,0.0,0.0,0.0,0.0,0.0,0.0,0.0,0.0,0.05583785222943306,0.0,0.0,0.0,0.0,0.0,0.0,0.0,0.0,0.039311122595225075,0.002620151256619788,0.0,0.0,0.0,0.0,0.0,0.0,0.05723061368022281,0.0,0.0,0.0,0.0,0.0,0.0,0.0,0.0,0.0,0.0,0.0,0.0,0.0,0.0203333487040925,0.0013961428768935092,0.0,0.0,0.0,0.0,0.0,0.0,0.0,0.07543149009319887,0.0,0.0,0.0,0.0,0.0,0.0,0.0,0.0,0.0,0.0,0.03663191100640307,0.0,0.0,0.0,0.0,0.14540496631808295,0.0,0.0,0.0,0.0,0.0,0.0,0.03460998510587613,0.0,0.0,0.0,0.0,0.0,0.0,0.0,0.0,0.0,0.0,0.0,0.0,0.0,0.0,0.0,0.0,0.0,0.0,0.0,0.0,0.0,0.0,0.0,0.0,0.0,0.0,0.030786087883696904,0.0,0.0,0.0,0.0,0.0,0.0,0.0,0.0,0.0,0.0,0.0,0.0,0.0,0.0,0.010420024912666513,0.0,0.0,0.0,0.0,0.0,0.0,0.0,0.0,0.0,0.0,0.0,0.0,0.0,0.004528712911470763,0.0,0.0,0.0,0.011623209318166789,0.01872699936788307,0.0,0.0,0.0,0.0,0.047568647589905436,0.0,0.0,0.0,0.0,0.0,0.0,0.0,0.0,0.025932921959352588,0.0,0.0,0.0,0.0,0.0,0.0,0.0,0.010974637111470065,0.0,0.0,0.0,0.0,0.0,0.0,0.0,0.0,0.0,0.0,0.0,0.0,0.0,0.0,0.0,0.0,0.0,0.0,0.0,0.0,0.0,0.0,0.0,0.0,0.033230208411763176,0.0,0.0,0.0,0.0,0.0,0.0,0.045155312819925734,0.0,0.0,0.0,0.0,0.0,0.0,0.0,0.0,0.0,0.0,0.0,0.0,0.0,0.0,0.020960407680662495,0.0,0.0,0.0,0.0,0.0,0.0,0.0,0.0,0.0,0.11227410124913997,0.0,0.0,0.0,0.0,0.0,0.0,0.0,0.0,0.0,0.0,0.0,0.0,0.0,0.0,0.0,0.08095558404582515,0.0,0.0,0.0,0.0,0.0,0.0,0.0,0.0,0.0,0.0,0.0,0.0,0.0,0.0,0.0,0.0,0.0,0.0,0.0,0.03061820907668257,0.0,0.0,0.0,0.0,0.059909467318496806,0.0,0.02881756297644116,0.0,0.0,0.0,0.06456017399973975,0.0,0.0,0.0,0.0,0.0,0.0,0.0,0.0,0.0,0.0,0.0,0.0,0.0,0.010712606250060682,0.0,0.0,0.022770272012994107,0.0,0.0,0.0,0.0,0.0,0.0,0.0,0.0,0.0,0.04899035879400462,0.022074840459838888,0.0,0.0,0.01865246923748891,0.0,0.0,0.0,0.0,0.0,0.0,0.05276718753007932,0.0,0.0,0.0,0.0581748912477762,0.009082139492939881,0.0,0.054815750582060604,0.0,0.049074907517826644,0.0,0.007187850613451071,0.0,0.0,0.0,0.0,0.0,0.0,0.0,0.012474351370662306,0.0,0.0,0.0,0.027002128290075988,0.0,0.027227136406743544,0.0,0.0,0.0,0.0,0.0,0.0,0.0,0.0,0.05529388805395359,0.0,0.0,0.0,0.0,0.0,0.0,0.0,0.0,0.0,0.0,0.0,0.0,0.048513367568248505,0.0,0.0,0.0,0.0,0.0,0.0,0.0,0.02832660363548031,0.0,0.0,0.0,0.05780070422379037,0.0,0.0,0.0,0.0,0.0,0.0035405019415450933,0.0,0.03150828730058524,0.0,0.0,0.0,0.09176103321653509,0.0,0.0,0.0,0.0012251294888864634,0.09917823511348547,0.0,0.0,0.0,0.0,0.0,0.0,0.0,0.0,0.0,0.0,0.012562268449360226,0.0,0.0,0.04058315014151413,0.0,0.0,0.0,0.0,0.0,0.03354287821544552,0.0,0.0,0.0,0.0,0.0,0.002698556503339822,0.0,0.0,0.040421095069258346,0.0,0.0,0.0,0.0,0.0,0.0,0.0,0.0,0.0,0.0,0.0,0.0,0.0,0.0,0.0,0.0,0.0,0.0,0.0,0.0,0.0,0.0,0.04247003215945272,0.0,0.0,0.0,0.0,0.0,0.0,0.0,0.0,0.0,0.0,0.0,0.0,0.0,0.0,0.0,0.0,0.0,0.0,0.0,0.0,0.023028014506180902,0.0,0.0,0.009273208669165414,0.0,0.0,0.0,0.0,0.0,0.010276379156656303,0.0,0.0,0.0,0.0,0.006411464421400352,0.0,0.0,0.0,0.007916290536171405,0.0,0.0,0.0,0.0,0.004377488859729335,0.0,0.0,0.0,0.0,0.0,0.0,0.0,0.0,0.0,0.0,0.0,0.0,0.0,0.0,0.0,0.0,0.015809266023727248,0.0,0.0,0.0,0.0,0.0,0.0,0.0,0.009592957045482466,0.0,0.0,0.0,0.0,0.0,0.0,0.0,0.0,0.0,0.0,0.006596390120523888,0.0053331625270329796,0.0,0.0,0.0,0.0,0.0,0.018883486097063425,0.0,0.0,0.0,0.0,0.0,0.0294971260589542,0.0,0.0,0.0,0.0,0.0,0.0,0.0,0.0,0.0,0.0,0.0,0.0,0.0,0.0,0.0,0.0,0.0,0.0,0.0,0.0,0.0,0.0,0.0,0.0,0.05299676253267114,0.0,0.0,0.0,0.0,0.0,0.0,0.0,0.0,0.0,0.0,0.0,0.0,0.0,0.0,0.0,0.0,0.0,0.011791900552267606,0.0,0.0,0.0,0.0,0.0,0.0,0.061043965437942826,0.0,0.0,0.0,0.0,0.0,0.0,0.0,0.0,0.0,0.0,0.008078113845502144,0.0,0.0,0.0,0.0,0.0,0.026100599670553434,0.0,0.08821831218268818,0.0,0.022895001691308762,0.0,0.0,0.05337161719475775,0.0,0.0,0.0,0.0,0.0,0.0,0.0,0.0,0.0,0.0,0.0,0.025664274040200448,0.0,0.0,0.0,0.0,0.00037964375888477185,0.0,0.07092259215770995,0.012632789734712543,0.0,0.0,0.0,0.004222355002634207,0.0,0.0,0.0,0.06943728239163771,0.011320830592739585,0.0,0.0,0.07035575132248832,0.0,0.0,0.0,0.0,0.0,0.0,0.0,0.0,0.0,0.0,0.0,0.0,0.0,0.0,0.0,0.0,0.0,0.0,0.026182562302214035,0.0,0.0,0.0,0.0,0.0,0.0,0.0,0.050452377642958915,0.059141015864506714,0.0614705178117604,0.0,0.0,0.0,0.0,0.0,0.0,0.0,0.008938759183403472,0.0,0.09211198563023075,0.07611413798549078,0.0,0.0,0.10109405884090096,0.0,0.0,0.0,0.0,0.0,0.0,0.0,0.0,0.0,0.020358091532983808,0.0,0.0,0.0,0.0,0.0,0.0,0.0,0.0,0.0,0.0,0.07663248255433215,0.0,0.0,0.10223220483840362,0.0,0.0,0.0,0.0,0.0,0.0,0.0,0.0,0.0,0.0,0.0,0.0,0.0,0.0,0.04391813115619752,0.0,0.0,0.0,0.0,0.0,0.0,0.0,0.0,0.0,0.045012418156778894,0.004152548864268598,0.0,0.0,0.0,0.0,0.0,0.0,0.0,0.0,0.0,0.0,0.0,0.0,0.018994537238144763,0.0,0.0,0.0,0.0,0.07798880142180198,0.0,0.03893472753920717,0.0,0.0,0.0,0.0,0.0,0.0,0.0,0.0,0.0,0.0,0.0,0.0989259161743884,0.0,0.0,0.0,0.0,0.0,0.0,0.0,0.0,0.0,0.0,0.0,0.0,0.0,0.0,0.0,0.0,0.1222014052215195,0.0,0.0,0.029847473174251272,0.0067345585293142754,0.0,0.006632284717752061,0.0,0.005790323694621245,0.0,0.011787356792361892,0.0,0.03564138944558044,0.0,0.010956727518321007,0.0,0.06017180887293803,0.0,0.0,0.0,0.0,0.0,0.010571327391775201,0.0,0.0,0.0,0.0,0.0,0.0,0.0,0.0,0.0,0.0,0.0,0.0,0.0,0.0,0.0,0.0,0.07660231013847672,0.0,0.0,0.0,0.0,0.0,0.0,0.0,0.0,0.0,0.0,0.0,0.0,0.0,0.0,0.0,0.0,0.0009751329550653784,0.0,0.0,0.0,0.010383109754184898,0.0,0.017384427410223145,0.0,0.0,0.1051613181946446,0.0,0.0,0.0,0.0,0.0,0.0,0.0,0.0,0.0,0.0,0.0,0.0,0.0,0.006991710303548957,0.0,0.0,0.0,0.0,0.009905926481926905,0.0,0.04982947531685367,0.0,0.0030247281313093813,0.0,0.0,0.0,0.0,0.05752681574773879,0.0,0.0,0.0,0.0,0.0,0.0,0.031729693791233256,0.0,0.0,0.0,0.0,0.021055769326375665,0.0,0.0,0.0,0.0,0.0,0.0,0.04106804041082397,0.0,0.0,0.0,0.0,0.0,0.0,0.0,0.0,0.0,0.0,0.0,0.0,0.09659564201921092,0.0,0.0,0.0,0.0,0.0,0.0,0.0,0.0,0.0,0.0,0.0,0.03377791095841535,0.0,0.0,0.0,0.0,0.0,0.0,0.0,0.0,0.0,0.0,0.0,0.0,0.0,0.0,0.0,0.0,0.0,0.004427061491451288,0.016169067658695364,0.0,0.0,0.0,0.0,0.0,0.0,0.0,0.0,0.0,0.0,0.054734708969225776,0.0,0.02624351243232349,0.0,0.0,0.0,0.0,0.0,0.0,0.0,0.0,0.0,0.02613597644606188,0.0,0.0,0.015577109956369337,0.0,0.0,0.0,0.0,0.0,0.0,0.0,0.0,0.0,0.0,0.0,0.0,0.0,0.0,0.0,0.0,0.0,0.0,0.0,0.0,0.0,0.0,0.0,0.0,0.0,0.0,0.0,0.0,0.0,0.057445955121136094,0.0,0.0,0.0008490637272631401,0.0,0.0,0.0,0.0,0.0,0.0,0.017253194293300356,0.0,0.0,0.0,0.0,0.0,0.0,0.0,0.0,0.03743136339100016,0.0,0.0,0.0,0.0,0.010871181359264088,0.0,0.0,0.0,0.0,0.0,0.0,0.0,0.0,0.0,0.0,0.035556229390485417,0.06705874926313987,0.0,0.0,0.0,0.0,0.05572801369610704,0.0,0.0,0.0,0.0,0.0,0.0,0.0,0.0,0.0,0.0,0.0,0.0,0.0,0.0,0.0,0.0,0.0,0.0,0.05367812743367302,0.0,0.0,0.0,0.0,0.0,0.0,0.0,0.0,0.0,0.0,0.0,0.0,0.0,0.0,0.022754421640975145,0.0,0.0,0.0,0.0,0.0,0.0,0.0,0.0,0.0,0.0,0.0,0.0,0.0,0.0,0.0,0.0,0.009947423608518796,0.0,0.0,0.0,0.0,0.0,0.0,0.0,0.0,0.0,0.0,0.0,0.0,0.0,0.0,0.06334844704408259,0.022872474938282067,0.0,0.0,0.0,0.0,0.0,0.0,0.0,0.01781050117600462,0.10983261306527224,0.0,0.0,0.0,0.0,0.0,0.05036593861849012,0.0,0.0,0.0,0.0,0.0,0.0,0.0,0.0,0.0,0.0,0.0,0.0,0.026113930312029417,0.0,0.0,0.0,0.0,0.0,0.0,0.0,0.0,0.0,0.0,0.0,0.0,0.0,0.0,0.0,0.0,0.0,0.017600464642651092,0.0,0.021969607020641695,0.0,0.0,0.0,0.006790894013243761,0.0,0.0,0.0,0.0,0.0,0.0,0.0,0.0,0.0,0.0,0.0,0.0,0.0,0.0,0.0,0.0,0.0,0.0,0.0,0.0,0.0,0.0,0.0,0.07649885840818701,0.0,0.0,0.0012062017224967493,0.0,0.0,0.0,0.0,0.01079348195884939,0.0,0.0,0.02863219084461168,0.0,0.013631844796380441,0.0,0.005951081698880041,0.0,0.0,0.0,0.0,0.0,0.0,0.018571184298719755,0.0,0.020323812740616995,0.0,0.0,0.0,0.0,0.0,0.0,0.0,0.0,0.0,0.0,0.0,0.0,0.0,0.0,0.0,0.0,0.0,0.0,0.0,0.0,0.02624953324097926,0.0,0.0,0.0,0.0,0.0,0.013383961025449793,0.0,0.005594735895466683,0.0,0.00015337527420619388,0.0,0.0,0.05239263451171294,0.0,0.0,0.0,0.0,0.0,0.003728820629781672,0.0,0.0,0.017693443302974454,0.0,0.0,0.0594663044304853,0.0,0.004357317944157627,0.0,0.0,0.0,0.0,0.0,0.0,0.0,0.0,0.0,0.0,0.0,0.0,0.0,0.0,0.0,0.0,0.0,0.0,0.027826560796624305,0.0,0.0,0.0,0.0,0.0,0.0,0.0,0.0,0.0,0.0,0.0,0.0,0.0,0.0,0.0,0.0,0.0,0.0,0.0,0.0,0.0,0.03494771748079323,0.0,0.0,0.0,0.0,0.0,0.0,0.0,0.0,0.0,0.0,0.0,0.0,0.0,0.0,0.0,0.0,0.0,0.0,0.12257376227360262,0.0,0.0,0.03383923713769602,0.0,0.0,0.0,0.0,0.0,0.0,0.0,0.0,0.0,0.0,0.0,0.0,0.0,0.0,0.0,0.0,0.0,0.0,0.0,0.0,0.0,0.010879549961542305,0.015102408206449761,0.0,0.0,0.0,0.0,0.0,0.0,0.0,0.0,0.0,0.0,0.0,0.0,0.0,0.0,0.0,0.03377141556363975,0.0,0.07725544520918144,0.0,0.06724742137726866,0.0,0.08763141002911319,0.0,0.0,0.0,0.0,0.0,0.0,0.0,0.0,0.0674871275869439,0.015968106579404458,0.0,0.0,0.0,0.0,0.0,0.0,0.0,0.028023914217021273,0.0,0.0,0.0,0.0,0.0,0.0,0.0,0.0,0.0,0.0,0.0,0.0,0.0,0.0,0.0,0.0,0.0,0.0,0.0,0.0,0.0,0.00813119358821129,0.0,0.007552626856105293,0.0,0.0,0.0,0.005356283015448992,0.0,0.0,0.0,0.027667103882278762,0.033403663605685474,0.0,0.0,0.0,0.0,0.0,0.0,0.0,0.0,0.0,0.0,0.0,0.0,0.0,0.0,0.0,0.0,0.0,0.01825822089514972,0.0,0.0,0.0,0.0,0.0,0.0,0.0,0.0,0.0,0.0,0.0,0.0,0.0,0.05427094582608077,0.0,0.04996323620815198,0.0,0.0,0.0,0.0,0.0,0.0,0.0,0.0,0.0,0.0,0.0,0.0,0.0,0.0,0.0,0.0,0.0,0.0,0.0,0.0,0.0,0.0,0.0,0.0,0.0,0.0,0.021403522305678768,0.0,0.0,0.0,0.0,0.0,0.0,0.0,0.0,0.016444736838175364,0.0,0.0,0.0,0.0,0.0,0.0,0.0,0.0,0.0,0.0,0.0,0.0,0.0,0.0,0.0,0.07705286933050824,0.0,0.004867680014682667,0.0,0.0,0.0,0.0,0.0,0.0,0.0,0.0,0.0,0.0,0.0,0.0,0.0,0.0,0.04764520878801581,0.0,0.029577461825483698,0.0,0.0,0.04787401158268384,0.0,0.0,0.0,0.0,0.061053670321901655,0.0,0.0,0.0,0.0,0.0,0.0,0.0,0.0,0.0,0.0,0.0,0.02889370388430134,0.016561992790581816,0.0,0.0,0.0,0.0,0.0,0.0,0.0,0.0,0.0,0.0913829489556839,0.0,0.0,0.03931662055476578,0.0,0.0,0.0,0.0,0.039054061816845995,0.0,0.0,0.0,0.0,0.0,0.0,0.0,0.0,0.0069351933306478,0.0,0.009467130389505245,0.0,0.0,0.0,0.0,0.0,0.0,0.0,0.0,0.0,0.0,0.0,0.005474275481272334,0.0,0.0,0.0,0.0,0.0,0.0,0.0,0.0,0.054135720957260276,0.0,0.0,0.0,0.0,0.0,0.0,0.0,0.0076642526284736705,0.0,0.0,0.0,0.0,0.0014116021175552408,0.0,0.03211802388378156,0.0,0.0,0.0,0.0,0.0,0.0,0.0,0.0,0.0,0.0,0.0,0.0,0.0,0.0,0.0,0.0,0.0,0.07958411864168356,0.0,0.0,0.0,0.0,0.0,0.0,0.0,0.0,0.0,0.0,0.0,0.0,0.0,0.00794737039688519,0.0,0.0,0.0,0.0,0.0,0.0,0.0,0.0,0.0,0.012775980008705208,0.04664438307771016,0.0,0.07880763139898657,0.0,0.0,0.0,0.0,0.0,0.0,0.0867541657400272,0.0,0.0,0.0,0.0,0.0,0.0,0.0,0.0,0.06574006346620581,0.0,0.0,0.0,0.0,0.0,0.0,0.0,0.0,0.0,0.0,0.0,0.0,0.0,0.0,0.0,0.0,0.0,0.0,0.0,0.0,0.0,0.034234133008554636,0.0,0.0,0.0,0.0,0.0,0.0,0.013542558255192684,0.0,0.0,0.0,0.014831437630651858,0.05031422079717781,0.07379043564149804,0.0,0.0,0.0,0.0018761647422437396,0.0,0.0,0.0,0.0,0.0,0.0,0.023731144007076363,0.0,0.0,0.04059805938512598,0.0,0.0,0.0,0.0,0.03763290965910831,0.0,0.0,0.0,0.0,0.0,0.0,0.0,0.0,0.0,0.0,0.0,0.0,0.0,0.0,0.0,0.0,0.0,0.0,0.0,0.0,0.0,0.0,0.0,0.0,0.0,0.0,0.0,0.031826316307696986,0.056578705293980354,0.0,0.0,0.06336031571899453,0.03125791295800456,0.0,0.003208822299244154,0.0,0.04450230242862537,0.0,0.014456430135747005,0.0,0.0,0.020772131725286285,0.0,0.0,0.0,0.03282596761845187,0.07343929017582143,0.004943631389738638,0.0,0.0,0.0,0.0,0.0,0.0,0.0,0.0,0.0,0.0,0.0,0.0,0.0,0.0,0.0,0.011477504341026483,0.0,0.0,0.0,0.0,0.0,0.0,0.0,0.0,0.0,0.0,0.0,0.0,0.0,0.0,0.0,0.0,0.07077983826163255,0.005662421227109315,0.0,0.0,0.0,0.005224944825963655,0.0,0.0,0.0,0.0,0.0,0.0,0.0,0.0,0.0,0.0,0.0,0.0,0.0,0.0,0.04422769402956151,0.0,0.0,0.0,0.0,0.0,0.0,0.01580439548312462,0.0,0.0,0.0,0.0,0.0,0.0,0.0,0.0,0.0,0.0,0.0,0.05085905370657154,0.0,0.0,0.0,0.0,0.0,0.0,0.0,0.0,0.0,0.0,0.0,0.0,0.0,0.0,0.0,0.0,0.0,0.0,0.0,0.0,0.07189498694190495,0.0024267953696251537,0.0,0.0,0.0,0.0,0.0,0.0,0.0,0.0,0.0,0.0,0.0,0.0,0.0,0.0,0.0,0.02575393059768502,0.0,0.0,0.0,0.004825581108868918,0.0,0.019640004525481265,0.0,0.0,0.0,0.0,0.0,0.033133113320137755,0.0,0.0,0.0,0.05804815664420109,0.0,0.0,0.0,0.0,0.0014443378766082,0.0,0.0,0.07093765825605632,0.0,0.0,0.0,0.0824290452465668,0.0,0.0,0.0,0.0,0.0,0.0,0.025811417857886244,0.0,0.0,0.0,0.03895412121945975,0.0,0.0,0.0,0.0,0.0,0.0,0.0,0.0,0.0,0.0,0.0,0.08684639632392438,0.0,0.0,0.0,0.0,0.0,0.0,0.0,0.0,0.0,0.0,0.0,0.0,0.08155022436630308,0.0,0.022732079896096855,0.0,0.0,0.0,0.01210373379736585,0.0,0.0,0.0,0.0,0.0,0.0,0.024844050469028395,0.0,0.0,0.0,0.0,0.0,0.0,0.0,0.0,0.0,0.0,0.0,0.0,0.0,0.036181271376046154,0.0,0.03886040252654276,0.0,0.0,0.0,0.0,0.0,0.0,0.0,0.0,0.0,0.0,0.0,0.0,0.0,0.0,0.0,0.0,0.023928887553351492,0.0,0.0,0.0,0.0,0.0,0.0,0.0,0.0,0.0,0.0,0.0,0.0,0.0,0.0,0.0,0.0,0.0,0.0,0.0,0.0,0.0,0.0,0.0,0.0,0.0,0.0,0.0,0.0,0.0,0.0,0.0,0.0,0.0,0.0,0.0,0.0,0.0,0.0,0.0,0.0,0.04043940283211811,0.0,0.0,0.0,0.0,0.0,0.0,0.0,0.0,0.0,0.0,0.0,0.0,0.0,0.0,0.0021396775541136317,0.0,0.0,0.0,0.0,0.0,0.0,0.0,0.0,0.0,0.0,0.0,0.0,0.0,0.0,0.0,0.0,0.0,0.0,0.04823982899891239,0.0,0.0,0.0,0.0,0.026983981403867017,0.0,0.0,0.0,0.0,0.0,0.0,0.0,0.0,0.0,0.0,0.0,0.0,0.0,0.0,0.0,0.0,0.0,0.0,0.0,0.0,0.0,0.0,0.0,0.0,0.0,0.0,0.0,0.0,0.04206280107139488,0.0,0.0,0.0,0.0,0.0,0.0,0.0,0.0,0.0,0.0,0.0,0.0,0.06313284417861177,0.0,0.0,0.011779341113236341,0.0,0.0,0.00235691130663182,0.0,0.0,0.0,0.0,0.0,0.0,0.0,0.0,0.0,0.024051481594126928,0.0,0.0,0.0,0.0,0.0,0.0,0.03308824482223277,0.0,0.0,0.005946036204919679,0.0,0.0,0.0,0.0,0.0,0.01652041120374826,0.006414112853263961,0.0,0.00801692692507231,0.02378936124508054,0.0,0.0,0.0,0.0,0.0,0.0,0.0,0.0,0.0,0.0,0.0,0.0,0.08637341897060545,0.02438890830340753,0.0,0.0,0.0,0.0,0.0,0.0,0.0,0.0,0.0,0.0,0.0,0.0,0.0,0.0013251444917236964,0.0,0.0,0.0,0.0,0.0,0.04527177947126425,0.0,0.0,0.0,0.005103385423148606,0.0,0.0,0.0,0.0,0.0,0.0,0.0,0.0,0.0,0.0,0.0,0.0,0.0182694400305841,0.0,0.0,0.026331594409588467,0.0,0.0,0.0,0.016279924742316692,0.0,0.0,0.05375291094479217,0.0,0.0,0.0,0.0,0.0,0.0,0.0,0.0,0.0,0.0,0.0,0.0,0.0,0.0,0.0,0.0,0.0,0.0,0.0,0.0,0.0,0.0,0.0,0.020316432524262063,0.0,0.0,0.0,0.0,0.00937128209192344,0.0,0.0,0.0,0.0,0.0,0.0,0.0,0.03693456824953195,0.0,0.0,0.0,0.0,0.0,0.0,0.0,0.0,0.0,0.0,0.0,0.0,0.021130842415466238,0.018081920195466596,0.057255243895458566,0.0,0.0,0.0,0.025905229054877438,0.0,0.0,0.0,0.0,0.0,0.0,0.0,0.0,0.0,0.0,0.0,0.0,0.049285744412517846,0.01587117236442983,0.0,0.0,0.0,0.0,0.0,0.0,0.0,0.0,0.00646831320239376,0.0,0.0,0.0,0.0,0.0,0.0,0.0,0.0,0.0,0.0,0.0,0.0,0.006473217929284682,0.0,0.0,0.0,0.0,0.0,0.0,0.0,0.0,0.0,0.0,0.0,0.0,0.0,0.0,0.0,0.0,0.0,0.0,0.0,0.0,0.0,0.0,0.0,0.0,0.0,0.0,0.0,0.0,0.0,0.0,0.0,0.0,0.0,0.0,0.0,0.0,0.027090477724772903,0.0,0.013935908704724657,0.0,0.0,0.03122154075821936,0.0,0.0,0.0,0.030173358994795917,0.0,0.0,0.0,0.0,0.0,0.0,0.0,0.0,0.0,0.0,0.0,0.0,0.0,0.0,0.0,0.0,0.0,0.0,0.0,0.0,0.0,0.0,0.0,0.0,0.0,0.0,0.0,0.019852898630344427,0.0,0.0,0.0,0.0,0.0,0.0,0.0,0.0,0.041968475069121165,0.0,0.0,0.0,0.0,0.0,0.048009839738944786,0.0,0.0,0.0,0.0,0.0,0.0,0.0,0.0,0.0,0.0,0.0,0.0,0.0,0.0,0.0,0.0,0.0,0.0,0.0,0.0,0.0,0.04817310540799775,0.0,0.0,0.0,0.0028334369955797137,0.0,0.0,0.0,0.02569236913630257,0.0,0.0,0.0,0.0,0.0,0.024077790959405293,0.0,0.024994170504753783,0.0,0.0,0.0,0.0,0.0,0.0,0.0,0.0,0.0,0.0,0.016661797648293956,0.0,0.0,0.0,0.0,0.016340281639776362,0.0,0.0,0.0,0.0,0.0,0.0,0.022857394763228754,0.0,0.0,0.0,0.0,0.0,0.0,0.003973835768932943,0.0,0.0,0.0,0.0,0.0,0.0,0.0,0.007012314580598727,0.0,0.0,0.0,0.0,0.0,0.057358204951963365,0.0,0.0,0.0,0.0,0.0,0.0,0.0,0.0,0.0,0.0,0.0,0.0,0.0,0.0,0.0,0.0,0.0,0.0,0.0,0.0,0.0,0.0,0.04940414962749837,0.0,0.0,0.0,0.0,0.0,0.0,0.0,0.0,0.0,0.0,0.0,0.0,0.0,0.0,0.0,0.0,0.0,0.0,0.0031577386838536206,0.0,0.0,0.0,0.0,0.0,0.0,0.0,0.0,0.0,0.0,0.0,0.0,0.019887275959659848,0.0,0.0,0.0,0.0,0.0,0.0,0.0,0.0,0.0,0.0,0.0,0.0,0.06731170768692385,0.0,0.0,0.0,0.0,0.05532576576230738,0.0,0.0,0.0,0.0,0.0,0.006479968213003871,0.002247945026396794,0.021176097017333112,0.0,0.0,0.046614423823417024,0.0,0.0,0.0,0.0049242548026302,0.0,0.0,0.0,0.0,0.0,0.017477379928090755,0.028178154705964988,0.0,0.0,0.0,0.005512058870928674,0.0,0.0,0.0,0.07932071530134714,0.0,0.0,0.0,0.0,0.0,0.0,0.0,0.0,0.0,0.0,0.0,0.0,0.0,0.055374077020539245,0.0,0.0,0.0,0.0,0.0,0.0,0.020729187714316363,0.0,0.0,0.0,0.0,0.0,0.0,0.011178948447013648,0.0,0.0,0.0,0.0,0.03238117384339299,0.0,0.033826407224795615,0.0,0.0,0.015468891249820945,0.020742462048964568,0.03985092408736539,0.0,0.0331280336398891,0.0,0.0031318521225231094,0.0,0.047465014873383594,0.0,0.0,0.00739074874816538,0.0,0.031208805360351297,0.0,0.0,0.0,0.0,0.0,0.0,0.0,0.0,0.0,0.0,0.01910002807998322,0.0,0.0,0.0,0.0,0.0,0.0,0.0,0.0,0.0,0.0,0.01608858609770109,0.0,0.0,0.0,0.0,0.0,0.0,0.0,0.0,0.0,0.003869966513460485,0.0,0.0,0.0,0.0,0.0,0.0,0.0302327244898951,0.0,0.0,0.0,0.0,0.0,0.0,0.0,0.0,0.0,0.0,0.0,0.0,0.0,0.0,0.0,0.0,0.0,0.0,0.0,0.0,0.0,0.0,0.0,0.0,0.0,0.0,0.0,0.0,0.0,0.0,0.0,0.01758184115936416,0.0,0.0,0.0,0.03932620880315279,0.0,0.0,0.0,0.0,0.0,0.0,0.0,0.025149392341267313,0.0,0.0,0.0,0.0,0.0,0.0,0.0,0.0,0.0,0.0,0.0,0.0,0.0011964084820648673,0.0,0.0,0.0,0.0,0.0,0.0,0.0,0.0,0.0,0.0,0.027950101998681257,0.0,0.04291001773361115,0.0,0.0,0.0,0.0,0.0,0.0,0.0,0.0,0.0,0.0,0.0,0.0,0.0,0.0,0.0,0.0,0.0,0.0,0.0,0.0,0.0,0.0,0.0,0.0,0.0,0.0,0.0,0.0,0.0,0.0,0.0,0.0,0.0,0.0,0.0,0.0,0.020219106172451137,0.02007715665962768,0.0,0.0,0.0,0.0,0.0,0.0,0.0,0.0,0.04774713219012302,0.0,0.0,0.0,0.0,0.0,0.0,0.0,0.0,0.0,0.0,0.0,0.0,0.0,0.0,0.0,0.0,0.0,0.0,0.048269003979532925,0.0,0.0,0.0,0.0,0.0,0.013909438462795503,0.0,0.0,0.0,0.0,0.007614582465282177,0.0,0.0,0.0,0.0,0.0,0.0,0.0,0.0,0.0,0.0,0.0,0.0,0.0,0.0,0.0,0.0,0.0,0.0,0.0,0.0,0.038355334303307745,0.0,0.0,0.0,0.0,0.0,0.0,0.0,0.0,0.0,0.0,0.0,0.0,0.0,0.07863568643462356,0.0,0.0,0.0,0.0,0.0,0.0,0.021784840187210813,0.0,0.0,0.05006468904605564,0.0,0.0,0.0,0.0,0.0,0.0,0.04834493373678895,0.0,0.0,0.0,0.0,0.0,0.0,0.0,0.0,0.0,0.0400795177423874,0.0,0.0,0.0,0.0,0.0,0.0,0.0,0.0,0.04252760589085374,0.0,0.009531203537598135,0.0,0.0,0.0,0.040702130490521224,0.0,0.08300155698372874,0.0,0.0,0.0,0.0,0.0,0.0,0.0,0.0,0.0,0.0,0.02838740294372965,0.0,0.0,0.005573716355562065,0.0,0.007996584072580071,0.0,0.0,0.0,0.0,0.0,0.0,0.0,0.027380315109792056,0.0,0.0,0.0,0.009846698737459959,0.0,0.014969487895651824,0.0,0.0,0.0,0.0,0.0,0.0,0.0,0.0,0.0,0.0,0.0,0.014815728025702338,0.0,0.0,0.0,0.0,0.0,0.0,0.0,0.0,0.0,0.058525425382179815,0.0,0.0,0.0,0.0,0.0,0.0,0.0,0.0,0.0,0.1090881402760822,0.0,0.0,0.0,0.0,0.0,0.0,0.0,0.0,0.0,0.0,0.0045666777900987745,0.012958921897628706
n000362_10.jpg,0.0,0.0,0.0,0.0,0.0,0.0,0.0,0.0,0.0,0.03741341365572878,0.0,0.0,0.0,0.0,0.0,0.03480543956306197,0.0,0.0,0.0,0.0,0.0,0.0,0.0,0.0,0.017294622409899332,0.0,0.0,0.0,0.0,0.0,0.0,0.0,0.0,0.05057616476251069,0.0,0.0,0.01907144536434177,0.0,0.0,0.0,0.017727870127493384,0.0,0.0,0.0,0.0,0.0,0.0,0.0,0.0,0.0,0.0,0.0,0.07542010021385498,0.002076031413514712,0.0,0.0,0.0,0.0,0.0,0.0,0.04423630982485869,0.0,0.05643367450589593,0.0,0.0,0.03479155963583616,0.0,0.0068848735566031626,0.0,0.0,0.0,0.0,0.0,0.0,0.0,0.0,0.0,0.0,0.0,0.0,0.0,0.022835760684060805,0.0,0.004683662321167698,0.0,0.0,0.0,0.0,0.0,0.0,0.0,0.0,0.0,0.0,0.0,0.0,0.0,0.013662358668363794,0.0,0.0,0.0,0.02792541248778081,0.0,0.0,0.0,0.045597530893967224,0.0,0.0,0.0,0.0,0.0,0.0,0.0,0.0,0.0,0.0,0.0,0.0,0.0,0.03976933205091769,0.0,0.0,0.0,0.0,0.0,0.0,0.0,0.0,0.012072990994806247,0.0,0.0,0.0,0.0,0.0,0.0,0.0,0.0,0.0,0.0,0.0,0.0,0.0,0.0,0.0,0.04510200825447478,0.0,0.0,0.0,0.0,0.0,0.03433441786305419,0.0,0.0055115110420994075,0.0,0.0,0.0,0.0,0.0,0.012557466191834869,0.0,0.0,0.0,0.0,0.016117815755402953,0.0,0.0,0.0,0.0,0.0,0.0,0.0,0.019440297824459062,0.0,0.0,0.0,0.0,0.0,0.0,0.0,0.0,0.0,0.05536055269083467,0.0,0.0,0.008739209599449878,0.035566375799349785,0.0,0.0,0.0,0.0,0.0,0.0,0.0,0.0,0.0,0.0,0.0,0.0,0.0,0.0,0.0,0.0,0.0,0.0,0.012772860707131668,0.0,0.024999422430565764,0.0,0.0,0.0,0.0,0.0,0.0,0.0,0.0,0.022621593901066987,0.0,0.0,0.0,0.006973436772800004,0.0,0.0,0.0,0.0,0.0,0.0,0.0,0.0,0.0,0.012704739287486016,0.0,0.0,0.0,0.0,0.0,0.0,0.0,0.0,0.0,0.01690518529374153,0.0,0.0,0.06905333613389829,0.0,0.04023213664496065,0.0,0.0,0.034648287680017556,0.0,0.0,0.0,0.061992489762131016,0.0,0.0,0.0,0.0,0.0,0.0,0.04147669844026163,0.0,0.0,0.009909090791108582,0.0,0.0,0.0,0.0,0.0,0.0,0.0,0.0,0.0,0.0,0.0,0.0,0.0,0.0,0.0,0.0,0.0,0.0,0.0,0.0,0.0,0.0,0.0,0.0,0.0,0.0,0.0,0.0,0.0,0.0,0.0,0.0,0.0,0.0,0.0,0.0,0.0,0.0037574808895258693,0.03596412239678129,0.0,0.0,0.0,0.0,0.0,0.0,0.0,0.0,0.0,0.0,0.0,0.0,0.0,0.0,0.0,0.0,0.0,0.0,0.0,0.0,0.0,0.0,0.0,0.0,0.0,0.0,0.08348475684333734,0.03596034575043197,0.0,0.0,0.0,0.0,0.0,0.0,0.002731502168875484,0.0,0.0,0.0,0.0,0.00832899072412156,0.0,0.05999871265345571,0.0,0.00294311144477097,0.0,0.0,0.0,0.0,0.0,0.0,0.0,0.0,0.0,0.0,0.0,0.0,0.0,0.0,0.0,0.0,0.014936092801037158,0.0,0.0,0.0,0.0,0.0,0.0,0.029358480064572385,0.0,0.0,0.0,0.0,0.0028300685031865647,0.0,0.0,0.0,0.0,0.0,0.0,0.0,0.0,0.0,0.0,0.0,0.0,0.0,0.0,0.0,0.0,0.0,0.0,0.0,0.0,0.0,0.0,0.0,0.0,0.0,0.0,0.0,0.0,0.0,0.0,0.012084775291478155,0.0,0.07510409931999824,0.0,0.0,0.0,0.0,0.0,0.018155402391383017,0.01742384472571533,0.0,0.0,0.0,0.006660014331605833,0.0,0.02551612049842299,0.0,0.0,0.0,0.0,0.0,0.0,0.0,0.0,0.03759148747210429,0.0,0.0,0.0,0.0,0.0,0.0,0.05660262250105874,0.0,0.0,0.02331376638707294,0.036365147243546746,0.0,0.005690534390719741,0.0,0.0,0.0,0.0,0.0006355949589761638,0.0,0.0,0.0,0.0,0.0,0.0,0.0,0.0,0.0,0.0,0.0,0.0,0.0,0.0,0.0,0.0,0.0,0.029183388037237187,0.0,0.0,0.0,0.0,0.0,0.0,0.0,0.0,0.0,0.0,0.0,0.053215619501140524,0.0,0.0,0.0,0.0,0.0,0.0,0.0,0.0,0.0,0.0,0.0,0.0,0.0,0.0,0.0,0.0,0.0,0.0,0.0265930791111975,0.0,0.0,0.0,0.018906536103613963,0.0,0.0,0.0,0.0,0.013616906793997572,0.0,0.0,0.0,0.0,0.0,0.0,0.0,0.0,0.0,0.0,0.0,0.0071971096195570525,0.0,0.0,0.0,0.0,0.0,0.0,0.0,0.0,0.0,0.05194135152511232,0.0,0.0,0.0,0.0,0.010748664194414025,0.0,0.0,0.0,0.0,0.0,0.0,0.0,0.0,0.025171017085741296,0.0,0.0,0.0,0.0,0.008188605496705635,0.03048323967730071,0.0,0.0,0.04514273502437835,0.0,0.0,0.0,0.0,0.0,0.0,0.0,0.0,0.0,0.0,0.0,0.0,0.0,0.0,0.0,0.0,0.0,0.0,0.0,0.0,0.0,0.0,0.0,0.010742855291269218,0.0,0.0,0.0008746126469235563,0.0,0.0,0.0,0.0,0.0,0.0,0.0,0.0,0.0,0.05642031231005248,0.005554670182781718,0.02279714995320961,0.019766161393736575,0.0,0.0,0.0,0.015074256187448084,0.0,0.0,0.0,0.06153048002539708,0.0,0.0,0.0,0.0,0.0,0.0,0.0,0.0,0.0,0.0,0.0036262018804227936,0.0,0.04319805431824425,0.0,0.0023645275591507465,0.0054697826445733256,0.0,0.0,0.10517163506947268,0.0,0.0,0.0,0.0,0.0,0.0,0.0,0.0,0.00495008828690056,0.0,0.0,0.0,0.0,0.0,0.0,0.0,0.051781340304018444,0.0,0.0,0.0,0.0,0.0,0.0,0.0,0.0,0.0,0.0,0.0,0.0,0.0,0.0,0.0,0.0,0.0,0.0,0.0,0.0,0.0,0.0,0.0,0.0,0.0,0.0,0.055286360279958535,0.0,0.04066442731138938,0.0,0.0,0.0,0.0,0.0,0.05610357241372466,0.0,0.0,0.051440617199588326,0.0,0.0,0.0,0.0,0.0,0.02361987882635291,0.0,0.0,0.0,0.0,0.0,0.0,0.0,0.0,0.0,0.0,0.0368499973124684,0.0,0.0,0.020980548686976925,0.02134991887847657,0.0,0.0,0.0,0.0,0.0,0.0,0.0,0.0,0.04176192761494446,0.0,0.0060672204918568295,0.0,0.0,0.0,0.0,0.0,0.0,0.0,0.0,0.0,0.0,0.0,0.0,0.0,0.0,0.0,0.0008457797351047572,0.0,0.0,0.05433372164684009,0.0,0.004428854161724451,0.0,0.0,0.0,0.0,0.0,0.0,0.0,0.0,0.0,0.0,0.0,0.0,0.0,0.0,0.0,0.0,0.0,0.0,0.0,0.0,0.0,0.0,0.0,0.0,0.0,0.03919987908863479,0.0,0.0,0.06748571854905731,0.0,0.03562751966078007,0.0,0.0,0.0,0.0,0.0,0.0232945759537177,0.0,0.0,0.0,0.0,0.0,0.0,0.0,0.0,0.012646757669187809,0.0,0.0,0.0,0.011562521815509808,0.0245178054974551,0.032237388789937725,0.0,0.0,0.0,0.0,0.0013171024604650412,0.0,0.0,0.02701149199866342,0.0,0.0,0.0104306417850768,0.0,0.0,0.0,0.0,0.0,0.0,0.0,0.04919173385997889,0.01304521534167144,0.002918159370056866,0.0,0.0,0.0,0.0,0.06608954094445606,0.0,0.0,0.0,0.0,0.0,0.0,0.0,0.0,0.0,0.0,0.0,0.0,0.0,0.0,0.0,0.0,0.0,0.0,0.0,0.0,0.0,0.0,0.0,0.0,0.0,0.0,0.0,0.0,0.0,0.0,0.0,0.0,0.0,0.0,0.07003107507187765,0.0,0.0,0.0,0.0,0.0,0.0,0.0,0.0,0.0,0.0,0.09589489408468313,0.0,0.0,0.0,0.10855541567489489,0.0,0.0,0.0,0.0,0.0,0.0,0.0,0.0,0.0,0.0,0.035791580357623934,0.0,0.0,0.0,0.0,0.0,0.0,0.0,0.0,0.0,0.0,0.0,0.0,0.0,0.0,0.0,0.0,0.01670852255765004,0.0,0.0,0.0,0.0,0.0,0.0,0.10794659794144873,0.0,0.0,0.0,0.0,0.0,0.026313776994124332,0.0,0.0,0.0,0.0,0.0,0.0,0.0,0.0,0.0,0.0,0.0,0.0,0.0,0.0,0.0,0.0,0.0,0.01091853594266569,0.0,0.0,0.07785906615999505,0.0,0.0,0.0,0.0,0.009919720396419422,0.021289496833413385,0.0,0.0,0.0,0.0,0.0,0.0,0.0,0.0,0.0,0.0,0.0,0.0,0.0,0.0,0.0,0.00805023104345522,0.019889594140774743,0.0,0.0,0.0,0.0,0.0,0.0,0.0,0.0,0.0,0.0,0.0,0.006785110371269689,0.0,0.0,0.0648097476359987,0.0,0.0,0.02383288125080217,0.02790913724731296,0.05465134662752281,0.0,0.0,0.0,0.0,0.0,0.0,0.0,0.0,0.0,0.03959550320222492,0.0,0.0,0.0,0.0,0.013501396840893597,0.0,0.0,0.0,0.0,0.0,0.04547101538952788,0.0,0.0,0.0,0.0,0.0,0.0,0.0,0.0,0.0,0.009289248171960071,0.021588358885077336,0.0,0.0,0.0,0.0,0.0,0.0,0.0,0.0,0.0,0.0,0.0,0.0,0.002024147908267329,0.0,0.0,0.0,0.0,0.0,0.0,0.0,0.0,0.0,0.0,0.0,0.0,0.0,0.0,0.0,0.014518846420378793,0.0,0.0,0.0,0.0,0.0,0.0,0.0,0.0,0.0,0.0,0.0,0.0011630083612644653,0.0,0.0,0.0,0.0,0.0,0.0,0.017817249683629216,0.0,0.0,0.0,0.02219655147399127,0.0,0.0,0.0,0.0,0.0,0.0,0.0,0.0,0.0,0.0,0.0,0.0,0.0,0.0,0.0,0.0,0.0,0.0,0.0,0.0,0.0,0.0,0.0,0.0,0.0,0.0,0.0,0.0,0.0,0.0,0.0,0.0,0.0,0.0,0.0,0.0,0.0,0.0,0.0,0.0,0.0,0.0,0.0,0.0,0.0,0.0,0.03906807026416999,0.0,0.0,0.00865957563840148,0.004589881511216067,0.01986640149345546,0.05144602222928964,0.0,0.0,0.0,0.0,0.0,0.0,0.0,0.0,0.0,0.0,0.0,0.07394228431882881,0.0,0.0,0.0,0.0,0.0,0.0,0.0,0.0,0.0,0.0,0.0,0.0,0.0,0.0,0.0,0.0,0.0,0.0,0.0,0.0,0.05324456519676668,0.0,0.0,0.0,0.0,0.0,0.02537325886083688,0.0,0.0,0.0,0.0,0.0,0.0,0.0,0.0,0.008180971107078838,0.0,0.0,0.0,0.0,0.009430176372848573,0.0,0.0,0.0,0.0,0.0,0.0,0.0,0.0,0.026276259729138787,0.0,0.0,0.009489367463214283,0.0,0.0,0.0,0.0,0.0,0.0,0.0,0.0,0.0,0.0,0.0,0.0710806347383841,0.013832828707860218,0.0,0.0,0.0,0.0,0.0,0.0,0.0,0.02474063837338019,0.0,0.0,0.0,0.0,0.0,0.0,0.0,0.0,0.0,0.0395371306000612,0.0,0.0,0.023083103092522546,0.0,0.0,0.0,0.0,0.02300316192986553,0.0,0.0,0.0,0.040262891178030565,0.0,0.0,0.0,0.0,0.0,0.0,0.001209975298109561,0.0,0.0,0.0,0.0,0.0,0.0,0.0,0.0198262311236682,0.08389740379291839,0.0,0.0,0.0,0.039407315363657935,0.0,0.0,0.0,0.0,0.0,0.0,0.0,0.0,0.0,0.0,0.0,0.0,0.0,0.0,0.0,0.0,0.0,0.0005515364488850886,0.0,0.0,0.0,0.0,0.0,0.04179569830926265,0.0,0.0,0.0,0.06300417125546835,0.0,0.0,0.0,0.0,0.0,0.0,0.0,0.0,0.0,0.0,0.0,0.0,0.0,0.0,0.0,0.0,0.0,0.0,0.0,0.03847143318191874,0.0,0.0,0.0,0.0,0.0,0.0,0.0,0.0,0.0,0.03037328942883385,0.0,0.0,0.0,0.0,0.01238083063753608,0.07309441647209064,0.0,0.0,0.0,0.0,0.0056979797332027725,0.0,0.0,0.0,0.0,0.0,0.0,0.0,0.0,0.00013136950468183852,0.0,0.0,0.0,0.0,0.0,0.0,0.0,0.0,0.0,0.0,0.025375024733020692,0.0,0.0,0.0,0.0,0.0,0.0,0.005447707631078409,0.0,0.0,0.0,0.0,0.0,0.0,0.0,0.0,0.0,0.0,0.0,0.0,0.0,0.0,0.036734231716067746,0.0,0.0,0.0,0.0,0.0,0.0,0.005382623318245247,0.0,0.0,0.0,0.0,0.0,0.019697060366164136,0.0,0.0,0.0,0.0,0.0,0.0,0.0,0.0,0.0,0.0,0.0,0.0,0.0,0.0,0.0,0.0,0.0,0.0,0.07139691490643048,0.0,0.0,0.0,0.025502519845386828,0.02065950581986544,0.0,0.0,0.004078533960886592,0.0037558269955507923,0.0,0.0,0.0,0.0,0.0,0.0,0.029685151380736904,0.0,0.0,0.0,0.0,0.0,0.0,0.0,0.0,0.0,0.0,0.0,0.0,0.0,0.0,0.0,0.0,0.011393461036539638,0.0,0.0,0.0,0.0,0.0,0.0,0.0,0.0,0.01615002466252207,0.0,0.0,0.007447221676088115,0.0,0.052099107070058985,0.0,0.0,0.0,0.0,0.0,0.0,0.0,0.0,0.0,0.0,0.0,0.0,0.005384976740358832,0.03796378574606931,0.0,0.0,0.0,0.0,0.0,0.0,0.0,0.0,0.0025054938917074524,0.0,0.0,0.0,0.04374020715435696,0.0,0.0,0.0,0.0,0.0,0.0,0.0,0.0,0.0,0.0,0.01620026716337236,0.0,0.0062483840474882625,0.0,0.019657392689918254,0.0,0.0,0.02677769653666291,0.0,0.0,0.022971790845315372,0.0,0.0,0.0076531439627638915,0.0,0.0,0.10626719763980416,0.0,0.0,0.057717360466904476,0.0,0.0,0.0,0.009548157902530989,0.0,0.0,0.0,0.0,0.0,0.0,0.0,0.009411452112563758,0.0,0.0,0.0,0.0,0.0,0.0,0.021040266101776985,0.0,0.0,0.0,0.0,0.0,0.0,0.0,0.0,0.009425452342517423,0.0,0.0,0.0,0.0,0.0,0.018897532733392113,0.0,0.0,0.0,0.0,0.0,0.0839104824180462,0.0,0.0,0.0,0.0,0.0,0.0,0.04394801722714165,0.0,0.0,0.0,0.0,0.014820211198434644,0.0,0.0,0.0,0.0,0.056263871502060185,0.0,0.0,0.0,0.0,0.006336640062076485,0.0,0.0,0.019824772453093005,0.0,0.0,0.0,0.021978565079388182,0.0,0.05347803841931759,0.0,0.0,0.0,0.0,0.0,0.0,0.0,0.0,0.0,0.0,0.0,0.0,0.0,0.0,0.0,0.0,0.02141362776592569,0.0,0.0,0.0,0.0,0.0,0.0,0.0,0.0,0.0,0.0,0.0,0.0,0.004650246090244075,0.0,0.0,0.0,0.0,0.0,0.0628731358056826,0.0,0.0,0.010537889518693005,0.022551291994479035,0.0,0.0,0.0,0.06207416242476389,0.0,0.0,0.0,0.0,0.0,0.0,0.022927992059325605,0.0,0.0,0.0,0.0,0.0,0.0,0.04895658928881604,0.07141316436774235,0.0,0.0,0.0,0.012955208492740386,0.0,0.0,0.0,0.038866073391056105,0.0,0.050559223560513664,0.0024612254417198903,0.0,0.0,0.0,0.0,0.0,0.0,0.0,0.0,0.0,0.0,0.020919404825546634,0.0,0.0,0.0,0.0,0.0,0.0,0.0,0.0,0.0,0.0,0.0,0.0,0.020141248113072146,0.0,0.0,0.0,0.0,0.0,0.0,0.026318627771972327,0.0,0.007402376686018642,0.0,0.0,0.0,0.0,0.0,0.0,0.0,0.0,0.0,0.024112567906951866,0.0,0.0,0.0,0.0,0.0795222427794837,0.0,0.0,0.0,0.0,0.0,0.0,0.009152620793592242,0.0,0.0,0.0,0.0,0.0,0.0008063067451930076,0.0,0.0,0.0,0.0,0.0,0.0,0.0,0.0,0.0,0.0,0.0,0.0,0.0,0.0,0.0,0.09079554502179313,0.0,0.0,0.0,0.0,0.0,0.0,0.0,0.0,0.0,0.0,0.0,0.018252407207027904,0.0,0.0,0.0,0.042415106979285695,0.0,0.0,0.0,0.0,0.0,0.0,0.0,0.0,0.0,0.0,0.0,0.031171901901569012,0.0,0.0,0.0,0.0,0.0,0.0,0.0,0.0,0.0,0.0,0.0,0.0,0.0,0.0,0.0,0.009097895941998002,0.0,0.0,0.0,0.0,0.0,0.0,0.0,0.0,0.0,0.0,0.014575217915560493,0.0,0.0,0.03478363039711298,0.0,0.0,0.0,0.0,0.0,0.0,0.0,0.0,0.0,0.0,0.0,0.0,0.0,0.0,0.0,0.0,0.0,0.0,0.07945749413274389,0.0019142928547045389,0.0,0.0,0.0,0.0,0.0,0.0,0.0,0.0,0.0,0.0,0.0,0.0623703950025191,0.0,0.0,0.0,0.03123513817115871,0.0,0.0,0.0,0.0,0.0,0.0,0.0,0.0,0.03321538766773977,0.0,0.00485741383239256,0.0,0.0,0.0,0.09243587271604208,0.0,0.0,0.0,0.03901236150812297,0.0,0.0,0.0,0.0,0.0,0.0,0.0,0.0,0.0,0.0,0.0,0.0,0.010585950458469497,0.0,0.0,0.07120219205182558,0.0,0.0,0.0,0.0,0.0,0.0,0.0,0.0,0.00032342851317003143,0.0,0.0,0.0,0.0,0.011606127257829816,0.0,0.0,0.0,0.0,0.0,0.017841113663135167,0.0,0.0,0.0,0.02322556730145415,0.04373826942113336,0.0,0.0,0.0,0.0073416893304752845,0.0,0.0,0.0,0.0,0.0,0.0,0.0,0.0,0.0,0.0,0.0,0.0,0.014501301556479516,0.0,0.0,0.0,0.0,0.0,0.0,0.0,0.0,0.0,0.0,0.04458861636337046,0.0,0.0,0.0,0.0,0.0,0.0,0.0,0.0,0.0,0.0,0.0,0.0,0.0,0.0,0.0,0.0,0.0,0.0,0.046046883065120836,0.0,0.055918963581311244,0.0,0.03816509087849806,0.0,0.0,0.0,0.0,0.0,0.0,0.0,0.0,0.0,0.0495621029937723,0.0,0.0,0.0,0.0,0.0,0.0,0.049005556795577415,0.0,0.0,0.0,0.0,0.0,0.0,0.0,0.018488986817872973,0.0,0.08066479215809301,0.0,0.0,0.0,0.012630832595588528,0.024893914789977403,0.0,0.0,0.0,0.0,0.021650308345131628,0.0,0.03456830570036359,0.0,0.0,0.0,0.04484216295536852,0.0,0.0,0.0,0.0,0.024473093699691462,0.0,0.0,0.0,0.0,0.0,0.0,0.0,0.0,0.0,0.0,0.0,0.028792094821849683,0.0,0.0,0.0,0.0,0.0,0.0,0.0,0.0,0.0,0.0,0.0,0.0,0.0,0.011331415978781963,0.10083377649472382,0.0,0.0,0.0,0.0,0.0,0.0,0.0,0.0,0.00472009310214234,0.0,0.0,0.04544631895811046,0.0,0.029124916614975585,0.0,0.0,0.017448076058193825,0.0,0.0,0.0,0.0,0.0,0.0,0.0,0.0,0.0,0.0,0.0,0.0,0.0,0.006488756416655134,0.04419282468526653,0.0,0.0,0.0,0.03238644816627116,0.0,0.06339776311226301,0.0,0.0,0.0,0.0,0.0,0.0,0.0,0.0,0.0,0.0023567521897647488,0.02183525445483563,0.0,0.0,0.0,0.0,0.0,0.0,0.01276204527707156,0.008046186938362726,0.0,0.03769066847816549,0.0,0.0,0.0,0.0,0.0,0.0,0.0,0.0,0.0,0.0,0.0,0.0,0.0,0.0,0.0,0.0,0.0,0.02403938517968448,0.0,0.0,0.0,0.0,0.0,0.0,0.0,0.0,0.0,0.0,0.0,0.0,0.0,0.0,0.0,0.0,0.0,0.0,0.0,0.00010115472269000041,0.0,0.0,0.0,0.0,0.0,0.0,0.0,0.0,0.0,0.0,0.10665144455256038,0.0,0.0,0.0,0.0,0.0474333634105521,0.0,0.0,0.0,0.0,0.0,0.03652444094479951,0.0,0.010213392244681797,0.0,0.0,0.0,0.0,0.0,0.08370354454003844,0.0,0.0,0.0,0.0,0.0,0.0,0.04432023816363877,0.0,0.0,0.0,0.0,0.0,0.0,0.0,0.0,0.0,0.0,0.01835878274586719,0.0,0.0,0.0,0.01600692886426925,0.12434793285418863,0.005936987955366333,0.0,0.0,0.0,0.0,0.0,0.0,0.030597739946795936,0.0006095413624101733,0.0,0.0,0.0,0.0,0.0,0.0,0.0,0.0,0.0,0.05040328544606275,0.09286078195081196,0.019494070995545478,0.0,0.0,0.011026589274905898,0.0,0.0,0.035931155152824114,0.0,0.0,0.0,0.0,0.0,0.012640435331186637,0.037104141121579726,0.0,0.0,0.0,0.0,0.0,0.0,0.01264104758614088,0.0,0.0,0.0,0.0,0.016295798270601073,0.0,0.0,0.01607391492692081,0.035413488218355084,0.0,0.0,0.0,0.0,0.022008984483430517,0.0,0.0,0.0,0.0,0.0,0.03761446099659785,0.0,0.0,0.0,0.0,0.0,0.0,0.0,0.0,0.0,0.0,0.0,0.0,0.0,0.0,0.0,0.0,0.0,0.0,0.0,0.0,0.0,0.0,0.0,0.010772774150033172,0.0,0.0,0.0,0.06421770783656176,0.0,0.0,0.0,0.0,0.0,0.0,0.020604493101029558,0.0,0.0,0.0,0.06360537984137794,0.0,0.0,0.0,0.0,0.0,0.0,0.0,0.0,0.0,0.0,0.0035587727385280343,0.010421761939977294,0.014502596959066912,0.0,0.0,0.0,0.0,0.0,0.0,0.0,0.08242100575147047,0.0,0.11246723073201129,0.07379023026387709,0.0,0.0,0.0,0.0,0.0,0.0,0.0,0.0,0.0,0.0,0.0,0.0,0.03789892968617962,0.0,0.0,0.0,0.0,0.052224655856149535,0.0,0.0,0.0,0.0,0.0,0.0,0.0,0.0,0.023771157358362598,0.0,0.0,0.0,0.0,0.0,0.004607456450797306,0.0,0.0,0.0,0.0,0.0,0.0,0.0,0.0,0.0,0.00016055526869795077,0.029608651735401625,0.0,0.050935663685537556,0.0,0.0,0.0,0.029534957721540873,0.0,0.0,0.0,0.0,0.0,0.0,0.0,0.0,0.0,0.0,0.0,0.0,0.0,0.0,0.0,0.0,0.0,0.0,0.0,0.0,0.0,0.0,0.0,0.11161966364209275,0.0,0.0,0.0,0.0,0.0,0.0,0.0,0.0,0.0,0.0,0.0,0.0,0.0,0.02993788163279597,0.0,0.0,0.0,0.0,0.0,0.0,0.0,0.014796355811980681,0.0,0.0,0.0,0.0,0.0,0.0,0.0,0.0,0.013662213660611473,0.0,0.0,0.0,0.0,0.0,0.0,0.030043558986161123,0.0,0.0,0.0,0.0,0.0,0.0,0.02538597872604413,0.0,0.0,0.0,0.0,0.0,0.02974303417893723,0.0,0.00016362379385677632,0.0,0.023574657890258904,0.0,0.015289829008573664,0.06470662671560037,0.0,0.0,0.0,0.0,0.018733467740022255,0.018315205230966147,0.0,0.0,0.008522406360692573,0.0,0.0,0.0,0.0,0.0,0.0,0.0,0.0,0.0,0.0,0.0,0.0,0.0,0.0,0.0,0.0,0.0,0.0,0.0,0.0,0.0,0.0,0.0,0.08182500025854045,0.0,0.0,0.0,0.0,0.0,0.0,0.0,0.0,0.0,0.0056123870276655035,0.0,0.0,0.024933081920944906,0.0,0.0,0.0,0.0,0.0,0.0,0.023301132452385583,0.0,0.014263817526912569,0.0,0.0,0.0,0.0,0.0,0.0,0.0,0.0,0.0,0.0,0.0,0.0,0.0,0.0,0.0,0.0,0.0,0.0,0.004549202540164186,0.0,0.0,0.0,0.0,0.0,0.0,0.09829321489491354,0.0,0.0,0.0,0.0,0.05836127222467519,0.0,0.0,0.0,0.0,0.0,0.007836728073727579,0.0,0.0,0.0,0.0,0.0,0.0,0.0,0.0,0.0,0.0,0.0,0.0,0.0,0.0,0.0,0.01462701361055786,0.0,0.0,0.0,0.0,0.0,0.0,0.0,0.0,0.0,0.07818798241099179,0.0,0.0,0.0,0.0,0.0,0.04413779907685266,0.0,0.0,0.0,0.0,0.0,0.0,0.06075435127319208,0.0,0.0,0.0,0.0,0.0,0.0,0.0,0.0,0.017225221699638762,0.0,0.0,0.0,0.0,0.0,0.0,0.0,0.0,0.0,0.0,0.0,0.0,0.0,0.0,0.0,0.029795956637876705,0.0,0.0,0.0,0.0,0.0,0.06980994576850946,0.0,0.0,0.0,0.008403341032328,0.0,0.0,0.0,0.008883014861557568,0.0,0.06108227502668404,0.0,0.0,0.0,0.007563680624371166,0.0,0.0,0.0,0.0,0.0,0.0,0.0,0.0,0.022307880907302426,0.0,0.0,0.0,0.0,0.022275583921400416,0.0,0.0,0.0,0.0,0.0,0.018973527536923013,0.0,0.0,0.0,0.0160494515820386,0.0,0.0,0.0,0.0,0.009834693221116202,0.0,0.07193708704405964,0.0,0.0,0.0,0.0,0.0,0.0,0.0,0.0,0.04052179553794399,0.0,0.0,0.00901804822878137,0.0,0.0,0.0,0.0,0.0,0.0,0.0,0.0,0.0,0.0,0.0,0.0,0.0,0.0,0.0,0.0,0.022061069119801026,0.0,0.0,0.0,0.0,0.0,0.0,0.0,0.0,0.0,0.0,0.0,0.0,0.0,0.0,0.0,0.0,0.0,0.0,0.0408205286938281,0.0,0.04059104264740025,0.0,0.0,0.07740860978166081,0.0,0.07358459852977169,0.0,0.0,0.0,0.01003570404151431,0.0,0.0,0.04570017060345414,0.0,0.0,0.0,0.0,0.0,0.0,0.0,0.0,0.05468599381314391,0.0,0.0,0.022445298846453274,0.0,0.0,0.0,0.0,0.013361790895879955,0.0,0.0,0.0,0.0,0.0,0.0,0.0030598402685930617,0.0,0.0,0.0,0.0,0.02501445597502115,0.0,0.0,0.0,0.0,0.0,0.014819993149740413,0.010737806873225468,0.0,0.02631398967216107,0.0,0.03373196113634315,0.0,0.0,0.0,0.05565304299444851,0.0,0.014577743198713867,0.0,0.007375950365822613,0.0,0.0,0.0,0.0,0.0,0.0,0.039905329988227295,0.0,0.0,0.0,0.0,0.0,0.0,0.0,0.0,0.0011474505063712914,0.0,0.0,0.0,0.0,0.0,0.0,0.0,0.0,0.0,0.0,0.0,0.0,0.027013242833006254,0.0,0.0,0.06225407515426512,0.0,0.0,0.0,0.015204041348169385,0.0,0.0,0.0,0.0,0.021156136963064513,0.0,0.0,0.0,0.0324935863384745,0.0,0.035309765784317514,0.0,0.0,0.0,0.0,0.0,0.0,0.0,0.0,0.0,0.0,0.0,0.0,0.0,0.0,0.0,0.0,0.0,0.0,0.0,0.0,0.0,0.0,0.0,0.0,0.0,0.0,0.008882088960205715,0.0,0.017722701406721785,0.0,0.0,0.0,0.0,0.0,0.0,0.0,0.0,0.0,0.0,0.0,0.0,0.07182053947992795,0.0,0.0,0.0,0.0,0.0,0.0,0.0,0.0,0.0,0.02402755254709513,0.0,0.0,0.05924071524094826,0.0,0.0,0.0,0.0,0.0,0.0,0.0,0.0,0.0,0.0,0.0,0.0,0.0,0.0,0.0,0.0,0.0,0.0,0.020380268150682192,0.0,0.0,0.0,0.0,0.0,0.018919176483090314,0.0,0.0020145674608978165,0.0,0.0,0.029869070620728175,0.0,0.0,0.0,0.0,0.02128333991166301,0.0,0.0,0.0,0.0,0.02026376784833644,0.0,0.0,0.0,0.0,0.0,0.0,0.0,0.0,0.0,0.0,0.0,0.0819474684354928,0.0,0.0,0.051780081421902005,0.011232692552739202,0.04714704721479262,0.0,0.0,0.0,0.0,0.05011003036082186,0.0,0.0,0.01294729106946369,0.0,0.0,0.04360482362026459,0.0,0.0,0.0,0.0,0.0,0.0,0.0,0.0,0.0,0.0,0.0,0.0,0.0,0.0,0.0,0.0,0.0,0.0,0.0,0.00799417373173688,0.024110950264914867,0.0,0.0,0.0,0.02748955140825049,0.0,0.06964507087998961,0.0,0.0,0.0,0.0,0.0,0.0,0.0,0.0,0.022781353775390173,0.0,0.05531010717913113,0.040788519575167735,0.0,0.013558113132286371,0.0,0.0,0.0,0.0,0.0,0.0,0.0,0.0,0.009003887416168654,0.0,0.0,0.0,0.0,0.030654926707785128,0.0,0.0,0.0,0.0,0.0,0.0,0.02902447457853495,0.0,0.0,0.0,0.0,0.02662863071554048,0.0,0.0,0.0,0.0,0.0,0.03284286597442303,0.0,0.0,0.0,0.0,0.0,0.0,0.0,0.0,0.0,0.0,0.0062392979691410135,0.0,0.0,0.0,0.0,0.0,0.0,0.0,0.0,0.0,0.0,0.0019414564319079673,0.0,0.0,0.0,0.0,0.0,0.0,0.0,0.0,0.0,0.0,0.0,0.0,0.0,0.0,0.0,0.0,0.04297192385861825,0.0,0.0,0.0,0.0,0.0,0.0,0.0,0.0,0.0,0.0,0.0,0.024231504339536598,0.017261787284116488,0.0,0.0,0.0,0.0,0.0,0.0,0.0,0.025539891028488557,0.012252133572022933,0.08714220037546469,0.0,0.0,0.0,0.0,0.0,0.0,0.0,0.0,0.0,0.0,0.0,0.03694850806047443,0.0,0.0,0.0,0.004255626289605192,0.0,0.0,0.0,0.0,0.019497770304426898,0.0,0.0,0.021190601546330838,0.0,0.0,0.0,0.012271194035466832,0.0,0.0,0.0,0.0,0.0,0.0,0.0,0.0,0.0,0.0,0.0,0.0,0.0,0.0,0.0,0.0,0.0,0.0,0.016335878413342445,0.0,0.0,0.0,0.010572058715797198,0.0,0.0,0.09325207516619946,0.0,0.0,0.0,0.0,0.0,0.0,0.0,0.0,0.011981441693043103,0.0,0.0,0.0010310067301956595,0.0,0.0,0.0,0.0,0.0,0.0,0.0,0.0,0.0,0.0,0.0,0.0,0.03160768994015742,0.0,0.0,0.0,0.0,0.0,0.0,0.0,0.0,0.02477653584806574,0.030556482555932022,0.0,0.006888866640449468,0.11878210996405622,0.0,0.012747292080937327,0.0,0.0,0.013226245167931288,0.0,0.0,0.0,0.0,0.0,0.006362404180203583,0.0,0.0,0.0,0.0,0.0,0.0,0.04456603382274242,0.0,0.0,0.005798214462264162,0.0,0.0,0.004866483798767329,0.0,0.0,0.0,0.0,0.0,0.0,0.0,0.0042766518766259075,0.039206547296978526,0.0,0.0,0.0,0.0,0.0,0.04272410883229709,0.0,0.04923416635070235,0.0,0.0,0.0,0.0,0.0405090262626878,0.0,0.0,0.0,0.0,0.0,0.0,0.0,0.0,0.0,0.0,0.0,0.0,0.0,0.0,0.0,0.0,0.0,0.0,0.0,0.0,0.0047140774286840385,0.0,0.0,0.0,0.021732391325996993,0.0,0.0,0.08228895632154998,0.0,0.0,0.0,0.0,0.0,0.0,0.0,0.0,0.0737529793835032,0.0,0.0,0.0,0.0,0.0,0.0,0.0,0.0,0.0,0.0,0.0,0.0,0.0,0.0,0.0,0.0,0.0,0.0,0.0,0.0,0.0,0.0,0.0,0.0,0.0,0.0,0.0,0.0,0.0,0.0,0.0,0.07855364255229504,0.0,0.0,0.0,0.001408755952983556,0.0,0.0,0.0,0.0,0.0,0.0,0.0,0.0,0.028599677053440936,0.0,0.0,0.0,0.0,0.0,0.0,0.0,0.0,0.0,0.0,0.0,0.0,0.0,0.0,0.0,0.0,0.0,0.001533702956901972,0.0,0.04366195452641585,0.0,0.0,0.0,0.0,0.05857141531107499,0.0,0.0,0.013850974011267251,0.0,0.05437485229018716,0.0,0.0,0.040597878420257784,0.0,0.0,0.0,0.0,0.0,0.0,0.0,0.0,0.0,0.0,0.03841005730808474,0.0,0.0,0.0,0.0,0.0,0.0,0.0,0.0,0.019696014162084434,0.0,0.0,0.0,0.0,0.0,0.0,0.0,0.0,0.0,0.0010194692823687888,0.0,0.0,0.0,0.0,0.0,0.0,0.0,0.0487906574549015,0.0,0.0,0.0,0.0,0.0,0.036971808120943576,0.0,0.0,0.0,0.0,0.0,0.0,0.0,0.05252056619445514,0.0,0.0,0.0,0.012218039564123647,0.0,0.0,0.0,0.0,0.0,0.0,0.0,0.0,0.0,0.029167856095766418,0.0,0.041689127278490605,0.031668951956052564,0.009192853463006426,0.0,0.0,0.0,0.0,0.0,0.0,0.0,0.0,0.005982528982646944,0.0,0.026615348005427926,0.0,0.0,0.0,0.0031745918848589765,0.0,0.0,0.0,0.0,0.0,0.027612234411502585,0.0,0.0,0.0,0.0,0.0,0.0,0.0,0.0,0.0,0.0,0.0,0.0,0.0,0.0,0.0,0.0,0.0,0.0,0.0,0.0,0.0,0.0,0.0,0.0,0.0,0.0,0.0,0.0,0.0,0.0,0.0,0.0,0.0,0.0,0.0,0.0,0.0787962759682666,0.0,0.05025330661316645,0.0,0.0,0.0,0.0,0.0,0.0,0.0,0.0,0.0,0.0,0.0,0.0,0.0,0.0,0.0,0.0,0.0,0.0,0.0,0.0,0.0,0.0,0.0,0.0,0.0,0.0,0.029761219225209714,0.0,0.002532459694448688,0.09627413984118155,0.0,0.03431309635280559,0.0,0.0,0.002852364519237333,0.0,0.0,0.0,0.0,0.0,0.0,0.0,0.0,0.0,0.0,0.0,0.0,0.0,0.0,0.0,0.0,0.0,0.0,0.04580109599906917,0.0,0.0,0.016951812267967298,0.0,0.0,0.0,0.0,0.000936491080032501,0.0,0.0,0.0,0.0,0.0,0.0,0.022790866283942394,0.0,0.0,0.0,0.0,0.0,0.0,0.0,0.0,0.06066731224959185,0.0,0.0,0.0,0.045563115720749836,0.08923508115273329,0.0,0.0,0.0,0.0,0.0,0.0,0.005133790015263351,0.012630770295961604,0.0,0.0,0.0,0.0,0.110429018951499,0.0,0.0,0.04952205077844989,0.0,0.0,0.0,0.05144884504686814,0.0,0.0,0.0,0.0,0.043630731672012514,0.0,0.0,0.0,0.0,0.0,0.0,0.0,0.0,0.0,0.0,0.0,0.0,0.0,0.0,0.0,0.0,0.0,0.007180537381729822,0.015851141128228146,0.0,0.01895409220158608,0.0,0.0,0.0,0.0,0.0,0.0,0.0,0.0,0.0,0.0,0.0,0.0,0.0,0.03015196893005889,0.0,0.0,0.0,0.0,0.0,0.0,0.0,0.03652741843731382,0.0,0.0,0.0,0.0,0.0,0.0,0.0,0.02788308955847021,0.0,0.0,0.0,0.05889818759560038,0.04770265247379467,0.0,0.0,0.0,0.0,0.0,0.0,0.0,0.07549516052298204,0.0,0.03758169568936242,0.0,0.029147922363414097,0.0,0.0,0.0,0.0819845388617749,0.0,0.0,0.0,0.0,0.0,0.0,0.0,0.0,0.0,0.0,0.021756877227640678,0.0,0.0,0.0,0.0,0.0,0.0,0.0,0.0,0.03755346321705137,0.0,0.0,0.0,0.0003224577668281084,0.0,0.0,0.0,0.0,0.044917171706183645,0.016352818541207972,0.0008645483704471116,0.0,0.0,0.0,0.0,0.0,0.0,0.002953949163059676,0.0,0.0,0.0,0.0,0.0,0.0,0.0,0.0,0.0,0.0,0.0,0.0,0.0,0.0,0.0,0.0,0.0,0.0,0.0,0.0,0.0,0.0,0.0,0.0,0.0,0.0,0.0,0.0,0.0,0.0,0.0,0.0,0.0,0.0,0.0,0.0,0.0,0.0,0.0,0.01605852262254487,0.0,0.0,0.0,0.0,0.0,0.0,0.0,0.0,0.0,0.0,0.0029741863375603683,0.0,0.062263166603269866,0.0,0.0,0.0,0.0,0.0,0.0,0.0,0.0,0.0,0.0,0.017688354977920314,0.0138521458887323,0.0,0.0,0.0,0.0,0.0,0.0,0.0,0.0,0.0,0.0,0.0,0.0,0.0,0.04003529989956637,0.0,0.022857277686242163,0.0,0.04896191698104945,0.0,0.05596375056827979,0.0017090989634512969,0.0,0.01526527973317156,0.018561832267849774,0.017004663834227857,0.0,0.0,0.0,0.0,0.022325982171318013,0.0,0.0,0.0,0.0,0.040260059767400075,0.0,0.0,0.0,0.0,0.0077741985826640025,0.0,0.0,0.0,0.0,0.015662628901948562,0.0,0.0,0.0,0.0,0.0,0.04078517687794387,0.004974980747316489,0.0,0.0,0.0,0.0,0.02986414680193827,0.05108104953214554,0.0,0.0,0.0,0.023480641308443316,0.0,0.0,0.0,0.02300786232930371,0.0,0.0,0.0,0.0,0.0,0.0,0.0,0.0,0.0,0.0,0.032169873180457324,0.03555664201970883,0.0,0.0,0.0,0.006974989966947081,0.07477942803668426,0.0,0.0,0.019327866332230274,0.0,0.009862224285558613,0.0,0.04128647404837317,0.005484416075045457,0.0,0.06830674599790672,0.0,0.0,0.0,0.0,0.0,0.0,0.0,0.0,0.0,0.0,0.0,0.0,0.021819288564239397,0.0,0.0,0.0,0.0,0.0,0.0,0.0,0.0,0.0,0.0,0.0,0.0,0.0,0.0038020417718139443,0.012323156220846492,0.0,0.0,0.0,0.0,0.0,0.0,0.0,0.031816537623969826,0.0,0.0,0.0,0.016813617731742912,0.03188304999463047,0.0,0.0,0.0,0.0005031342038248952,0.0,0.0,0.0,0.0,0.0,0.0,0.0,0.0,0.0,0.0,0.0,0.0,0.0,0.0,0.0,0.009436384852910887,0.0,0.0,0.0,0.0,0.0,0.0,0.0,0.0,0.0,0.0,0.0,0.0,0.0,0.0,0.0,0.011114953776775486,0.0,0.0,0.0,0.0,0.019248593279365428,0.0,0.0,0.0,0.0225587486153428,0.015297654056541474,0.0,0.0,0.0,0.0,0.0,0.0,0.0,0.0,0.010864887370833118,0.0,0.0,0.0,0.0,0.019741840908343692,0.030937032308069826,0.0,0.0,0.0,0.0,0.0,0.0,0.08144381247229243,0.0,0.0,0.0,0.011362023355836564,0.0,0.0,0.051627447335941,0.0015288688280922075,0.0,0.0,0.0,0.0,0.0,0.0,0.0,0.0,0.0,0.0,0.0,0.0,0.0,0.0,0.0,0.0,0.032988977933924114,0.0,0.01691068699527772,0.0,0.0,0.0,0.0,0.0,0.0,0.12035896078325976,0.0673783956262362,0.0,0.0,0.0,0.017634119930289467,0.0,0.0,0.0,0.0,0.0,0.10164637845609766,0.0,0.0,0.0,0.08882859542142861,0.0,0.0,0.0,0.0,0.0,0.0,0.0,0.0,0.0,0.06794167877719075,0.0,0.02968057343228957,0.0,0.0,0.0,0.0,0.0,0.0,0.026240643676905887,0.0,0.0,0.0,0.0,0.0,0.0,0.0,0.0,0.0,0.0,0.0,0.0,0.0,0.0,0.0,0.0,0.0,0.0,0.0,0.0,0.0,0.0,0.0,0.0,0.0,0.022709189324783524,0.0,0.0,0.0,0.0,0.0,0.014939929598750408,0.0,0.0,0.0,0.0,0.0,0.04280706185967638,0.0,0.0,0.0,0.0,0.0,0.0,0.0,0.061972231642066104,0.0,0.0,0.0,0.0,0.0,0.0,0.0,0.0,0.0,0.0,0.0,0.0,0.0,0.0,0.0,0.0,0.07343139300585338,0.0,0.0,0.0,0.0,0.0,0.0,0.016874081667934544,0.0,0.008522695302065715,0.0,0.0,0.0,0.0,0.0,0.0003343238317603534,0.031128015036796353,0.0,0.0,0.0,0.0,0.004931156719236501,0.0,0.0,0.0,0.0,0.0,0.0,0.0,0.0,0.0,0.0,0.0,0.0,0.0,0.0,0.0,0.0,0.01199438927412807,0.018401589034352187,0.0,0.06369841681526674,0.0,0.0,0.0,0.0,0.0,0.0,0.0,0.0,0.0064003387452763625,0.0,0.027211750927012463,0.0,0.006407390955630881,0.0,0.0,0.017618785629014453,0.0,0.0,0.0,0.0,0.0,0.0,0.04227247090931431,0.0,0.0,0.0,0.0,0.0,0.0,0.0,0.0,0.0,0.0,0.0,0.0,0.0,0.0,0.0,0.0,0.0,0.0,0.08105379962165134,0.0,0.0,0.03684408099617373,0.0,0.0,0.0611432040618146,0.0,0.0,0.0,0.0,0.0,0.09691993347733792,0.0,0.0,0.0,0.020747571713178398,0.0,0.009551916288644836
