imagen,caracteristica_1,caracteristica_2,caracteristica_3,caracteristica_4,caracteristica_5,caracteristica_6,caracteristica_7,caracteristica_8,caracteristica_9,caracteristica_10,caracteristica_11,caracteristica_12,caracteristica_13,caracteristica_14,caracteristica_15,caracteristica_16,caracteristica_17,caracteristica_18,caracteristica_19,caracteristica_20,caracteristica_21,caracteristica_22,caracteristica_23,caracteristica_24,caracteristica_25,caracteristica_26,caracteristica_27,caracteristica_28,caracteristica_29,caracteristica_30,caracteristica_31,caracteristica_32,caracteristica_33,caracteristica_34,caracteristica_35,caracteristica_36,caracteristica_37,caracteristica_38,caracteristica_39,caracteristica_40,caracteristica_41,caracteristica_42,caracteristica_43,caracteristica_44,caracteristica_45,caracteristica_46,caracteristica_47,caracteristica_48,caracteristica_49,caracteristica_50,caracteristica_51,caracteristica_52,caracteristica_53,caracteristica_54,caracteristica_55,caracteristica_56,caracteristica_57,caracteristica_58,caracteristica_59,caracteristica_60,caracteristica_61,caracteristica_62,caracteristica_63,caracteristica_64,caracteristica_65,caracteristica_66,caracteristica_67,caracteristica_68,caracteristica_69,caracteristica_70,caracteristica_71,caracteristica_72,caracteristica_73,caracteristica_74,caracteristica_75,caracteristica_76,caracteristica_77,caracteristica_78,caracteristica_79,caracteristica_80,caracteristica_81,caracteristica_82,caracteristica_83,caracteristica_84,caracteristica_85,caracteristica_86,caracteristica_87,caracteristica_88,caracteristica_89,caracteristica_90,caracteristica_91,caracteristica_92,caracteristica_93,caracteristica_94,caracteristica_95,caracteristica_96,caracteristica_97,caracteristica_98,caracteristica_99,caracteristica_100,caracteristica_101,caracteristica_102,caracteristica_103,caracteristica_104,caracteristica_105,caracteristica_106,caracteristica_107,caracteristica_108,caracteristica_109,caracteristica_110,caracteristica_111,caracteristica_112,caracteristica_113,caracteristica_114,caracteristica_115,caracteristica_116,caracteristica_117,caracteristica_118,caracteristica_119,caracteristica_120,caracteristica_121,caracteristica_122,caracteristica_123,caracteristica_124,caracteristica_125,caracteristica_126,caracteristica_127,caracteristica_128,caracteristica_129,caracteristica_130,caracteristica_131,caracteristica_132,caracteristica_133,caracteristica_134,caracteristica_135,caracteristica_136,caracteristica_137,caracteristica_138,caracteristica_139,caracteristica_140,caracteristica_141,caracteristica_142,caracteristica_143,caracteristica_144,caracteristica_145,caracteristica_146,caracteristica_147,caracteristica_148,caracteristica_149,caracteristica_150,caracteristica_151,caracteristica_152,caracteristica_153,caracteristica_154,caracteristica_155,caracteristica_156,caracteristica_157,caracteristica_158,caracteristica_159,caracteristica_160,caracteristica_161,caracteristica_162,caracteristica_163,caracteristica_164,caracteristica_165,caracteristica_166,caracteristica_167,caracteristica_168,caracteristica_169,caracteristica_170,caracteristica_171,caracteristica_172,caracteristica_173,caracteristica_174,caracteristica_175,caracteristica_176,caracteristica_177,caracteristica_178,caracteristica_179,caracteristica_180,caracteristica_181,caracteristica_182,caracteristica_183,caracteristica_184,caracteristica_185,caracteristica_186,caracteristica_187,caracteristica_188,caracteristica_189,caracteristica_190,caracteristica_191,caracteristica_192,caracteristica_193,caracteristica_194,caracteristica_195,caracteristica_196,caracteristica_197,caracteristica_198,caracteristica_199,caracteristica_200,caracteristica_201,caracteristica_202,caracteristica_203,caracteristica_204,caracteristica_205,caracteristica_206,caracteristica_207,caracteristica_208,caracteristica_209,caracteristica_210,caracteristica_211,caracteristica_212,caracteristica_213,caracteristica_214,caracteristica_215,caracteristica_216,caracteristica_217,caracteristica_218,caracteristica_219,caracteristica_220,caracteristica_221,caracteristica_222,caracteristica_223,caracteristica_224,caracteristica_225,caracteristica_226,caracteristica_227,caracteristica_228,caracteristica_229,caracteristica_230,caracteristica_231,caracteristica_232,caracteristica_233,caracteristica_234,caracteristica_235,caracteristica_236,caracteristica_237,caracteristica_238,caracteristica_239,caracteristica_240,caracteristica_241,caracteristica_242,caracteristica_243,caracteristica_244,caracteristica_245,caracteristica_246,caracteristica_247,caracteristica_248,caracteristica_249,caracteristica_250,caracteristica_251,caracteristica_252,caracteristica_253,caracteristica_254,caracteristica_255,caracteristica_256,caracteristica_257,caracteristica_258,caracteristica_259,caracteristica_260,caracteristica_261,caracteristica_262,caracteristica_263,caracteristica_264,caracteristica_265,caracteristica_266,caracteristica_267,caracteristica_268,caracteristica_269,caracteristica_270,caracteristica_271,caracteristica_272,caracteristica_273,caracteristica_274,caracteristica_275,caracteristica_276,caracteristica_277,caracteristica_278,caracteristica_279,caracteristica_280,caracteristica_281,caracteristica_282,caracteristica_283,caracteristica_284,caracteristica_285,caracteristica_286,caracteristica_287,caracteristica_288,caracteristica_289,caracteristica_290,caracteristica_291,caracteristica_292,caracteristica_293,caracteristica_294,caracteristica_295,caracteristica_296,caracteristica_297,caracteristica_298,caracteristica_299,caracteristica_300,caracteristica_301,caracteristica_302,caracteristica_303,caracteristica_304,caracteristica_305,caracteristica_306,caracteristica_307,caracteristica_308,caracteristica_309,caracteristica_310,caracteristica_311,caracteristica_312,caracteristica_313,caracteristica_314,caracteristica_315,caracteristica_316,caracteristica_317,caracteristica_318,caracteristica_319,caracteristica_320,caracteristica_321,caracteristica_322,caracteristica_323,caracteristica_324,caracteristica_325,caracteristica_326,caracteristica_327,caracteristica_328,caracteristica_329,caracteristica_330,caracteristica_331,caracteristica_332,caracteristica_333,caracteristica_334,caracteristica_335,caracteristica_336,caracteristica_337,caracteristica_338,caracteristica_339,caracteristica_340,caracteristica_341,caracteristica_342,caracteristica_343,caracteristica_344,caracteristica_345,caracteristica_346,caracteristica_347,caracteristica_348,caracteristica_349,caracteristica_350,caracteristica_351,caracteristica_352,caracteristica_353,caracteristica_354,caracteristica_355,caracteristica_356,caracteristica_357,caracteristica_358,caracteristica_359,caracteristica_360,caracteristica_361,caracteristica_362,caracteristica_363,caracteristica_364,caracteristica_365,caracteristica_366,caracteristica_367,caracteristica_368,caracteristica_369,caracteristica_370,caracteristica_371,caracteristica_372,caracteristica_373,caracteristica_374,caracteristica_375,caracteristica_376,caracteristica_377,caracteristica_378,caracteristica_379,caracteristica_380,caracteristica_381,caracteristica_382,caracteristica_383,caracteristica_384,caracteristica_385,caracteristica_386,caracteristica_387,caracteristica_388,caracteristica_389,caracteristica_390,caracteristica_391,caracteristica_392,caracteristica_393,caracteristica_394,caracteristica_395,caracteristica_396,caracteristica_397,caracteristica_398,caracteristica_399,caracteristica_400,caracteristica_401,caracteristica_402,caracteristica_403,caracteristica_404,caracteristica_405,caracteristica_406,caracteristica_407,caracteristica_408,caracteristica_409,caracteristica_410,caracteristica_411,caracteristica_412,caracteristica_413,caracteristica_414,caracteristica_415,caracteristica_416,caracteristica_417,caracteristica_418,caracteristica_419,caracteristica_420,caracteristica_421,caracteristica_422,caracteristica_423,caracteristica_424,caracteristica_425,caracteristica_426,caracteristica_427,caracteristica_428,caracteristica_429,caracteristica_430,caracteristica_431,caracteristica_432,caracteristica_433,caracteristica_434,caracteristica_435,caracteristica_436,caracteristica_437,caracteristica_438,caracteristica_439,caracteristica_440,caracteristica_441,caracteristica_442,caracteristica_443,caracteristica_444,caracteristica_445,caracteristica_446,caracteristica_447,caracteristica_448,caracteristica_449,caracteristica_450,caracteristica_451,caracteristica_452,caracteristica_453,caracteristica_454,caracteristica_455,caracteristica_456,caracteristica_457,caracteristica_458,caracteristica_459,caracteristica_460,caracteristica_461,caracteristica_462,caracteristica_463,caracteristica_464,caracteristica_465,caracteristica_466,caracteristica_467,caracteristica_468,caracteristica_469,caracteristica_470,caracteristica_471,caracteristica_472,caracteristica_473,caracteristica_474,caracteristica_475,caracteristica_476,caracteristica_477,caracteristica_478,caracteristica_479,caracteristica_480,caracteristica_481,caracteristica_482,caracteristica_483,caracteristica_484,caracteristica_485,caracteristica_486,caracteristica_487,caracteristica_488,caracteristica_489,caracteristica_490,caracteristica_491,caracteristica_492,caracteristica_493,caracteristica_494,caracteristica_495,caracteristica_496,caracteristica_497,caracteristica_498,caracteristica_499,caracteristica_500,caracteristica_501,caracteristica_502,caracteristica_503,caracteristica_504,caracteristica_505,caracteristica_506,caracteristica_507,caracteristica_508,caracteristica_509,caracteristica_510,caracteristica_511,caracteristica_512,caracteristica_513,caracteristica_514,caracteristica_515,caracteristica_516,caracteristica_517,caracteristica_518,caracteristica_519,caracteristica_520,caracteristica_521,caracteristica_522,caracteristica_523,caracteristica_524,caracteristica_525,caracteristica_526,caracteristica_527,caracteristica_528,caracteristica_529,caracteristica_530,caracteristica_531,caracteristica_532,caracteristica_533,caracteristica_534,caracteristica_535,caracteristica_536,caracteristica_537,caracteristica_538,caracteristica_539,caracteristica_540,caracteristica_541,caracteristica_542,caracteristica_543,caracteristica_544,caracteristica_545,caracteristica_546,caracteristica_547,caracteristica_548,caracteristica_549,caracteristica_550,caracteristica_551,caracteristica_552,caracteristica_553,caracteristica_554,caracteristica_555,caracteristica_556,caracteristica_557,caracteristica_558,caracteristica_559,caracteristica_560,caracteristica_561,caracteristica_562,caracteristica_563,caracteristica_564,caracteristica_565,caracteristica_566,caracteristica_567,caracteristica_568,caracteristica_569,caracteristica_570,caracteristica_571,caracteristica_572,caracteristica_573,caracteristica_574,caracteristica_575,caracteristica_576,caracteristica_577,caracteristica_578,caracteristica_579,caracteristica_580,caracteristica_581,caracteristica_582,caracteristica_583,caracteristica_584,caracteristica_585,caracteristica_586,caracteristica_587,caracteristica_588,caracteristica_589,caracteristica_590,caracteristica_591,caracteristica_592,caracteristica_593,caracteristica_594,caracteristica_595,caracteristica_596,caracteristica_597,caracteristica_598,caracteristica_599,caracteristica_600,caracteristica_601,caracteristica_602,caracteristica_603,caracteristica_604,caracteristica_605,caracteristica_606,caracteristica_607,caracteristica_608,caracteristica_609,caracteristica_610,caracteristica_611,caracteristica_612,caracteristica_613,caracteristica_614,caracteristica_615,caracteristica_616,caracteristica_617,caracteristica_618,caracteristica_619,caracteristica_620,caracteristica_621,caracteristica_622,caracteristica_623,caracteristica_624,caracteristica_625,caracteristica_626,caracteristica_627,caracteristica_628,caracteristica_629,caracteristica_630,caracteristica_631,caracteristica_632,caracteristica_633,caracteristica_634,caracteristica_635,caracteristica_636,caracteristica_637,caracteristica_638,caracteristica_639,caracteristica_640,caracteristica_641,caracteristica_642,caracteristica_643,caracteristica_644,caracteristica_645,caracteristica_646,caracteristica_647,caracteristica_648,caracteristica_649,caracteristica_650,caracteristica_651,caracteristica_652,caracteristica_653,caracteristica_654,caracteristica_655,caracteristica_656,caracteristica_657,caracteristica_658,caracteristica_659,caracteristica_660,caracteristica_661,caracteristica_662,caracteristica_663,caracteristica_664,caracteristica_665,caracteristica_666,caracteristica_667,caracteristica_668,caracteristica_669,caracteristica_670,caracteristica_671,caracteristica_672,caracteristica_673,caracteristica_674,caracteristica_675,caracteristica_676,caracteristica_677,caracteristica_678,caracteristica_679,caracteristica_680,caracteristica_681,caracteristica_682,caracteristica_683,caracteristica_684,caracteristica_685,caracteristica_686,caracteristica_687,caracteristica_688,caracteristica_689,caracteristica_690,caracteristica_691,caracteristica_692,caracteristica_693,caracteristica_694,caracteristica_695,caracteristica_696,caracteristica_697,caracteristica_698,caracteristica_699,caracteristica_700,caracteristica_701,caracteristica_702,caracteristica_703,caracteristica_704,caracteristica_705,caracteristica_706,caracteristica_707,caracteristica_708,caracteristica_709,caracteristica_710,caracteristica_711,caracteristica_712,caracteristica_713,caracteristica_714,caracteristica_715,caracteristica_716,caracteristica_717,caracteristica_718,caracteristica_719,caracteristica_720,caracteristica_721,caracteristica_722,caracteristica_723,caracteristica_724,caracteristica_725,caracteristica_726,caracteristica_727,caracteristica_728,caracteristica_729,caracteristica_730,caracteristica_731,caracteristica_732,caracteristica_733,caracteristica_734,caracteristica_735,caracteristica_736,caracteristica_737,caracteristica_738,caracteristica_739,caracteristica_740,caracteristica_741,caracteristica_742,caracteristica_743,caracteristica_744,caracteristica_745,caracteristica_746,caracteristica_747,caracteristica_748,caracteristica_749,caracteristica_750,caracteristica_751,caracteristica_752,caracteristica_753,caracteristica_754,caracteristica_755,caracteristica_756,caracteristica_757,caracteristica_758,caracteristica_759,caracteristica_760,caracteristica_761,caracteristica_762,caracteristica_763,caracteristica_764,caracteristica_765,caracteristica_766,caracteristica_767,caracteristica_768,caracteristica_769,caracteristica_770,caracteristica_771,caracteristica_772,caracteristica_773,caracteristica_774,caracteristica_775,caracteristica_776,caracteristica_777,caracteristica_778,caracteristica_779,caracteristica_780,caracteristica_781,caracteristica_782,caracteristica_783,caracteristica_784,caracteristica_785,caracteristica_786,caracteristica_787,caracteristica_788,caracteristica_789,caracteristica_790,caracteristica_791,caracteristica_792,caracteristica_793,caracteristica_794,caracteristica_795,caracteristica_796,caracteristica_797,caracteristica_798,caracteristica_799,caracteristica_800,caracteristica_801,caracteristica_802,caracteristica_803,caracteristica_804,caracteristica_805,caracteristica_806,caracteristica_807,caracteristica_808,caracteristica_809,caracteristica_810,caracteristica_811,caracteristica_812,caracteristica_813,caracteristica_814,caracteristica_815,caracteristica_816,caracteristica_817,caracteristica_818,caracteristica_819,caracteristica_820,caracteristica_821,caracteristica_822,caracteristica_823,caracteristica_824,caracteristica_825,caracteristica_826,caracteristica_827,caracteristica_828,caracteristica_829,caracteristica_830,caracteristica_831,caracteristica_832,caracteristica_833,caracteristica_834,caracteristica_835,caracteristica_836,caracteristica_837,caracteristica_838,caracteristica_839,caracteristica_840,caracteristica_841,caracteristica_842,caracteristica_843,caracteristica_844,caracteristica_845,caracteristica_846,caracteristica_847,caracteristica_848,caracteristica_849,caracteristica_850,caracteristica_851,caracteristica_852,caracteristica_853,caracteristica_854,caracteristica_855,caracteristica_856,caracteristica_857,caracteristica_858,caracteristica_859,caracteristica_860,caracteristica_861,caracteristica_862,caracteristica_863,caracteristica_864,caracteristica_865,caracteristica_866,caracteristica_867,caracteristica_868,caracteristica_869,caracteristica_870,caracteristica_871,caracteristica_872,caracteristica_873,caracteristica_874,caracteristica_875,caracteristica_876,caracteristica_877,caracteristica_878,caracteristica_879,caracteristica_880,caracteristica_881,caracteristica_882,caracteristica_883,caracteristica_884,caracteristica_885,caracteristica_886,caracteristica_887,caracteristica_888,caracteristica_889,caracteristica_890,caracteristica_891,caracteristica_892,caracteristica_893,caracteristica_894,caracteristica_895,caracteristica_896,caracteristica_897,caracteristica_898,caracteristica_899,caracteristica_900,caracteristica_901,caracteristica_902,caracteristica_903,caracteristica_904,caracteristica_905,caracteristica_906,caracteristica_907,caracteristica_908,caracteristica_909,caracteristica_910,caracteristica_911,caracteristica_912,caracteristica_913,caracteristica_914,caracteristica_915,caracteristica_916,caracteristica_917,caracteristica_918,caracteristica_919,caracteristica_920,caracteristica_921,caracteristica_922,caracteristica_923,caracteristica_924,caracteristica_925,caracteristica_926,caracteristica_927,caracteristica_928,caracteristica_929,caracteristica_930,caracteristica_931,caracteristica_932,caracteristica_933,caracteristica_934,caracteristica_935,caracteristica_936,caracteristica_937,caracteristica_938,caracteristica_939,caracteristica_940,caracteristica_941,caracteristica_942,caracteristica_943,caracteristica_944,caracteristica_945,caracteristica_946,caracteristica_947,caracteristica_948,caracteristica_949,caracteristica_950,caracteristica_951,caracteristica_952,caracteristica_953,caracteristica_954,caracteristica_955,caracteristica_956,caracteristica_957,caracteristica_958,caracteristica_959,caracteristica_960,caracteristica_961,caracteristica_962,caracteristica_963,caracteristica_964,caracteristica_965,caracteristica_966,caracteristica_967,caracteristica_968,caracteristica_969,caracteristica_970,caracteristica_971,caracteristica_972,caracteristica_973,caracteristica_974,caracteristica_975,caracteristica_976,caracteristica_977,caracteristica_978,caracteristica_979,caracteristica_980,caracteristica_981,caracteristica_982,caracteristica_983,caracteristica_984,caracteristica_985,caracteristica_986,caracteristica_987,caracteristica_988,caracteristica_989,caracteristica_990,caracteristica_991,caracteristica_992,caracteristica_993,caracteristica_994,caracteristica_995,caracteristica_996,caracteristica_997,caracteristica_998,caracteristica_999,caracteristica_1000,caracteristica_1001,caracteristica_1002,caracteristica_1003,caracteristica_1004,caracteristica_1005,caracteristica_1006,caracteristica_1007,caracteristica_1008,caracteristica_1009,caracteristica_1010,caracteristica_1011,caracteristica_1012,caracteristica_1013,caracteristica_1014,caracteristica_1015,caracteristica_1016,caracteristica_1017,caracteristica_1018,caracteristica_1019,caracteristica_1020,caracteristica_1021,caracteristica_1022,caracteristica_1023,caracteristica_1024,caracteristica_1025,caracteristica_1026,caracteristica_1027,caracteristica_1028,caracteristica_1029,caracteristica_1030,caracteristica_1031,caracteristica_1032,caracteristica_1033,caracteristica_1034,caracteristica_1035,caracteristica_1036,caracteristica_1037,caracteristica_1038,caracteristica_1039,caracteristica_1040,caracteristica_1041,caracteristica_1042,caracteristica_1043,caracteristica_1044,caracteristica_1045,caracteristica_1046,caracteristica_1047,caracteristica_1048,caracteristica_1049,caracteristica_1050,caracteristica_1051,caracteristica_1052,caracteristica_1053,caracteristica_1054,caracteristica_1055,caracteristica_1056,caracteristica_1057,caracteristica_1058,caracteristica_1059,caracteristica_1060,caracteristica_1061,caracteristica_1062,caracteristica_1063,caracteristica_1064,caracteristica_1065,caracteristica_1066,caracteristica_1067,caracteristica_1068,caracteristica_1069,caracteristica_1070,caracteristica_1071,caracteristica_1072,caracteristica_1073,caracteristica_1074,caracteristica_1075,caracteristica_1076,caracteristica_1077,caracteristica_1078,caracteristica_1079,caracteristica_1080,caracteristica_1081,caracteristica_1082,caracteristica_1083,caracteristica_1084,caracteristica_1085,caracteristica_1086,caracteristica_1087,caracteristica_1088,caracteristica_1089,caracteristica_1090,caracteristica_1091,caracteristica_1092,caracteristica_1093,caracteristica_1094,caracteristica_1095,caracteristica_1096,caracteristica_1097,caracteristica_1098,caracteristica_1099,caracteristica_1100,caracteristica_1101,caracteristica_1102,caracteristica_1103,caracteristica_1104,caracteristica_1105,caracteristica_1106,caracteristica_1107,caracteristica_1108,caracteristica_1109,caracteristica_1110,caracteristica_1111,caracteristica_1112,caracteristica_1113,caracteristica_1114,caracteristica_1115,caracteristica_1116,caracteristica_1117,caracteristica_1118,caracteristica_1119,caracteristica_1120,caracteristica_1121,caracteristica_1122,caracteristica_1123,caracteristica_1124,caracteristica_1125,caracteristica_1126,caracteristica_1127,caracteristica_1128,caracteristica_1129,caracteristica_1130,caracteristica_1131,caracteristica_1132,caracteristica_1133,caracteristica_1134,caracteristica_1135,caracteristica_1136,caracteristica_1137,caracteristica_1138,caracteristica_1139,caracteristica_1140,caracteristica_1141,caracteristica_1142,caracteristica_1143,caracteristica_1144,caracteristica_1145,caracteristica_1146,caracteristica_1147,caracteristica_1148,caracteristica_1149,caracteristica_1150,caracteristica_1151,caracteristica_1152,caracteristica_1153,caracteristica_1154,caracteristica_1155,caracteristica_1156,caracteristica_1157,caracteristica_1158,caracteristica_1159,caracteristica_1160,caracteristica_1161,caracteristica_1162,caracteristica_1163,caracteristica_1164,caracteristica_1165,caracteristica_1166,caracteristica_1167,caracteristica_1168,caracteristica_1169,caracteristica_1170,caracteristica_1171,caracteristica_1172,caracteristica_1173,caracteristica_1174,caracteristica_1175,caracteristica_1176,caracteristica_1177,caracteristica_1178,caracteristica_1179,caracteristica_1180,caracteristica_1181,caracteristica_1182,caracteristica_1183,caracteristica_1184,caracteristica_1185,caracteristica_1186,caracteristica_1187,caracteristica_1188,caracteristica_1189,caracteristica_1190,caracteristica_1191,caracteristica_1192,caracteristica_1193,caracteristica_1194,caracteristica_1195,caracteristica_1196,caracteristica_1197,caracteristica_1198,caracteristica_1199,caracteristica_1200,caracteristica_1201,caracteristica_1202,caracteristica_1203,caracteristica_1204,caracteristica_1205,caracteristica_1206,caracteristica_1207,caracteristica_1208,caracteristica_1209,caracteristica_1210,caracteristica_1211,caracteristica_1212,caracteristica_1213,caracteristica_1214,caracteristica_1215,caracteristica_1216,caracteristica_1217,caracteristica_1218,caracteristica_1219,caracteristica_1220,caracteristica_1221,caracteristica_1222,caracteristica_1223,caracteristica_1224,caracteristica_1225,caracteristica_1226,caracteristica_1227,caracteristica_1228,caracteristica_1229,caracteristica_1230,caracteristica_1231,caracteristica_1232,caracteristica_1233,caracteristica_1234,caracteristica_1235,caracteristica_1236,caracteristica_1237,caracteristica_1238,caracteristica_1239,caracteristica_1240,caracteristica_1241,caracteristica_1242,caracteristica_1243,caracteristica_1244,caracteristica_1245,caracteristica_1246,caracteristica_1247,caracteristica_1248,caracteristica_1249,caracteristica_1250,caracteristica_1251,caracteristica_1252,caracteristica_1253,caracteristica_1254,caracteristica_1255,caracteristica_1256,caracteristica_1257,caracteristica_1258,caracteristica_1259,caracteristica_1260,caracteristica_1261,caracteristica_1262,caracteristica_1263,caracteristica_1264,caracteristica_1265,caracteristica_1266,caracteristica_1267,caracteristica_1268,caracteristica_1269,caracteristica_1270,caracteristica_1271,caracteristica_1272,caracteristica_1273,caracteristica_1274,caracteristica_1275,caracteristica_1276,caracteristica_1277,caracteristica_1278,caracteristica_1279,caracteristica_1280,caracteristica_1281,caracteristica_1282,caracteristica_1283,caracteristica_1284,caracteristica_1285,caracteristica_1286,caracteristica_1287,caracteristica_1288,caracteristica_1289,caracteristica_1290,caracteristica_1291,caracteristica_1292,caracteristica_1293,caracteristica_1294,caracteristica_1295,caracteristica_1296,caracteristica_1297,caracteristica_1298,caracteristica_1299,caracteristica_1300,caracteristica_1301,caracteristica_1302,caracteristica_1303,caracteristica_1304,caracteristica_1305,caracteristica_1306,caracteristica_1307,caracteristica_1308,caracteristica_1309,caracteristica_1310,caracteristica_1311,caracteristica_1312,caracteristica_1313,caracteristica_1314,caracteristica_1315,caracteristica_1316,caracteristica_1317,caracteristica_1318,caracteristica_1319,caracteristica_1320,caracteristica_1321,caracteristica_1322,caracteristica_1323,caracteristica_1324,caracteristica_1325,caracteristica_1326,caracteristica_1327,caracteristica_1328,caracteristica_1329,caracteristica_1330,caracteristica_1331,caracteristica_1332,caracteristica_1333,caracteristica_1334,caracteristica_1335,caracteristica_1336,caracteristica_1337,caracteristica_1338,caracteristica_1339,caracteristica_1340,caracteristica_1341,caracteristica_1342,caracteristica_1343,caracteristica_1344,caracteristica_1345,caracteristica_1346,caracteristica_1347,caracteristica_1348,caracteristica_1349,caracteristica_1350,caracteristica_1351,caracteristica_1352,caracteristica_1353,caracteristica_1354,caracteristica_1355,caracteristica_1356,caracteristica_1357,caracteristica_1358,caracteristica_1359,caracteristica_1360,caracteristica_1361,caracteristica_1362,caracteristica_1363,caracteristica_1364,caracteristica_1365,caracteristica_1366,caracteristica_1367,caracteristica_1368,caracteristica_1369,caracteristica_1370,caracteristica_1371,caracteristica_1372,caracteristica_1373,caracteristica_1374,caracteristica_1375,caracteristica_1376,caracteristica_1377,caracteristica_1378,caracteristica_1379,caracteristica_1380,caracteristica_1381,caracteristica_1382,caracteristica_1383,caracteristica_1384,caracteristica_1385,caracteristica_1386,caracteristica_1387,caracteristica_1388,caracteristica_1389,caracteristica_1390,caracteristica_1391,caracteristica_1392,caracteristica_1393,caracteristica_1394,caracteristica_1395,caracteristica_1396,caracteristica_1397,caracteristica_1398,caracteristica_1399,caracteristica_1400,caracteristica_1401,caracteristica_1402,caracteristica_1403,caracteristica_1404,caracteristica_1405,caracteristica_1406,caracteristica_1407,caracteristica_1408,caracteristica_1409,caracteristica_1410,caracteristica_1411,caracteristica_1412,caracteristica_1413,caracteristica_1414,caracteristica_1415,caracteristica_1416,caracteristica_1417,caracteristica_1418,caracteristica_1419,caracteristica_1420,caracteristica_1421,caracteristica_1422,caracteristica_1423,caracteristica_1424,caracteristica_1425,caracteristica_1426,caracteristica_1427,caracteristica_1428,caracteristica_1429,caracteristica_1430,caracteristica_1431,caracteristica_1432,caracteristica_1433,caracteristica_1434,caracteristica_1435,caracteristica_1436,caracteristica_1437,caracteristica_1438,caracteristica_1439,caracteristica_1440,caracteristica_1441,caracteristica_1442,caracteristica_1443,caracteristica_1444,caracteristica_1445,caracteristica_1446,caracteristica_1447,caracteristica_1448,caracteristica_1449,caracteristica_1450,caracteristica_1451,caracteristica_1452,caracteristica_1453,caracteristica_1454,caracteristica_1455,caracteristica_1456,caracteristica_1457,caracteristica_1458,caracteristica_1459,caracteristica_1460,caracteristica_1461,caracteristica_1462,caracteristica_1463,caracteristica_1464,caracteristica_1465,caracteristica_1466,caracteristica_1467,caracteristica_1468,caracteristica_1469,caracteristica_1470,caracteristica_1471,caracteristica_1472,caracteristica_1473,caracteristica_1474,caracteristica_1475,caracteristica_1476,caracteristica_1477,caracteristica_1478,caracteristica_1479,caracteristica_1480,caracteristica_1481,caracteristica_1482,caracteristica_1483,caracteristica_1484,caracteristica_1485,caracteristica_1486,caracteristica_1487,caracteristica_1488,caracteristica_1489,caracteristica_1490,caracteristica_1491,caracteristica_1492,caracteristica_1493,caracteristica_1494,caracteristica_1495,caracteristica_1496,caracteristica_1497,caracteristica_1498,caracteristica_1499,caracteristica_1500,caracteristica_1501,caracteristica_1502,caracteristica_1503,caracteristica_1504,caracteristica_1505,caracteristica_1506,caracteristica_1507,caracteristica_1508,caracteristica_1509,caracteristica_1510,caracteristica_1511,caracteristica_1512,caracteristica_1513,caracteristica_1514,caracteristica_1515,caracteristica_1516,caracteristica_1517,caracteristica_1518,caracteristica_1519,caracteristica_1520,caracteristica_1521,caracteristica_1522,caracteristica_1523,caracteristica_1524,caracteristica_1525,caracteristica_1526,caracteristica_1527,caracteristica_1528,caracteristica_1529,caracteristica_1530,caracteristica_1531,caracteristica_1532,caracteristica_1533,caracteristica_1534,caracteristica_1535,caracteristica_1536,caracteristica_1537,caracteristica_1538,caracteristica_1539,caracteristica_1540,caracteristica_1541,caracteristica_1542,caracteristica_1543,caracteristica_1544,caracteristica_1545,caracteristica_1546,caracteristica_1547,caracteristica_1548,caracteristica_1549,caracteristica_1550,caracteristica_1551,caracteristica_1552,caracteristica_1553,caracteristica_1554,caracteristica_1555,caracteristica_1556,caracteristica_1557,caracteristica_1558,caracteristica_1559,caracteristica_1560,caracteristica_1561,caracteristica_1562,caracteristica_1563,caracteristica_1564,caracteristica_1565,caracteristica_1566,caracteristica_1567,caracteristica_1568,caracteristica_1569,caracteristica_1570,caracteristica_1571,caracteristica_1572,caracteristica_1573,caracteristica_1574,caracteristica_1575,caracteristica_1576,caracteristica_1577,caracteristica_1578,caracteristica_1579,caracteristica_1580,caracteristica_1581,caracteristica_1582,caracteristica_1583,caracteristica_1584,caracteristica_1585,caracteristica_1586,caracteristica_1587,caracteristica_1588,caracteristica_1589,caracteristica_1590,caracteristica_1591,caracteristica_1592,caracteristica_1593,caracteristica_1594,caracteristica_1595,caracteristica_1596,caracteristica_1597,caracteristica_1598,caracteristica_1599,caracteristica_1600,caracteristica_1601,caracteristica_1602,caracteristica_1603,caracteristica_1604,caracteristica_1605,caracteristica_1606,caracteristica_1607,caracteristica_1608,caracteristica_1609,caracteristica_1610,caracteristica_1611,caracteristica_1612,caracteristica_1613,caracteristica_1614,caracteristica_1615,caracteristica_1616,caracteristica_1617,caracteristica_1618,caracteristica_1619,caracteristica_1620,caracteristica_1621,caracteristica_1622,caracteristica_1623,caracteristica_1624,caracteristica_1625,caracteristica_1626,caracteristica_1627,caracteristica_1628,caracteristica_1629,caracteristica_1630,caracteristica_1631,caracteristica_1632,caracteristica_1633,caracteristica_1634,caracteristica_1635,caracteristica_1636,caracteristica_1637,caracteristica_1638,caracteristica_1639,caracteristica_1640,caracteristica_1641,caracteristica_1642,caracteristica_1643,caracteristica_1644,caracteristica_1645,caracteristica_1646,caracteristica_1647,caracteristica_1648,caracteristica_1649,caracteristica_1650,caracteristica_1651,caracteristica_1652,caracteristica_1653,caracteristica_1654,caracteristica_1655,caracteristica_1656,caracteristica_1657,caracteristica_1658,caracteristica_1659,caracteristica_1660,caracteristica_1661,caracteristica_1662,caracteristica_1663,caracteristica_1664,caracteristica_1665,caracteristica_1666,caracteristica_1667,caracteristica_1668,caracteristica_1669,caracteristica_1670,caracteristica_1671,caracteristica_1672,caracteristica_1673,caracteristica_1674,caracteristica_1675,caracteristica_1676,caracteristica_1677,caracteristica_1678,caracteristica_1679,caracteristica_1680,caracteristica_1681,caracteristica_1682,caracteristica_1683,caracteristica_1684,caracteristica_1685,caracteristica_1686,caracteristica_1687,caracteristica_1688,caracteristica_1689,caracteristica_1690,caracteristica_1691,caracteristica_1692,caracteristica_1693,caracteristica_1694,caracteristica_1695,caracteristica_1696,caracteristica_1697,caracteristica_1698,caracteristica_1699,caracteristica_1700,caracteristica_1701,caracteristica_1702,caracteristica_1703,caracteristica_1704,caracteristica_1705,caracteristica_1706,caracteristica_1707,caracteristica_1708,caracteristica_1709,caracteristica_1710,caracteristica_1711,caracteristica_1712,caracteristica_1713,caracteristica_1714,caracteristica_1715,caracteristica_1716,caracteristica_1717,caracteristica_1718,caracteristica_1719,caracteristica_1720,caracteristica_1721,caracteristica_1722,caracteristica_1723,caracteristica_1724,caracteristica_1725,caracteristica_1726,caracteristica_1727,caracteristica_1728,caracteristica_1729,caracteristica_1730,caracteristica_1731,caracteristica_1732,caracteristica_1733,caracteristica_1734,caracteristica_1735,caracteristica_1736,caracteristica_1737,caracteristica_1738,caracteristica_1739,caracteristica_1740,caracteristica_1741,caracteristica_1742,caracteristica_1743,caracteristica_1744,caracteristica_1745,caracteristica_1746,caracteristica_1747,caracteristica_1748,caracteristica_1749,caracteristica_1750,caracteristica_1751,caracteristica_1752,caracteristica_1753,caracteristica_1754,caracteristica_1755,caracteristica_1756,caracteristica_1757,caracteristica_1758,caracteristica_1759,caracteristica_1760,caracteristica_1761,caracteristica_1762,caracteristica_1763,caracteristica_1764,caracteristica_1765,caracteristica_1766,caracteristica_1767,caracteristica_1768,caracteristica_1769,caracteristica_1770,caracteristica_1771,caracteristica_1772,caracteristica_1773,caracteristica_1774,caracteristica_1775,caracteristica_1776,caracteristica_1777,caracteristica_1778,caracteristica_1779,caracteristica_1780,caracteristica_1781,caracteristica_1782,caracteristica_1783,caracteristica_1784,caracteristica_1785,caracteristica_1786,caracteristica_1787,caracteristica_1788,caracteristica_1789,caracteristica_1790,caracteristica_1791,caracteristica_1792,caracteristica_1793,caracteristica_1794,caracteristica_1795,caracteristica_1796,caracteristica_1797,caracteristica_1798,caracteristica_1799,caracteristica_1800,caracteristica_1801,caracteristica_1802,caracteristica_1803,caracteristica_1804,caracteristica_1805,caracteristica_1806,caracteristica_1807,caracteristica_1808,caracteristica_1809,caracteristica_1810,caracteristica_1811,caracteristica_1812,caracteristica_1813,caracteristica_1814,caracteristica_1815,caracteristica_1816,caracteristica_1817,caracteristica_1818,caracteristica_1819,caracteristica_1820,caracteristica_1821,caracteristica_1822,caracteristica_1823,caracteristica_1824,caracteristica_1825,caracteristica_1826,caracteristica_1827,caracteristica_1828,caracteristica_1829,caracteristica_1830,caracteristica_1831,caracteristica_1832,caracteristica_1833,caracteristica_1834,caracteristica_1835,caracteristica_1836,caracteristica_1837,caracteristica_1838,caracteristica_1839,caracteristica_1840,caracteristica_1841,caracteristica_1842,caracteristica_1843,caracteristica_1844,caracteristica_1845,caracteristica_1846,caracteristica_1847,caracteristica_1848,caracteristica_1849,caracteristica_1850,caracteristica_1851,caracteristica_1852,caracteristica_1853,caracteristica_1854,caracteristica_1855,caracteristica_1856,caracteristica_1857,caracteristica_1858,caracteristica_1859,caracteristica_1860,caracteristica_1861,caracteristica_1862,caracteristica_1863,caracteristica_1864,caracteristica_1865,caracteristica_1866,caracteristica_1867,caracteristica_1868,caracteristica_1869,caracteristica_1870,caracteristica_1871,caracteristica_1872,caracteristica_1873,caracteristica_1874,caracteristica_1875,caracteristica_1876,caracteristica_1877,caracteristica_1878,caracteristica_1879,caracteristica_1880,caracteristica_1881,caracteristica_1882,caracteristica_1883,caracteristica_1884,caracteristica_1885,caracteristica_1886,caracteristica_1887,caracteristica_1888,caracteristica_1889,caracteristica_1890,caracteristica_1891,caracteristica_1892,caracteristica_1893,caracteristica_1894,caracteristica_1895,caracteristica_1896,caracteristica_1897,caracteristica_1898,caracteristica_1899,caracteristica_1900,caracteristica_1901,caracteristica_1902,caracteristica_1903,caracteristica_1904,caracteristica_1905,caracteristica_1906,caracteristica_1907,caracteristica_1908,caracteristica_1909,caracteristica_1910,caracteristica_1911,caracteristica_1912,caracteristica_1913,caracteristica_1914,caracteristica_1915,caracteristica_1916,caracteristica_1917,caracteristica_1918,caracteristica_1919,caracteristica_1920,caracteristica_1921,caracteristica_1922,caracteristica_1923,caracteristica_1924,caracteristica_1925,caracteristica_1926,caracteristica_1927,caracteristica_1928,caracteristica_1929,caracteristica_1930,caracteristica_1931,caracteristica_1932,caracteristica_1933,caracteristica_1934,caracteristica_1935,caracteristica_1936,caracteristica_1937,caracteristica_1938,caracteristica_1939,caracteristica_1940,caracteristica_1941,caracteristica_1942,caracteristica_1943,caracteristica_1944,caracteristica_1945,caracteristica_1946,caracteristica_1947,caracteristica_1948,caracteristica_1949,caracteristica_1950,caracteristica_1951,caracteristica_1952,caracteristica_1953,caracteristica_1954,caracteristica_1955,caracteristica_1956,caracteristica_1957,caracteristica_1958,caracteristica_1959,caracteristica_1960,caracteristica_1961,caracteristica_1962,caracteristica_1963,caracteristica_1964,caracteristica_1965,caracteristica_1966,caracteristica_1967,caracteristica_1968,caracteristica_1969,caracteristica_1970,caracteristica_1971,caracteristica_1972,caracteristica_1973,caracteristica_1974,caracteristica_1975,caracteristica_1976,caracteristica_1977,caracteristica_1978,caracteristica_1979,caracteristica_1980,caracteristica_1981,caracteristica_1982,caracteristica_1983,caracteristica_1984,caracteristica_1985,caracteristica_1986,caracteristica_1987,caracteristica_1988,caracteristica_1989,caracteristica_1990,caracteristica_1991,caracteristica_1992,caracteristica_1993,caracteristica_1994,caracteristica_1995,caracteristica_1996,caracteristica_1997,caracteristica_1998,caracteristica_1999,caracteristica_2000,caracteristica_2001,caracteristica_2002,caracteristica_2003,caracteristica_2004,caracteristica_2005,caracteristica_2006,caracteristica_2007,caracteristica_2008,caracteristica_2009,caracteristica_2010,caracteristica_2011,caracteristica_2012,caracteristica_2013,caracteristica_2014,caracteristica_2015,caracteristica_2016,caracteristica_2017,caracteristica_2018,caracteristica_2019,caracteristica_2020,caracteristica_2021,caracteristica_2022,caracteristica_2023,caracteristica_2024,caracteristica_2025,caracteristica_2026,caracteristica_2027,caracteristica_2028,caracteristica_2029,caracteristica_2030,caracteristica_2031,caracteristica_2032,caracteristica_2033,caracteristica_2034,caracteristica_2035,caracteristica_2036,caracteristica_2037,caracteristica_2038,caracteristica_2039,caracteristica_2040,caracteristica_2041,caracteristica_2042,caracteristica_2043,caracteristica_2044,caracteristica_2045,caracteristica_2046,caracteristica_2047,caracteristica_2048,caracteristica_2049,caracteristica_2050,caracteristica_2051,caracteristica_2052,caracteristica_2053,caracteristica_2054,caracteristica_2055,caracteristica_2056,caracteristica_2057,caracteristica_2058,caracteristica_2059,caracteristica_2060,caracteristica_2061,caracteristica_2062,caracteristica_2063,caracteristica_2064,caracteristica_2065,caracteristica_2066,caracteristica_2067,caracteristica_2068,caracteristica_2069,caracteristica_2070,caracteristica_2071,caracteristica_2072,caracteristica_2073,caracteristica_2074,caracteristica_2075,caracteristica_2076,caracteristica_2077,caracteristica_2078,caracteristica_2079,caracteristica_2080,caracteristica_2081,caracteristica_2082,caracteristica_2083,caracteristica_2084,caracteristica_2085,caracteristica_2086,caracteristica_2087,caracteristica_2088,caracteristica_2089,caracteristica_2090,caracteristica_2091,caracteristica_2092,caracteristica_2093,caracteristica_2094,caracteristica_2095,caracteristica_2096,caracteristica_2097,caracteristica_2098,caracteristica_2099,caracteristica_2100,caracteristica_2101,caracteristica_2102,caracteristica_2103,caracteristica_2104,caracteristica_2105,caracteristica_2106,caracteristica_2107,caracteristica_2108,caracteristica_2109,caracteristica_2110,caracteristica_2111,caracteristica_2112,caracteristica_2113,caracteristica_2114,caracteristica_2115,caracteristica_2116,caracteristica_2117,caracteristica_2118,caracteristica_2119,caracteristica_2120,caracteristica_2121,caracteristica_2122,caracteristica_2123,caracteristica_2124,caracteristica_2125,caracteristica_2126,caracteristica_2127,caracteristica_2128,caracteristica_2129,caracteristica_2130,caracteristica_2131,caracteristica_2132,caracteristica_2133,caracteristica_2134,caracteristica_2135,caracteristica_2136,caracteristica_2137,caracteristica_2138,caracteristica_2139,caracteristica_2140,caracteristica_2141,caracteristica_2142,caracteristica_2143,caracteristica_2144,caracteristica_2145,caracteristica_2146,caracteristica_2147,caracteristica_2148,caracteristica_2149,caracteristica_2150,caracteristica_2151,caracteristica_2152,caracteristica_2153,caracteristica_2154,caracteristica_2155,caracteristica_2156,caracteristica_2157,caracteristica_2158,caracteristica_2159,caracteristica_2160,caracteristica_2161,caracteristica_2162,caracteristica_2163,caracteristica_2164,caracteristica_2165,caracteristica_2166,caracteristica_2167,caracteristica_2168,caracteristica_2169,caracteristica_2170,caracteristica_2171,caracteristica_2172,caracteristica_2173,caracteristica_2174,caracteristica_2175,caracteristica_2176,caracteristica_2177,caracteristica_2178,caracteristica_2179,caracteristica_2180,caracteristica_2181,caracteristica_2182,caracteristica_2183,caracteristica_2184,caracteristica_2185,caracteristica_2186,caracteristica_2187,caracteristica_2188,caracteristica_2189,caracteristica_2190,caracteristica_2191,caracteristica_2192,caracteristica_2193,caracteristica_2194,caracteristica_2195,caracteristica_2196,caracteristica_2197,caracteristica_2198,caracteristica_2199,caracteristica_2200,caracteristica_2201,caracteristica_2202,caracteristica_2203,caracteristica_2204,caracteristica_2205,caracteristica_2206,caracteristica_2207,caracteristica_2208,caracteristica_2209,caracteristica_2210,caracteristica_2211,caracteristica_2212,caracteristica_2213,caracteristica_2214,caracteristica_2215,caracteristica_2216,caracteristica_2217,caracteristica_2218,caracteristica_2219,caracteristica_2220,caracteristica_2221,caracteristica_2222,caracteristica_2223,caracteristica_2224,caracteristica_2225,caracteristica_2226,caracteristica_2227,caracteristica_2228,caracteristica_2229,caracteristica_2230,caracteristica_2231,caracteristica_2232,caracteristica_2233,caracteristica_2234,caracteristica_2235,caracteristica_2236,caracteristica_2237,caracteristica_2238,caracteristica_2239,caracteristica_2240,caracteristica_2241,caracteristica_2242,caracteristica_2243,caracteristica_2244,caracteristica_2245,caracteristica_2246,caracteristica_2247,caracteristica_2248,caracteristica_2249,caracteristica_2250,caracteristica_2251,caracteristica_2252,caracteristica_2253,caracteristica_2254,caracteristica_2255,caracteristica_2256,caracteristica_2257,caracteristica_2258,caracteristica_2259,caracteristica_2260,caracteristica_2261,caracteristica_2262,caracteristica_2263,caracteristica_2264,caracteristica_2265,caracteristica_2266,caracteristica_2267,caracteristica_2268,caracteristica_2269,caracteristica_2270,caracteristica_2271,caracteristica_2272,caracteristica_2273,caracteristica_2274,caracteristica_2275,caracteristica_2276,caracteristica_2277,caracteristica_2278,caracteristica_2279,caracteristica_2280,caracteristica_2281,caracteristica_2282,caracteristica_2283,caracteristica_2284,caracteristica_2285,caracteristica_2286,caracteristica_2287,caracteristica_2288,caracteristica_2289,caracteristica_2290,caracteristica_2291,caracteristica_2292,caracteristica_2293,caracteristica_2294,caracteristica_2295,caracteristica_2296,caracteristica_2297,caracteristica_2298,caracteristica_2299,caracteristica_2300,caracteristica_2301,caracteristica_2302,caracteristica_2303,caracteristica_2304,caracteristica_2305,caracteristica_2306,caracteristica_2307,caracteristica_2308,caracteristica_2309,caracteristica_2310,caracteristica_2311,caracteristica_2312,caracteristica_2313,caracteristica_2314,caracteristica_2315,caracteristica_2316,caracteristica_2317,caracteristica_2318,caracteristica_2319,caracteristica_2320,caracteristica_2321,caracteristica_2322,caracteristica_2323,caracteristica_2324,caracteristica_2325,caracteristica_2326,caracteristica_2327,caracteristica_2328,caracteristica_2329,caracteristica_2330,caracteristica_2331,caracteristica_2332,caracteristica_2333,caracteristica_2334,caracteristica_2335,caracteristica_2336,caracteristica_2337,caracteristica_2338,caracteristica_2339,caracteristica_2340,caracteristica_2341,caracteristica_2342,caracteristica_2343,caracteristica_2344,caracteristica_2345,caracteristica_2346,caracteristica_2347,caracteristica_2348,caracteristica_2349,caracteristica_2350,caracteristica_2351,caracteristica_2352,caracteristica_2353,caracteristica_2354,caracteristica_2355,caracteristica_2356,caracteristica_2357,caracteristica_2358,caracteristica_2359,caracteristica_2360,caracteristica_2361,caracteristica_2362,caracteristica_2363,caracteristica_2364,caracteristica_2365,caracteristica_2366,caracteristica_2367,caracteristica_2368,caracteristica_2369,caracteristica_2370,caracteristica_2371,caracteristica_2372,caracteristica_2373,caracteristica_2374,caracteristica_2375,caracteristica_2376,caracteristica_2377,caracteristica_2378,caracteristica_2379,caracteristica_2380,caracteristica_2381,caracteristica_2382,caracteristica_2383,caracteristica_2384,caracteristica_2385,caracteristica_2386,caracteristica_2387,caracteristica_2388,caracteristica_2389,caracteristica_2390,caracteristica_2391,caracteristica_2392,caracteristica_2393,caracteristica_2394,caracteristica_2395,caracteristica_2396,caracteristica_2397,caracteristica_2398,caracteristica_2399,caracteristica_2400,caracteristica_2401,caracteristica_2402,caracteristica_2403,caracteristica_2404,caracteristica_2405,caracteristica_2406,caracteristica_2407,caracteristica_2408,caracteristica_2409,caracteristica_2410,caracteristica_2411,caracteristica_2412,caracteristica_2413,caracteristica_2414,caracteristica_2415,caracteristica_2416,caracteristica_2417,caracteristica_2418,caracteristica_2419,caracteristica_2420,caracteristica_2421,caracteristica_2422,caracteristica_2423,caracteristica_2424,caracteristica_2425,caracteristica_2426,caracteristica_2427,caracteristica_2428,caracteristica_2429,caracteristica_2430,caracteristica_2431,caracteristica_2432,caracteristica_2433,caracteristica_2434,caracteristica_2435,caracteristica_2436,caracteristica_2437,caracteristica_2438,caracteristica_2439,caracteristica_2440,caracteristica_2441,caracteristica_2442,caracteristica_2443,caracteristica_2444,caracteristica_2445,caracteristica_2446,caracteristica_2447,caracteristica_2448,caracteristica_2449,caracteristica_2450,caracteristica_2451,caracteristica_2452,caracteristica_2453,caracteristica_2454,caracteristica_2455,caracteristica_2456,caracteristica_2457,caracteristica_2458,caracteristica_2459,caracteristica_2460,caracteristica_2461,caracteristica_2462,caracteristica_2463,caracteristica_2464,caracteristica_2465,caracteristica_2466,caracteristica_2467,caracteristica_2468,caracteristica_2469,caracteristica_2470,caracteristica_2471,caracteristica_2472,caracteristica_2473,caracteristica_2474,caracteristica_2475,caracteristica_2476,caracteristica_2477,caracteristica_2478,caracteristica_2479,caracteristica_2480,caracteristica_2481,caracteristica_2482,caracteristica_2483,caracteristica_2484,caracteristica_2485,caracteristica_2486,caracteristica_2487,caracteristica_2488,caracteristica_2489,caracteristica_2490,caracteristica_2491,caracteristica_2492,caracteristica_2493,caracteristica_2494,caracteristica_2495,caracteristica_2496,caracteristica_2497,caracteristica_2498,caracteristica_2499,caracteristica_2500,caracteristica_2501,caracteristica_2502,caracteristica_2503,caracteristica_2504,caracteristica_2505,caracteristica_2506,caracteristica_2507,caracteristica_2508,caracteristica_2509,caracteristica_2510,caracteristica_2511,caracteristica_2512,caracteristica_2513,caracteristica_2514,caracteristica_2515,caracteristica_2516,caracteristica_2517,caracteristica_2518,caracteristica_2519,caracteristica_2520,caracteristica_2521,caracteristica_2522,caracteristica_2523,caracteristica_2524,caracteristica_2525,caracteristica_2526,caracteristica_2527,caracteristica_2528,caracteristica_2529,caracteristica_2530,caracteristica_2531,caracteristica_2532,caracteristica_2533,caracteristica_2534,caracteristica_2535,caracteristica_2536,caracteristica_2537,caracteristica_2538,caracteristica_2539,caracteristica_2540,caracteristica_2541,caracteristica_2542,caracteristica_2543,caracteristica_2544,caracteristica_2545,caracteristica_2546,caracteristica_2547,caracteristica_2548,caracteristica_2549,caracteristica_2550,caracteristica_2551,caracteristica_2552,caracteristica_2553,caracteristica_2554,caracteristica_2555,caracteristica_2556,caracteristica_2557,caracteristica_2558,caracteristica_2559,caracteristica_2560,caracteristica_2561,caracteristica_2562,caracteristica_2563,caracteristica_2564,caracteristica_2565,caracteristica_2566,caracteristica_2567,caracteristica_2568,caracteristica_2569,caracteristica_2570,caracteristica_2571,caracteristica_2572,caracteristica_2573,caracteristica_2574,caracteristica_2575,caracteristica_2576,caracteristica_2577,caracteristica_2578,caracteristica_2579,caracteristica_2580,caracteristica_2581,caracteristica_2582,caracteristica_2583,caracteristica_2584,caracteristica_2585,caracteristica_2586,caracteristica_2587,caracteristica_2588,caracteristica_2589,caracteristica_2590,caracteristica_2591,caracteristica_2592,caracteristica_2593,caracteristica_2594,caracteristica_2595,caracteristica_2596,caracteristica_2597,caracteristica_2598,caracteristica_2599,caracteristica_2600,caracteristica_2601,caracteristica_2602,caracteristica_2603,caracteristica_2604,caracteristica_2605,caracteristica_2606,caracteristica_2607,caracteristica_2608,caracteristica_2609,caracteristica_2610,caracteristica_2611,caracteristica_2612,caracteristica_2613,caracteristica_2614,caracteristica_2615,caracteristica_2616,caracteristica_2617,caracteristica_2618,caracteristica_2619,caracteristica_2620,caracteristica_2621,caracteristica_2622,caracteristica_2623,caracteristica_2624,caracteristica_2625,caracteristica_2626,caracteristica_2627,caracteristica_2628,caracteristica_2629,caracteristica_2630,caracteristica_2631,caracteristica_2632,caracteristica_2633,caracteristica_2634,caracteristica_2635,caracteristica_2636,caracteristica_2637,caracteristica_2638,caracteristica_2639,caracteristica_2640,caracteristica_2641,caracteristica_2642,caracteristica_2643,caracteristica_2644,caracteristica_2645,caracteristica_2646,caracteristica_2647,caracteristica_2648,caracteristica_2649,caracteristica_2650,caracteristica_2651,caracteristica_2652,caracteristica_2653,caracteristica_2654,caracteristica_2655,caracteristica_2656,caracteristica_2657,caracteristica_2658,caracteristica_2659,caracteristica_2660,caracteristica_2661,caracteristica_2662,caracteristica_2663,caracteristica_2664,caracteristica_2665,caracteristica_2666,caracteristica_2667,caracteristica_2668,caracteristica_2669,caracteristica_2670,caracteristica_2671,caracteristica_2672,caracteristica_2673,caracteristica_2674,caracteristica_2675,caracteristica_2676,caracteristica_2677,caracteristica_2678,caracteristica_2679,caracteristica_2680,caracteristica_2681,caracteristica_2682,caracteristica_2683,caracteristica_2684,caracteristica_2685,caracteristica_2686,caracteristica_2687,caracteristica_2688,caracteristica_2689,caracteristica_2690,caracteristica_2691,caracteristica_2692,caracteristica_2693,caracteristica_2694,caracteristica_2695,caracteristica_2696,caracteristica_2697,caracteristica_2698,caracteristica_2699,caracteristica_2700,caracteristica_2701,caracteristica_2702,caracteristica_2703,caracteristica_2704,caracteristica_2705,caracteristica_2706,caracteristica_2707,caracteristica_2708,caracteristica_2709,caracteristica_2710,caracteristica_2711,caracteristica_2712,caracteristica_2713,caracteristica_2714,caracteristica_2715,caracteristica_2716,caracteristica_2717,caracteristica_2718,caracteristica_2719,caracteristica_2720,caracteristica_2721,caracteristica_2722,caracteristica_2723,caracteristica_2724,caracteristica_2725,caracteristica_2726,caracteristica_2727,caracteristica_2728,caracteristica_2729,caracteristica_2730,caracteristica_2731,caracteristica_2732,caracteristica_2733,caracteristica_2734,caracteristica_2735,caracteristica_2736,caracteristica_2737,caracteristica_2738,caracteristica_2739,caracteristica_2740,caracteristica_2741,caracteristica_2742,caracteristica_2743,caracteristica_2744,caracteristica_2745,caracteristica_2746,caracteristica_2747,caracteristica_2748,caracteristica_2749,caracteristica_2750,caracteristica_2751,caracteristica_2752,caracteristica_2753,caracteristica_2754,caracteristica_2755,caracteristica_2756,caracteristica_2757,caracteristica_2758,caracteristica_2759,caracteristica_2760,caracteristica_2761,caracteristica_2762,caracteristica_2763,caracteristica_2764,caracteristica_2765,caracteristica_2766,caracteristica_2767,caracteristica_2768,caracteristica_2769,caracteristica_2770,caracteristica_2771,caracteristica_2772,caracteristica_2773,caracteristica_2774,caracteristica_2775,caracteristica_2776,caracteristica_2777,caracteristica_2778,caracteristica_2779,caracteristica_2780,caracteristica_2781,caracteristica_2782,caracteristica_2783,caracteristica_2784,caracteristica_2785,caracteristica_2786,caracteristica_2787,caracteristica_2788,caracteristica_2789,caracteristica_2790,caracteristica_2791,caracteristica_2792,caracteristica_2793,caracteristica_2794,caracteristica_2795,caracteristica_2796,caracteristica_2797,caracteristica_2798,caracteristica_2799,caracteristica_2800,caracteristica_2801,caracteristica_2802,caracteristica_2803,caracteristica_2804,caracteristica_2805,caracteristica_2806,caracteristica_2807,caracteristica_2808,caracteristica_2809,caracteristica_2810,caracteristica_2811,caracteristica_2812,caracteristica_2813,caracteristica_2814,caracteristica_2815,caracteristica_2816,caracteristica_2817,caracteristica_2818,caracteristica_2819,caracteristica_2820,caracteristica_2821,caracteristica_2822,caracteristica_2823,caracteristica_2824,caracteristica_2825,caracteristica_2826,caracteristica_2827,caracteristica_2828,caracteristica_2829,caracteristica_2830,caracteristica_2831,caracteristica_2832,caracteristica_2833,caracteristica_2834,caracteristica_2835,caracteristica_2836,caracteristica_2837,caracteristica_2838,caracteristica_2839,caracteristica_2840,caracteristica_2841,caracteristica_2842,caracteristica_2843,caracteristica_2844,caracteristica_2845,caracteristica_2846,caracteristica_2847,caracteristica_2848,caracteristica_2849,caracteristica_2850,caracteristica_2851,caracteristica_2852,caracteristica_2853,caracteristica_2854,caracteristica_2855,caracteristica_2856,caracteristica_2857,caracteristica_2858,caracteristica_2859,caracteristica_2860,caracteristica_2861,caracteristica_2862,caracteristica_2863,caracteristica_2864,caracteristica_2865,caracteristica_2866,caracteristica_2867,caracteristica_2868,caracteristica_2869,caracteristica_2870,caracteristica_2871,caracteristica_2872,caracteristica_2873,caracteristica_2874,caracteristica_2875,caracteristica_2876,caracteristica_2877,caracteristica_2878,caracteristica_2879,caracteristica_2880,caracteristica_2881,caracteristica_2882,caracteristica_2883,caracteristica_2884,caracteristica_2885,caracteristica_2886,caracteristica_2887,caracteristica_2888,caracteristica_2889,caracteristica_2890,caracteristica_2891,caracteristica_2892,caracteristica_2893,caracteristica_2894,caracteristica_2895,caracteristica_2896,caracteristica_2897,caracteristica_2898,caracteristica_2899,caracteristica_2900,caracteristica_2901,caracteristica_2902,caracteristica_2903,caracteristica_2904,caracteristica_2905,caracteristica_2906,caracteristica_2907,caracteristica_2908,caracteristica_2909,caracteristica_2910,caracteristica_2911,caracteristica_2912,caracteristica_2913,caracteristica_2914,caracteristica_2915,caracteristica_2916,caracteristica_2917,caracteristica_2918,caracteristica_2919,caracteristica_2920,caracteristica_2921,caracteristica_2922,caracteristica_2923,caracteristica_2924,caracteristica_2925,caracteristica_2926,caracteristica_2927,caracteristica_2928,caracteristica_2929,caracteristica_2930,caracteristica_2931,caracteristica_2932,caracteristica_2933,caracteristica_2934,caracteristica_2935,caracteristica_2936,caracteristica_2937,caracteristica_2938,caracteristica_2939,caracteristica_2940,caracteristica_2941,caracteristica_2942,caracteristica_2943,caracteristica_2944,caracteristica_2945,caracteristica_2946,caracteristica_2947,caracteristica_2948,caracteristica_2949,caracteristica_2950,caracteristica_2951,caracteristica_2952,caracteristica_2953,caracteristica_2954,caracteristica_2955,caracteristica_2956,caracteristica_2957,caracteristica_2958,caracteristica_2959,caracteristica_2960,caracteristica_2961,caracteristica_2962,caracteristica_2963,caracteristica_2964,caracteristica_2965,caracteristica_2966,caracteristica_2967,caracteristica_2968,caracteristica_2969,caracteristica_2970,caracteristica_2971,caracteristica_2972,caracteristica_2973,caracteristica_2974,caracteristica_2975,caracteristica_2976,caracteristica_2977,caracteristica_2978,caracteristica_2979,caracteristica_2980,caracteristica_2981,caracteristica_2982,caracteristica_2983,caracteristica_2984,caracteristica_2985,caracteristica_2986,caracteristica_2987,caracteristica_2988,caracteristica_2989,caracteristica_2990,caracteristica_2991,caracteristica_2992,caracteristica_2993,caracteristica_2994,caracteristica_2995,caracteristica_2996,caracteristica_2997,caracteristica_2998,caracteristica_2999,caracteristica_3000,caracteristica_3001,caracteristica_3002,caracteristica_3003,caracteristica_3004,caracteristica_3005,caracteristica_3006,caracteristica_3007,caracteristica_3008,caracteristica_3009,caracteristica_3010,caracteristica_3011,caracteristica_3012,caracteristica_3013,caracteristica_3014,caracteristica_3015,caracteristica_3016,caracteristica_3017,caracteristica_3018,caracteristica_3019,caracteristica_3020,caracteristica_3021,caracteristica_3022,caracteristica_3023,caracteristica_3024,caracteristica_3025,caracteristica_3026,caracteristica_3027,caracteristica_3028,caracteristica_3029,caracteristica_3030,caracteristica_3031,caracteristica_3032,caracteristica_3033,caracteristica_3034,caracteristica_3035,caracteristica_3036,caracteristica_3037,caracteristica_3038,caracteristica_3039,caracteristica_3040,caracteristica_3041,caracteristica_3042,caracteristica_3043,caracteristica_3044,caracteristica_3045,caracteristica_3046,caracteristica_3047,caracteristica_3048,caracteristica_3049,caracteristica_3050,caracteristica_3051,caracteristica_3052,caracteristica_3053,caracteristica_3054,caracteristica_3055,caracteristica_3056,caracteristica_3057,caracteristica_3058,caracteristica_3059,caracteristica_3060,caracteristica_3061,caracteristica_3062,caracteristica_3063,caracteristica_3064,caracteristica_3065,caracteristica_3066,caracteristica_3067,caracteristica_3068,caracteristica_3069,caracteristica_3070,caracteristica_3071,caracteristica_3072,caracteristica_3073,caracteristica_3074,caracteristica_3075,caracteristica_3076,caracteristica_3077,caracteristica_3078,caracteristica_3079,caracteristica_3080,caracteristica_3081,caracteristica_3082,caracteristica_3083,caracteristica_3084,caracteristica_3085,caracteristica_3086,caracteristica_3087,caracteristica_3088,caracteristica_3089,caracteristica_3090,caracteristica_3091,caracteristica_3092,caracteristica_3093,caracteristica_3094,caracteristica_3095,caracteristica_3096,caracteristica_3097,caracteristica_3098,caracteristica_3099,caracteristica_3100,caracteristica_3101,caracteristica_3102,caracteristica_3103,caracteristica_3104,caracteristica_3105,caracteristica_3106,caracteristica_3107,caracteristica_3108,caracteristica_3109,caracteristica_3110,caracteristica_3111,caracteristica_3112,caracteristica_3113,caracteristica_3114,caracteristica_3115,caracteristica_3116,caracteristica_3117,caracteristica_3118,caracteristica_3119,caracteristica_3120,caracteristica_3121,caracteristica_3122,caracteristica_3123,caracteristica_3124,caracteristica_3125,caracteristica_3126,caracteristica_3127,caracteristica_3128,caracteristica_3129,caracteristica_3130,caracteristica_3131,caracteristica_3132,caracteristica_3133,caracteristica_3134,caracteristica_3135,caracteristica_3136,caracteristica_3137,caracteristica_3138,caracteristica_3139,caracteristica_3140,caracteristica_3141,caracteristica_3142,caracteristica_3143,caracteristica_3144,caracteristica_3145,caracteristica_3146,caracteristica_3147,caracteristica_3148,caracteristica_3149,caracteristica_3150,caracteristica_3151,caracteristica_3152,caracteristica_3153,caracteristica_3154,caracteristica_3155,caracteristica_3156,caracteristica_3157,caracteristica_3158,caracteristica_3159,caracteristica_3160,caracteristica_3161,caracteristica_3162,caracteristica_3163,caracteristica_3164,caracteristica_3165,caracteristica_3166,caracteristica_3167,caracteristica_3168,caracteristica_3169,caracteristica_3170,caracteristica_3171,caracteristica_3172,caracteristica_3173,caracteristica_3174,caracteristica_3175,caracteristica_3176,caracteristica_3177,caracteristica_3178,caracteristica_3179,caracteristica_3180,caracteristica_3181,caracteristica_3182,caracteristica_3183,caracteristica_3184,caracteristica_3185,caracteristica_3186,caracteristica_3187,caracteristica_3188,caracteristica_3189,caracteristica_3190,caracteristica_3191,caracteristica_3192,caracteristica_3193,caracteristica_3194,caracteristica_3195,caracteristica_3196,caracteristica_3197,caracteristica_3198,caracteristica_3199,caracteristica_3200,caracteristica_3201,caracteristica_3202,caracteristica_3203,caracteristica_3204,caracteristica_3205,caracteristica_3206,caracteristica_3207,caracteristica_3208,caracteristica_3209,caracteristica_3210,caracteristica_3211,caracteristica_3212,caracteristica_3213,caracteristica_3214,caracteristica_3215,caracteristica_3216,caracteristica_3217,caracteristica_3218,caracteristica_3219,caracteristica_3220,caracteristica_3221,caracteristica_3222,caracteristica_3223,caracteristica_3224,caracteristica_3225,caracteristica_3226,caracteristica_3227,caracteristica_3228,caracteristica_3229,caracteristica_3230,caracteristica_3231,caracteristica_3232,caracteristica_3233,caracteristica_3234,caracteristica_3235,caracteristica_3236,caracteristica_3237,caracteristica_3238,caracteristica_3239,caracteristica_3240,caracteristica_3241,caracteristica_3242,caracteristica_3243,caracteristica_3244,caracteristica_3245,caracteristica_3246,caracteristica_3247,caracteristica_3248,caracteristica_3249,caracteristica_3250,caracteristica_3251,caracteristica_3252,caracteristica_3253,caracteristica_3254,caracteristica_3255,caracteristica_3256,caracteristica_3257,caracteristica_3258,caracteristica_3259,caracteristica_3260,caracteristica_3261,caracteristica_3262,caracteristica_3263,caracteristica_3264,caracteristica_3265,caracteristica_3266,caracteristica_3267,caracteristica_3268,caracteristica_3269,caracteristica_3270,caracteristica_3271,caracteristica_3272,caracteristica_3273,caracteristica_3274,caracteristica_3275,caracteristica_3276,caracteristica_3277,caracteristica_3278,caracteristica_3279,caracteristica_3280,caracteristica_3281,caracteristica_3282,caracteristica_3283,caracteristica_3284,caracteristica_3285,caracteristica_3286,caracteristica_3287,caracteristica_3288,caracteristica_3289,caracteristica_3290,caracteristica_3291,caracteristica_3292,caracteristica_3293,caracteristica_3294,caracteristica_3295,caracteristica_3296,caracteristica_3297,caracteristica_3298,caracteristica_3299,caracteristica_3300,caracteristica_3301,caracteristica_3302,caracteristica_3303,caracteristica_3304,caracteristica_3305,caracteristica_3306,caracteristica_3307,caracteristica_3308,caracteristica_3309,caracteristica_3310,caracteristica_3311,caracteristica_3312,caracteristica_3313,caracteristica_3314,caracteristica_3315,caracteristica_3316,caracteristica_3317,caracteristica_3318,caracteristica_3319,caracteristica_3320,caracteristica_3321,caracteristica_3322,caracteristica_3323,caracteristica_3324,caracteristica_3325,caracteristica_3326,caracteristica_3327,caracteristica_3328,caracteristica_3329,caracteristica_3330,caracteristica_3331,caracteristica_3332,caracteristica_3333,caracteristica_3334,caracteristica_3335,caracteristica_3336,caracteristica_3337,caracteristica_3338,caracteristica_3339,caracteristica_3340,caracteristica_3341,caracteristica_3342,caracteristica_3343,caracteristica_3344,caracteristica_3345,caracteristica_3346,caracteristica_3347,caracteristica_3348,caracteristica_3349,caracteristica_3350,caracteristica_3351,caracteristica_3352,caracteristica_3353,caracteristica_3354,caracteristica_3355,caracteristica_3356,caracteristica_3357,caracteristica_3358,caracteristica_3359,caracteristica_3360,caracteristica_3361,caracteristica_3362,caracteristica_3363,caracteristica_3364,caracteristica_3365,caracteristica_3366,caracteristica_3367,caracteristica_3368,caracteristica_3369,caracteristica_3370,caracteristica_3371,caracteristica_3372,caracteristica_3373,caracteristica_3374,caracteristica_3375,caracteristica_3376,caracteristica_3377,caracteristica_3378,caracteristica_3379,caracteristica_3380,caracteristica_3381,caracteristica_3382,caracteristica_3383,caracteristica_3384,caracteristica_3385,caracteristica_3386,caracteristica_3387,caracteristica_3388,caracteristica_3389,caracteristica_3390,caracteristica_3391,caracteristica_3392,caracteristica_3393,caracteristica_3394,caracteristica_3395,caracteristica_3396,caracteristica_3397,caracteristica_3398,caracteristica_3399,caracteristica_3400,caracteristica_3401,caracteristica_3402,caracteristica_3403,caracteristica_3404,caracteristica_3405,caracteristica_3406,caracteristica_3407,caracteristica_3408,caracteristica_3409,caracteristica_3410,caracteristica_3411,caracteristica_3412,caracteristica_3413,caracteristica_3414,caracteristica_3415,caracteristica_3416,caracteristica_3417,caracteristica_3418,caracteristica_3419,caracteristica_3420,caracteristica_3421,caracteristica_3422,caracteristica_3423,caracteristica_3424,caracteristica_3425,caracteristica_3426,caracteristica_3427,caracteristica_3428,caracteristica_3429,caracteristica_3430,caracteristica_3431,caracteristica_3432,caracteristica_3433,caracteristica_3434,caracteristica_3435,caracteristica_3436,caracteristica_3437,caracteristica_3438,caracteristica_3439,caracteristica_3440,caracteristica_3441,caracteristica_3442,caracteristica_3443,caracteristica_3444,caracteristica_3445,caracteristica_3446,caracteristica_3447,caracteristica_3448,caracteristica_3449,caracteristica_3450,caracteristica_3451,caracteristica_3452,caracteristica_3453,caracteristica_3454,caracteristica_3455,caracteristica_3456,caracteristica_3457,caracteristica_3458,caracteristica_3459,caracteristica_3460,caracteristica_3461,caracteristica_3462,caracteristica_3463,caracteristica_3464,caracteristica_3465,caracteristica_3466,caracteristica_3467,caracteristica_3468,caracteristica_3469,caracteristica_3470,caracteristica_3471,caracteristica_3472,caracteristica_3473,caracteristica_3474,caracteristica_3475,caracteristica_3476,caracteristica_3477,caracteristica_3478,caracteristica_3479,caracteristica_3480,caracteristica_3481,caracteristica_3482,caracteristica_3483,caracteristica_3484,caracteristica_3485,caracteristica_3486,caracteristica_3487,caracteristica_3488,caracteristica_3489,caracteristica_3490,caracteristica_3491,caracteristica_3492,caracteristica_3493,caracteristica_3494,caracteristica_3495,caracteristica_3496,caracteristica_3497,caracteristica_3498,caracteristica_3499,caracteristica_3500,caracteristica_3501,caracteristica_3502,caracteristica_3503,caracteristica_3504,caracteristica_3505,caracteristica_3506,caracteristica_3507,caracteristica_3508,caracteristica_3509,caracteristica_3510,caracteristica_3511,caracteristica_3512,caracteristica_3513,caracteristica_3514,caracteristica_3515,caracteristica_3516,caracteristica_3517,caracteristica_3518,caracteristica_3519,caracteristica_3520,caracteristica_3521,caracteristica_3522,caracteristica_3523,caracteristica_3524,caracteristica_3525,caracteristica_3526,caracteristica_3527,caracteristica_3528,caracteristica_3529,caracteristica_3530,caracteristica_3531,caracteristica_3532,caracteristica_3533,caracteristica_3534,caracteristica_3535,caracteristica_3536,caracteristica_3537,caracteristica_3538,caracteristica_3539,caracteristica_3540,caracteristica_3541,caracteristica_3542,caracteristica_3543,caracteristica_3544,caracteristica_3545,caracteristica_3546,caracteristica_3547,caracteristica_3548,caracteristica_3549,caracteristica_3550,caracteristica_3551,caracteristica_3552,caracteristica_3553,caracteristica_3554,caracteristica_3555,caracteristica_3556,caracteristica_3557,caracteristica_3558,caracteristica_3559,caracteristica_3560,caracteristica_3561,caracteristica_3562,caracteristica_3563,caracteristica_3564,caracteristica_3565,caracteristica_3566,caracteristica_3567,caracteristica_3568,caracteristica_3569,caracteristica_3570,caracteristica_3571,caracteristica_3572,caracteristica_3573,caracteristica_3574,caracteristica_3575,caracteristica_3576,caracteristica_3577,caracteristica_3578,caracteristica_3579,caracteristica_3580,caracteristica_3581,caracteristica_3582,caracteristica_3583,caracteristica_3584,caracteristica_3585,caracteristica_3586,caracteristica_3587,caracteristica_3588,caracteristica_3589,caracteristica_3590,caracteristica_3591,caracteristica_3592,caracteristica_3593,caracteristica_3594,caracteristica_3595,caracteristica_3596,caracteristica_3597,caracteristica_3598,caracteristica_3599,caracteristica_3600,caracteristica_3601,caracteristica_3602,caracteristica_3603,caracteristica_3604,caracteristica_3605,caracteristica_3606,caracteristica_3607,caracteristica_3608,caracteristica_3609,caracteristica_3610,caracteristica_3611,caracteristica_3612,caracteristica_3613,caracteristica_3614,caracteristica_3615,caracteristica_3616,caracteristica_3617,caracteristica_3618,caracteristica_3619,caracteristica_3620,caracteristica_3621,caracteristica_3622,caracteristica_3623,caracteristica_3624,caracteristica_3625,caracteristica_3626,caracteristica_3627,caracteristica_3628,caracteristica_3629,caracteristica_3630,caracteristica_3631,caracteristica_3632,caracteristica_3633,caracteristica_3634,caracteristica_3635,caracteristica_3636,caracteristica_3637,caracteristica_3638,caracteristica_3639,caracteristica_3640,caracteristica_3641,caracteristica_3642,caracteristica_3643,caracteristica_3644,caracteristica_3645,caracteristica_3646,caracteristica_3647,caracteristica_3648,caracteristica_3649,caracteristica_3650,caracteristica_3651,caracteristica_3652,caracteristica_3653,caracteristica_3654,caracteristica_3655,caracteristica_3656,caracteristica_3657,caracteristica_3658,caracteristica_3659,caracteristica_3660,caracteristica_3661,caracteristica_3662,caracteristica_3663,caracteristica_3664,caracteristica_3665,caracteristica_3666,caracteristica_3667,caracteristica_3668,caracteristica_3669,caracteristica_3670,caracteristica_3671,caracteristica_3672,caracteristica_3673,caracteristica_3674,caracteristica_3675,caracteristica_3676,caracteristica_3677,caracteristica_3678,caracteristica_3679,caracteristica_3680,caracteristica_3681,caracteristica_3682,caracteristica_3683,caracteristica_3684,caracteristica_3685,caracteristica_3686,caracteristica_3687,caracteristica_3688,caracteristica_3689,caracteristica_3690,caracteristica_3691,caracteristica_3692,caracteristica_3693,caracteristica_3694,caracteristica_3695,caracteristica_3696,caracteristica_3697,caracteristica_3698,caracteristica_3699,caracteristica_3700,caracteristica_3701,caracteristica_3702,caracteristica_3703,caracteristica_3704,caracteristica_3705,caracteristica_3706,caracteristica_3707,caracteristica_3708,caracteristica_3709,caracteristica_3710,caracteristica_3711,caracteristica_3712,caracteristica_3713,caracteristica_3714,caracteristica_3715,caracteristica_3716,caracteristica_3717,caracteristica_3718,caracteristica_3719,caracteristica_3720,caracteristica_3721,caracteristica_3722,caracteristica_3723,caracteristica_3724,caracteristica_3725,caracteristica_3726,caracteristica_3727,caracteristica_3728,caracteristica_3729,caracteristica_3730,caracteristica_3731,caracteristica_3732,caracteristica_3733,caracteristica_3734,caracteristica_3735,caracteristica_3736,caracteristica_3737,caracteristica_3738,caracteristica_3739,caracteristica_3740,caracteristica_3741,caracteristica_3742,caracteristica_3743,caracteristica_3744,caracteristica_3745,caracteristica_3746,caracteristica_3747,caracteristica_3748,caracteristica_3749,caracteristica_3750,caracteristica_3751,caracteristica_3752,caracteristica_3753,caracteristica_3754,caracteristica_3755,caracteristica_3756,caracteristica_3757,caracteristica_3758,caracteristica_3759,caracteristica_3760,caracteristica_3761,caracteristica_3762,caracteristica_3763,caracteristica_3764,caracteristica_3765,caracteristica_3766,caracteristica_3767,caracteristica_3768,caracteristica_3769,caracteristica_3770,caracteristica_3771,caracteristica_3772,caracteristica_3773,caracteristica_3774,caracteristica_3775,caracteristica_3776,caracteristica_3777,caracteristica_3778,caracteristica_3779,caracteristica_3780,caracteristica_3781,caracteristica_3782,caracteristica_3783,caracteristica_3784,caracteristica_3785,caracteristica_3786,caracteristica_3787,caracteristica_3788,caracteristica_3789,caracteristica_3790,caracteristica_3791,caracteristica_3792,caracteristica_3793,caracteristica_3794,caracteristica_3795,caracteristica_3796,caracteristica_3797,caracteristica_3798,caracteristica_3799,caracteristica_3800,caracteristica_3801,caracteristica_3802,caracteristica_3803,caracteristica_3804,caracteristica_3805,caracteristica_3806,caracteristica_3807,caracteristica_3808,caracteristica_3809,caracteristica_3810,caracteristica_3811,caracteristica_3812,caracteristica_3813,caracteristica_3814,caracteristica_3815,caracteristica_3816,caracteristica_3817,caracteristica_3818,caracteristica_3819,caracteristica_3820,caracteristica_3821,caracteristica_3822,caracteristica_3823,caracteristica_3824,caracteristica_3825,caracteristica_3826,caracteristica_3827,caracteristica_3828,caracteristica_3829,caracteristica_3830,caracteristica_3831,caracteristica_3832,caracteristica_3833,caracteristica_3834,caracteristica_3835,caracteristica_3836,caracteristica_3837,caracteristica_3838,caracteristica_3839,caracteristica_3840,caracteristica_3841,caracteristica_3842,caracteristica_3843,caracteristica_3844,caracteristica_3845,caracteristica_3846,caracteristica_3847,caracteristica_3848,caracteristica_3849,caracteristica_3850,caracteristica_3851,caracteristica_3852,caracteristica_3853,caracteristica_3854,caracteristica_3855,caracteristica_3856,caracteristica_3857,caracteristica_3858,caracteristica_3859,caracteristica_3860,caracteristica_3861,caracteristica_3862,caracteristica_3863,caracteristica_3864,caracteristica_3865,caracteristica_3866,caracteristica_3867,caracteristica_3868,caracteristica_3869,caracteristica_3870,caracteristica_3871,caracteristica_3872,caracteristica_3873,caracteristica_3874,caracteristica_3875,caracteristica_3876,caracteristica_3877,caracteristica_3878,caracteristica_3879,caracteristica_3880,caracteristica_3881,caracteristica_3882,caracteristica_3883,caracteristica_3884,caracteristica_3885,caracteristica_3886,caracteristica_3887,caracteristica_3888,caracteristica_3889,caracteristica_3890,caracteristica_3891,caracteristica_3892,caracteristica_3893,caracteristica_3894,caracteristica_3895,caracteristica_3896,caracteristica_3897,caracteristica_3898,caracteristica_3899,caracteristica_3900,caracteristica_3901,caracteristica_3902,caracteristica_3903,caracteristica_3904,caracteristica_3905,caracteristica_3906,caracteristica_3907,caracteristica_3908,caracteristica_3909,caracteristica_3910,caracteristica_3911,caracteristica_3912,caracteristica_3913,caracteristica_3914,caracteristica_3915,caracteristica_3916,caracteristica_3917,caracteristica_3918,caracteristica_3919,caracteristica_3920,caracteristica_3921,caracteristica_3922,caracteristica_3923,caracteristica_3924,caracteristica_3925,caracteristica_3926,caracteristica_3927,caracteristica_3928,caracteristica_3929,caracteristica_3930,caracteristica_3931,caracteristica_3932,caracteristica_3933,caracteristica_3934,caracteristica_3935,caracteristica_3936,caracteristica_3937,caracteristica_3938,caracteristica_3939,caracteristica_3940,caracteristica_3941,caracteristica_3942,caracteristica_3943,caracteristica_3944,caracteristica_3945,caracteristica_3946,caracteristica_3947,caracteristica_3948,caracteristica_3949,caracteristica_3950,caracteristica_3951,caracteristica_3952,caracteristica_3953,caracteristica_3954,caracteristica_3955,caracteristica_3956,caracteristica_3957,caracteristica_3958,caracteristica_3959,caracteristica_3960,caracteristica_3961,caracteristica_3962,caracteristica_3963,caracteristica_3964,caracteristica_3965,caracteristica_3966,caracteristica_3967,caracteristica_3968,caracteristica_3969,caracteristica_3970,caracteristica_3971,caracteristica_3972,caracteristica_3973,caracteristica_3974,caracteristica_3975,caracteristica_3976,caracteristica_3977,caracteristica_3978,caracteristica_3979,caracteristica_3980,caracteristica_3981,caracteristica_3982,caracteristica_3983,caracteristica_3984,caracteristica_3985,caracteristica_3986,caracteristica_3987,caracteristica_3988,caracteristica_3989,caracteristica_3990,caracteristica_3991,caracteristica_3992,caracteristica_3993,caracteristica_3994,caracteristica_3995,caracteristica_3996,caracteristica_3997,caracteristica_3998,caracteristica_3999,caracteristica_4000,caracteristica_4001,caracteristica_4002,caracteristica_4003,caracteristica_4004,caracteristica_4005,caracteristica_4006,caracteristica_4007,caracteristica_4008,caracteristica_4009,caracteristica_4010,caracteristica_4011,caracteristica_4012,caracteristica_4013,caracteristica_4014,caracteristica_4015,caracteristica_4016,caracteristica_4017,caracteristica_4018,caracteristica_4019,caracteristica_4020,caracteristica_4021,caracteristica_4022,caracteristica_4023,caracteristica_4024,caracteristica_4025,caracteristica_4026,caracteristica_4027,caracteristica_4028,caracteristica_4029,caracteristica_4030,caracteristica_4031,caracteristica_4032,caracteristica_4033,caracteristica_4034,caracteristica_4035,caracteristica_4036,caracteristica_4037,caracteristica_4038,caracteristica_4039,caracteristica_4040,caracteristica_4041,caracteristica_4042,caracteristica_4043,caracteristica_4044,caracteristica_4045,caracteristica_4046,caracteristica_4047,caracteristica_4048,caracteristica_4049,caracteristica_4050,caracteristica_4051,caracteristica_4052,caracteristica_4053,caracteristica_4054,caracteristica_4055,caracteristica_4056,caracteristica_4057,caracteristica_4058,caracteristica_4059,caracteristica_4060,caracteristica_4061,caracteristica_4062,caracteristica_4063,caracteristica_4064,caracteristica_4065,caracteristica_4066,caracteristica_4067,caracteristica_4068,caracteristica_4069,caracteristica_4070,caracteristica_4071,caracteristica_4072,caracteristica_4073,caracteristica_4074,caracteristica_4075,caracteristica_4076,caracteristica_4077,caracteristica_4078,caracteristica_4079,caracteristica_4080,caracteristica_4081,caracteristica_4082,caracteristica_4083,caracteristica_4084,caracteristica_4085,caracteristica_4086,caracteristica_4087,caracteristica_4088,caracteristica_4089,caracteristica_4090,caracteristica_4091,caracteristica_4092,caracteristica_4093,caracteristica_4094,caracteristica_4095,caracteristica_4096,caracteristica_4097,caracteristica_4098,caracteristica_4099,caracteristica_4100,caracteristica_4101,caracteristica_4102,caracteristica_4103,caracteristica_4104,caracteristica_4105,caracteristica_4106,caracteristica_4107,caracteristica_4108,caracteristica_4109,caracteristica_4110,caracteristica_4111,caracteristica_4112,caracteristica_4113,caracteristica_4114,caracteristica_4115,caracteristica_4116,caracteristica_4117,caracteristica_4118,caracteristica_4119,caracteristica_4120,caracteristica_4121,caracteristica_4122,caracteristica_4123,caracteristica_4124,caracteristica_4125,caracteristica_4126,caracteristica_4127,caracteristica_4128,caracteristica_4129,caracteristica_4130,caracteristica_4131,caracteristica_4132,caracteristica_4133,caracteristica_4134,caracteristica_4135,caracteristica_4136,caracteristica_4137,caracteristica_4138,caracteristica_4139,caracteristica_4140,caracteristica_4141,caracteristica_4142,caracteristica_4143,caracteristica_4144,caracteristica_4145,caracteristica_4146,caracteristica_4147,caracteristica_4148,caracteristica_4149,caracteristica_4150,caracteristica_4151,caracteristica_4152,caracteristica_4153,caracteristica_4154,caracteristica_4155,caracteristica_4156,caracteristica_4157,caracteristica_4158,caracteristica_4159,caracteristica_4160,caracteristica_4161,caracteristica_4162,caracteristica_4163,caracteristica_4164,caracteristica_4165,caracteristica_4166,caracteristica_4167,caracteristica_4168,caracteristica_4169,caracteristica_4170,caracteristica_4171,caracteristica_4172,caracteristica_4173,caracteristica_4174,caracteristica_4175,caracteristica_4176,caracteristica_4177,caracteristica_4178,caracteristica_4179,caracteristica_4180,caracteristica_4181,caracteristica_4182,caracteristica_4183,caracteristica_4184,caracteristica_4185,caracteristica_4186,caracteristica_4187,caracteristica_4188,caracteristica_4189,caracteristica_4190,caracteristica_4191,caracteristica_4192,caracteristica_4193,caracteristica_4194,caracteristica_4195,caracteristica_4196,caracteristica_4197,caracteristica_4198,caracteristica_4199,caracteristica_4200,caracteristica_4201,caracteristica_4202,caracteristica_4203,caracteristica_4204,caracteristica_4205,caracteristica_4206,caracteristica_4207,caracteristica_4208,caracteristica_4209,caracteristica_4210,caracteristica_4211,caracteristica_4212,caracteristica_4213,caracteristica_4214,caracteristica_4215,caracteristica_4216,caracteristica_4217,caracteristica_4218,caracteristica_4219,caracteristica_4220,caracteristica_4221,caracteristica_4222,caracteristica_4223,caracteristica_4224,caracteristica_4225,caracteristica_4226,caracteristica_4227,caracteristica_4228,caracteristica_4229,caracteristica_4230,caracteristica_4231,caracteristica_4232,caracteristica_4233,caracteristica_4234,caracteristica_4235,caracteristica_4236,caracteristica_4237,caracteristica_4238,caracteristica_4239,caracteristica_4240,caracteristica_4241,caracteristica_4242,caracteristica_4243,caracteristica_4244,caracteristica_4245,caracteristica_4246,caracteristica_4247,caracteristica_4248,caracteristica_4249,caracteristica_4250,caracteristica_4251,caracteristica_4252,caracteristica_4253,caracteristica_4254,caracteristica_4255,caracteristica_4256,caracteristica_4257,caracteristica_4258,caracteristica_4259,caracteristica_4260,caracteristica_4261,caracteristica_4262,caracteristica_4263,caracteristica_4264,caracteristica_4265,caracteristica_4266,caracteristica_4267,caracteristica_4268,caracteristica_4269,caracteristica_4270,caracteristica_4271,caracteristica_4272,caracteristica_4273,caracteristica_4274,caracteristica_4275,caracteristica_4276,caracteristica_4277,caracteristica_4278,caracteristica_4279,caracteristica_4280,caracteristica_4281,caracteristica_4282,caracteristica_4283,caracteristica_4284,caracteristica_4285,caracteristica_4286,caracteristica_4287,caracteristica_4288,caracteristica_4289,caracteristica_4290,caracteristica_4291,caracteristica_4292,caracteristica_4293,caracteristica_4294,caracteristica_4295,caracteristica_4296,caracteristica_4297,caracteristica_4298,caracteristica_4299,caracteristica_4300,caracteristica_4301,caracteristica_4302,caracteristica_4303,caracteristica_4304,caracteristica_4305,caracteristica_4306,caracteristica_4307,caracteristica_4308,caracteristica_4309,caracteristica_4310,caracteristica_4311,caracteristica_4312,caracteristica_4313,caracteristica_4314,caracteristica_4315,caracteristica_4316,caracteristica_4317,caracteristica_4318,caracteristica_4319,caracteristica_4320,caracteristica_4321,caracteristica_4322,caracteristica_4323,caracteristica_4324,caracteristica_4325,caracteristica_4326,caracteristica_4327,caracteristica_4328,caracteristica_4329,caracteristica_4330,caracteristica_4331,caracteristica_4332,caracteristica_4333,caracteristica_4334,caracteristica_4335,caracteristica_4336,caracteristica_4337,caracteristica_4338,caracteristica_4339,caracteristica_4340,caracteristica_4341,caracteristica_4342,caracteristica_4343,caracteristica_4344,caracteristica_4345,caracteristica_4346,caracteristica_4347,caracteristica_4348,caracteristica_4349,caracteristica_4350,caracteristica_4351,caracteristica_4352,caracteristica_4353,caracteristica_4354,caracteristica_4355,caracteristica_4356,caracteristica_4357,caracteristica_4358,caracteristica_4359,caracteristica_4360,caracteristica_4361,caracteristica_4362,caracteristica_4363,caracteristica_4364,caracteristica_4365,caracteristica_4366,caracteristica_4367,caracteristica_4368,caracteristica_4369,caracteristica_4370,caracteristica_4371,caracteristica_4372,caracteristica_4373,caracteristica_4374,caracteristica_4375,caracteristica_4376,caracteristica_4377,caracteristica_4378,caracteristica_4379,caracteristica_4380,caracteristica_4381,caracteristica_4382,caracteristica_4383,caracteristica_4384,caracteristica_4385,caracteristica_4386,caracteristica_4387,caracteristica_4388,caracteristica_4389,caracteristica_4390,caracteristica_4391,caracteristica_4392,caracteristica_4393,caracteristica_4394,caracteristica_4395,caracteristica_4396,caracteristica_4397,caracteristica_4398,caracteristica_4399,caracteristica_4400,caracteristica_4401,caracteristica_4402,caracteristica_4403,caracteristica_4404,caracteristica_4405,caracteristica_4406,caracteristica_4407,caracteristica_4408,caracteristica_4409,caracteristica_4410,caracteristica_4411,caracteristica_4412,caracteristica_4413,caracteristica_4414,caracteristica_4415,caracteristica_4416,caracteristica_4417,caracteristica_4418,caracteristica_4419,caracteristica_4420,caracteristica_4421,caracteristica_4422,caracteristica_4423,caracteristica_4424,caracteristica_4425,caracteristica_4426,caracteristica_4427,caracteristica_4428,caracteristica_4429,caracteristica_4430,caracteristica_4431,caracteristica_4432,caracteristica_4433,caracteristica_4434,caracteristica_4435,caracteristica_4436,caracteristica_4437,caracteristica_4438,caracteristica_4439,caracteristica_4440,caracteristica_4441,caracteristica_4442,caracteristica_4443,caracteristica_4444,caracteristica_4445,caracteristica_4446,caracteristica_4447,caracteristica_4448,caracteristica_4449,caracteristica_4450,caracteristica_4451,caracteristica_4452,caracteristica_4453,caracteristica_4454,caracteristica_4455,caracteristica_4456,caracteristica_4457,caracteristica_4458,caracteristica_4459,caracteristica_4460,caracteristica_4461,caracteristica_4462,caracteristica_4463,caracteristica_4464,caracteristica_4465,caracteristica_4466,caracteristica_4467,caracteristica_4468,caracteristica_4469,caracteristica_4470,caracteristica_4471,caracteristica_4472,caracteristica_4473,caracteristica_4474,caracteristica_4475,caracteristica_4476,caracteristica_4477,caracteristica_4478,caracteristica_4479,caracteristica_4480,caracteristica_4481,caracteristica_4482,caracteristica_4483,caracteristica_4484,caracteristica_4485,caracteristica_4486,caracteristica_4487,caracteristica_4488,caracteristica_4489,caracteristica_4490,caracteristica_4491,caracteristica_4492,caracteristica_4493,caracteristica_4494,caracteristica_4495,caracteristica_4496,caracteristica_4497,caracteristica_4498,caracteristica_4499,caracteristica_4500,caracteristica_4501,caracteristica_4502,caracteristica_4503,caracteristica_4504,caracteristica_4505,caracteristica_4506,caracteristica_4507,caracteristica_4508,caracteristica_4509,caracteristica_4510,caracteristica_4511,caracteristica_4512,caracteristica_4513,caracteristica_4514,caracteristica_4515,caracteristica_4516,caracteristica_4517,caracteristica_4518,caracteristica_4519,caracteristica_4520,caracteristica_4521,caracteristica_4522,caracteristica_4523,caracteristica_4524,caracteristica_4525,caracteristica_4526,caracteristica_4527,caracteristica_4528,caracteristica_4529,caracteristica_4530,caracteristica_4531,caracteristica_4532,caracteristica_4533,caracteristica_4534,caracteristica_4535,caracteristica_4536,caracteristica_4537,caracteristica_4538,caracteristica_4539,caracteristica_4540,caracteristica_4541,caracteristica_4542,caracteristica_4543,caracteristica_4544,caracteristica_4545,caracteristica_4546,caracteristica_4547,caracteristica_4548,caracteristica_4549,caracteristica_4550,caracteristica_4551,caracteristica_4552,caracteristica_4553,caracteristica_4554,caracteristica_4555,caracteristica_4556,caracteristica_4557,caracteristica_4558,caracteristica_4559,caracteristica_4560,caracteristica_4561,caracteristica_4562,caracteristica_4563,caracteristica_4564,caracteristica_4565,caracteristica_4566,caracteristica_4567,caracteristica_4568,caracteristica_4569,caracteristica_4570,caracteristica_4571,caracteristica_4572,caracteristica_4573,caracteristica_4574,caracteristica_4575,caracteristica_4576,caracteristica_4577,caracteristica_4578,caracteristica_4579,caracteristica_4580,caracteristica_4581,caracteristica_4582,caracteristica_4583,caracteristica_4584,caracteristica_4585,caracteristica_4586,caracteristica_4587,caracteristica_4588,caracteristica_4589,caracteristica_4590,caracteristica_4591,caracteristica_4592,caracteristica_4593,caracteristica_4594,caracteristica_4595,caracteristica_4596,caracteristica_4597,caracteristica_4598,caracteristica_4599,caracteristica_4600,caracteristica_4601,caracteristica_4602,caracteristica_4603,caracteristica_4604,caracteristica_4605,caracteristica_4606,caracteristica_4607,caracteristica_4608,caracteristica_4609,caracteristica_4610,caracteristica_4611,caracteristica_4612,caracteristica_4613,caracteristica_4614,caracteristica_4615,caracteristica_4616,caracteristica_4617,caracteristica_4618,caracteristica_4619,caracteristica_4620,caracteristica_4621,caracteristica_4622,caracteristica_4623,caracteristica_4624,caracteristica_4625,caracteristica_4626,caracteristica_4627,caracteristica_4628,caracteristica_4629,caracteristica_4630,caracteristica_4631,caracteristica_4632,caracteristica_4633,caracteristica_4634,caracteristica_4635,caracteristica_4636,caracteristica_4637,caracteristica_4638,caracteristica_4639,caracteristica_4640,caracteristica_4641,caracteristica_4642,caracteristica_4643,caracteristica_4644,caracteristica_4645,caracteristica_4646,caracteristica_4647,caracteristica_4648,caracteristica_4649,caracteristica_4650,caracteristica_4651,caracteristica_4652,caracteristica_4653,caracteristica_4654,caracteristica_4655,caracteristica_4656,caracteristica_4657,caracteristica_4658,caracteristica_4659,caracteristica_4660,caracteristica_4661,caracteristica_4662,caracteristica_4663,caracteristica_4664,caracteristica_4665,caracteristica_4666,caracteristica_4667,caracteristica_4668,caracteristica_4669,caracteristica_4670,caracteristica_4671,caracteristica_4672,caracteristica_4673,caracteristica_4674,caracteristica_4675,caracteristica_4676,caracteristica_4677,caracteristica_4678,caracteristica_4679,caracteristica_4680,caracteristica_4681,caracteristica_4682,caracteristica_4683,caracteristica_4684,caracteristica_4685,caracteristica_4686,caracteristica_4687,caracteristica_4688,caracteristica_4689,caracteristica_4690,caracteristica_4691,caracteristica_4692,caracteristica_4693,caracteristica_4694,caracteristica_4695,caracteristica_4696,caracteristica_4697,caracteristica_4698,caracteristica_4699,caracteristica_4700,caracteristica_4701,caracteristica_4702,caracteristica_4703,caracteristica_4704,caracteristica_4705,caracteristica_4706,caracteristica_4707,caracteristica_4708,caracteristica_4709,caracteristica_4710,caracteristica_4711,caracteristica_4712,caracteristica_4713,caracteristica_4714,caracteristica_4715,caracteristica_4716,caracteristica_4717,caracteristica_4718,caracteristica_4719,caracteristica_4720,caracteristica_4721,caracteristica_4722,caracteristica_4723,caracteristica_4724,caracteristica_4725,caracteristica_4726,caracteristica_4727,caracteristica_4728,caracteristica_4729,caracteristica_4730,caracteristica_4731,caracteristica_4732,caracteristica_4733,caracteristica_4734,caracteristica_4735,caracteristica_4736,caracteristica_4737,caracteristica_4738,caracteristica_4739,caracteristica_4740,caracteristica_4741,caracteristica_4742,caracteristica_4743,caracteristica_4744,caracteristica_4745,caracteristica_4746,caracteristica_4747,caracteristica_4748,caracteristica_4749,caracteristica_4750,caracteristica_4751,caracteristica_4752,caracteristica_4753,caracteristica_4754,caracteristica_4755,caracteristica_4756,caracteristica_4757,caracteristica_4758,caracteristica_4759,caracteristica_4760,caracteristica_4761,caracteristica_4762,caracteristica_4763,caracteristica_4764,caracteristica_4765,caracteristica_4766,caracteristica_4767,caracteristica_4768,caracteristica_4769,caracteristica_4770,caracteristica_4771,caracteristica_4772,caracteristica_4773,caracteristica_4774,caracteristica_4775,caracteristica_4776,caracteristica_4777,caracteristica_4778,caracteristica_4779,caracteristica_4780,caracteristica_4781,caracteristica_4782,caracteristica_4783,caracteristica_4784,caracteristica_4785,caracteristica_4786,caracteristica_4787,caracteristica_4788,caracteristica_4789,caracteristica_4790,caracteristica_4791,caracteristica_4792,caracteristica_4793,caracteristica_4794,caracteristica_4795,caracteristica_4796,caracteristica_4797,caracteristica_4798,caracteristica_4799,caracteristica_4800,caracteristica_4801,caracteristica_4802,caracteristica_4803,caracteristica_4804,caracteristica_4805,caracteristica_4806,caracteristica_4807,caracteristica_4808,caracteristica_4809,caracteristica_4810,caracteristica_4811,caracteristica_4812,caracteristica_4813,caracteristica_4814,caracteristica_4815,caracteristica_4816,caracteristica_4817,caracteristica_4818,caracteristica_4819,caracteristica_4820,caracteristica_4821,caracteristica_4822,caracteristica_4823,caracteristica_4824,caracteristica_4825,caracteristica_4826,caracteristica_4827,caracteristica_4828,caracteristica_4829,caracteristica_4830,caracteristica_4831,caracteristica_4832,caracteristica_4833,caracteristica_4834,caracteristica_4835,caracteristica_4836,caracteristica_4837,caracteristica_4838,caracteristica_4839,caracteristica_4840,caracteristica_4841,caracteristica_4842,caracteristica_4843,caracteristica_4844,caracteristica_4845,caracteristica_4846,caracteristica_4847,caracteristica_4848,caracteristica_4849,caracteristica_4850,caracteristica_4851,caracteristica_4852,caracteristica_4853,caracteristica_4854,caracteristica_4855,caracteristica_4856,caracteristica_4857,caracteristica_4858,caracteristica_4859,caracteristica_4860,caracteristica_4861,caracteristica_4862,caracteristica_4863,caracteristica_4864,caracteristica_4865,caracteristica_4866,caracteristica_4867,caracteristica_4868,caracteristica_4869,caracteristica_4870,caracteristica_4871,caracteristica_4872,caracteristica_4873,caracteristica_4874,caracteristica_4875,caracteristica_4876,caracteristica_4877,caracteristica_4878,caracteristica_4879,caracteristica_4880,caracteristica_4881,caracteristica_4882,caracteristica_4883,caracteristica_4884,caracteristica_4885,caracteristica_4886,caracteristica_4887,caracteristica_4888,caracteristica_4889,caracteristica_4890,caracteristica_4891,caracteristica_4892,caracteristica_4893,caracteristica_4894,caracteristica_4895,caracteristica_4896,caracteristica_4897,caracteristica_4898,caracteristica_4899,caracteristica_4900,caracteristica_4901,caracteristica_4902,caracteristica_4903,caracteristica_4904,caracteristica_4905,caracteristica_4906,caracteristica_4907,caracteristica_4908,caracteristica_4909,caracteristica_4910,caracteristica_4911,caracteristica_4912,caracteristica_4913,caracteristica_4914,caracteristica_4915,caracteristica_4916,caracteristica_4917,caracteristica_4918,caracteristica_4919,caracteristica_4920,caracteristica_4921,caracteristica_4922,caracteristica_4923,caracteristica_4924,caracteristica_4925,caracteristica_4926,caracteristica_4927,caracteristica_4928,caracteristica_4929,caracteristica_4930,caracteristica_4931,caracteristica_4932,caracteristica_4933,caracteristica_4934,caracteristica_4935,caracteristica_4936,caracteristica_4937,caracteristica_4938,caracteristica_4939,caracteristica_4940,caracteristica_4941,caracteristica_4942,caracteristica_4943,caracteristica_4944,caracteristica_4945,caracteristica_4946,caracteristica_4947,caracteristica_4948,caracteristica_4949,caracteristica_4950,caracteristica_4951,caracteristica_4952,caracteristica_4953,caracteristica_4954,caracteristica_4955,caracteristica_4956,caracteristica_4957,caracteristica_4958,caracteristica_4959,caracteristica_4960,caracteristica_4961,caracteristica_4962,caracteristica_4963,caracteristica_4964,caracteristica_4965,caracteristica_4966,caracteristica_4967,caracteristica_4968,caracteristica_4969,caracteristica_4970,caracteristica_4971,caracteristica_4972,caracteristica_4973,caracteristica_4974,caracteristica_4975,caracteristica_4976,caracteristica_4977,caracteristica_4978,caracteristica_4979,caracteristica_4980,caracteristica_4981,caracteristica_4982,caracteristica_4983,caracteristica_4984,caracteristica_4985,caracteristica_4986,caracteristica_4987,caracteristica_4988,caracteristica_4989,caracteristica_4990,caracteristica_4991,caracteristica_4992,caracteristica_4993,caracteristica_4994,caracteristica_4995,caracteristica_4996,caracteristica_4997,caracteristica_4998,caracteristica_4999,caracteristica_5000,caracteristica_5001,caracteristica_5002,caracteristica_5003,caracteristica_5004,caracteristica_5005,caracteristica_5006,caracteristica_5007,caracteristica_5008,caracteristica_5009,caracteristica_5010,caracteristica_5011,caracteristica_5012,caracteristica_5013,caracteristica_5014,caracteristica_5015,caracteristica_5016,caracteristica_5017,caracteristica_5018,caracteristica_5019,caracteristica_5020,caracteristica_5021,caracteristica_5022,caracteristica_5023,caracteristica_5024,caracteristica_5025,caracteristica_5026,caracteristica_5027,caracteristica_5028,caracteristica_5029,caracteristica_5030,caracteristica_5031,caracteristica_5032,caracteristica_5033,caracteristica_5034,caracteristica_5035,caracteristica_5036,caracteristica_5037,caracteristica_5038,caracteristica_5039,caracteristica_5040,caracteristica_5041,caracteristica_5042,caracteristica_5043,caracteristica_5044,caracteristica_5045,caracteristica_5046,caracteristica_5047,caracteristica_5048,caracteristica_5049,caracteristica_5050,caracteristica_5051,caracteristica_5052,caracteristica_5053,caracteristica_5054,caracteristica_5055,caracteristica_5056,caracteristica_5057,caracteristica_5058,caracteristica_5059,caracteristica_5060,caracteristica_5061,caracteristica_5062,caracteristica_5063,caracteristica_5064,caracteristica_5065,caracteristica_5066,caracteristica_5067,caracteristica_5068,caracteristica_5069,caracteristica_5070,caracteristica_5071,caracteristica_5072,caracteristica_5073,caracteristica_5074,caracteristica_5075,caracteristica_5076,caracteristica_5077,caracteristica_5078,caracteristica_5079,caracteristica_5080,caracteristica_5081,caracteristica_5082,caracteristica_5083,caracteristica_5084,caracteristica_5085,caracteristica_5086,caracteristica_5087,caracteristica_5088,caracteristica_5089,caracteristica_5090,caracteristica_5091,caracteristica_5092,caracteristica_5093,caracteristica_5094,caracteristica_5095,caracteristica_5096,caracteristica_5097,caracteristica_5098,caracteristica_5099,caracteristica_5100,caracteristica_5101,caracteristica_5102,caracteristica_5103,caracteristica_5104,caracteristica_5105,caracteristica_5106,caracteristica_5107,caracteristica_5108,caracteristica_5109,caracteristica_5110,caracteristica_5111,caracteristica_5112,caracteristica_5113,caracteristica_5114,caracteristica_5115,caracteristica_5116,caracteristica_5117,caracteristica_5118,caracteristica_5119,caracteristica_5120,caracteristica_5121,caracteristica_5122,caracteristica_5123,caracteristica_5124,caracteristica_5125,caracteristica_5126,caracteristica_5127,caracteristica_5128,caracteristica_5129,caracteristica_5130,caracteristica_5131,caracteristica_5132,caracteristica_5133,caracteristica_5134,caracteristica_5135,caracteristica_5136,caracteristica_5137,caracteristica_5138,caracteristica_5139,caracteristica_5140,caracteristica_5141,caracteristica_5142,caracteristica_5143,caracteristica_5144,caracteristica_5145,caracteristica_5146,caracteristica_5147,caracteristica_5148,caracteristica_5149,caracteristica_5150,caracteristica_5151,caracteristica_5152,caracteristica_5153,caracteristica_5154,caracteristica_5155,caracteristica_5156,caracteristica_5157,caracteristica_5158,caracteristica_5159,caracteristica_5160,caracteristica_5161,caracteristica_5162,caracteristica_5163,caracteristica_5164,caracteristica_5165,caracteristica_5166,caracteristica_5167,caracteristica_5168,caracteristica_5169,caracteristica_5170,caracteristica_5171,caracteristica_5172,caracteristica_5173,caracteristica_5174,caracteristica_5175,caracteristica_5176,caracteristica_5177,caracteristica_5178,caracteristica_5179,caracteristica_5180,caracteristica_5181,caracteristica_5182,caracteristica_5183,caracteristica_5184,caracteristica_5185,caracteristica_5186,caracteristica_5187,caracteristica_5188,caracteristica_5189,caracteristica_5190,caracteristica_5191,caracteristica_5192,caracteristica_5193,caracteristica_5194,caracteristica_5195,caracteristica_5196,caracteristica_5197,caracteristica_5198,caracteristica_5199,caracteristica_5200,caracteristica_5201,caracteristica_5202,caracteristica_5203,caracteristica_5204,caracteristica_5205,caracteristica_5206,caracteristica_5207,caracteristica_5208,caracteristica_5209,caracteristica_5210,caracteristica_5211,caracteristica_5212,caracteristica_5213,caracteristica_5214,caracteristica_5215,caracteristica_5216,caracteristica_5217,caracteristica_5218,caracteristica_5219,caracteristica_5220,caracteristica_5221,caracteristica_5222,caracteristica_5223,caracteristica_5224,caracteristica_5225,caracteristica_5226,caracteristica_5227,caracteristica_5228,caracteristica_5229,caracteristica_5230,caracteristica_5231,caracteristica_5232,caracteristica_5233,caracteristica_5234,caracteristica_5235,caracteristica_5236,caracteristica_5237,caracteristica_5238,caracteristica_5239,caracteristica_5240,caracteristica_5241,caracteristica_5242,caracteristica_5243,caracteristica_5244,caracteristica_5245,caracteristica_5246,caracteristica_5247,caracteristica_5248,caracteristica_5249,caracteristica_5250,caracteristica_5251,caracteristica_5252,caracteristica_5253,caracteristica_5254,caracteristica_5255,caracteristica_5256,caracteristica_5257,caracteristica_5258,caracteristica_5259,caracteristica_5260,caracteristica_5261,caracteristica_5262,caracteristica_5263,caracteristica_5264,caracteristica_5265,caracteristica_5266,caracteristica_5267,caracteristica_5268,caracteristica_5269,caracteristica_5270,caracteristica_5271,caracteristica_5272,caracteristica_5273,caracteristica_5274,caracteristica_5275,caracteristica_5276,caracteristica_5277,caracteristica_5278,caracteristica_5279,caracteristica_5280,caracteristica_5281,caracteristica_5282,caracteristica_5283,caracteristica_5284,caracteristica_5285,caracteristica_5286,caracteristica_5287,caracteristica_5288,caracteristica_5289,caracteristica_5290,caracteristica_5291,caracteristica_5292,caracteristica_5293,caracteristica_5294,caracteristica_5295,caracteristica_5296,caracteristica_5297,caracteristica_5298,caracteristica_5299,caracteristica_5300,caracteristica_5301,caracteristica_5302,caracteristica_5303,caracteristica_5304,caracteristica_5305,caracteristica_5306,caracteristica_5307,caracteristica_5308,caracteristica_5309,caracteristica_5310,caracteristica_5311,caracteristica_5312,caracteristica_5313,caracteristica_5314,caracteristica_5315,caracteristica_5316,caracteristica_5317,caracteristica_5318,caracteristica_5319,caracteristica_5320,caracteristica_5321,caracteristica_5322,caracteristica_5323,caracteristica_5324,caracteristica_5325,caracteristica_5326,caracteristica_5327,caracteristica_5328,caracteristica_5329,caracteristica_5330,caracteristica_5331,caracteristica_5332,caracteristica_5333,caracteristica_5334,caracteristica_5335,caracteristica_5336,caracteristica_5337,caracteristica_5338,caracteristica_5339,caracteristica_5340,caracteristica_5341,caracteristica_5342,caracteristica_5343,caracteristica_5344,caracteristica_5345,caracteristica_5346,caracteristica_5347,caracteristica_5348,caracteristica_5349,caracteristica_5350,caracteristica_5351,caracteristica_5352,caracteristica_5353,caracteristica_5354,caracteristica_5355,caracteristica_5356,caracteristica_5357,caracteristica_5358,caracteristica_5359,caracteristica_5360,caracteristica_5361,caracteristica_5362,caracteristica_5363,caracteristica_5364,caracteristica_5365,caracteristica_5366,caracteristica_5367,caracteristica_5368,caracteristica_5369,caracteristica_5370,caracteristica_5371,caracteristica_5372,caracteristica_5373,caracteristica_5374,caracteristica_5375,caracteristica_5376,caracteristica_5377,caracteristica_5378,caracteristica_5379,caracteristica_5380,caracteristica_5381,caracteristica_5382,caracteristica_5383,caracteristica_5384,caracteristica_5385,caracteristica_5386,caracteristica_5387,caracteristica_5388,caracteristica_5389,caracteristica_5390,caracteristica_5391,caracteristica_5392,caracteristica_5393,caracteristica_5394,caracteristica_5395,caracteristica_5396,caracteristica_5397,caracteristica_5398,caracteristica_5399,caracteristica_5400,caracteristica_5401,caracteristica_5402,caracteristica_5403,caracteristica_5404,caracteristica_5405,caracteristica_5406,caracteristica_5407,caracteristica_5408,caracteristica_5409,caracteristica_5410,caracteristica_5411,caracteristica_5412,caracteristica_5413,caracteristica_5414,caracteristica_5415,caracteristica_5416,caracteristica_5417,caracteristica_5418,caracteristica_5419,caracteristica_5420,caracteristica_5421,caracteristica_5422,caracteristica_5423,caracteristica_5424,caracteristica_5425,caracteristica_5426,caracteristica_5427,caracteristica_5428,caracteristica_5429,caracteristica_5430,caracteristica_5431,caracteristica_5432,caracteristica_5433,caracteristica_5434,caracteristica_5435,caracteristica_5436,caracteristica_5437,caracteristica_5438,caracteristica_5439,caracteristica_5440,caracteristica_5441,caracteristica_5442,caracteristica_5443,caracteristica_5444,caracteristica_5445,caracteristica_5446,caracteristica_5447,caracteristica_5448,caracteristica_5449,caracteristica_5450,caracteristica_5451,caracteristica_5452,caracteristica_5453,caracteristica_5454,caracteristica_5455,caracteristica_5456,caracteristica_5457,caracteristica_5458,caracteristica_5459,caracteristica_5460,caracteristica_5461,caracteristica_5462,caracteristica_5463,caracteristica_5464,caracteristica_5465,caracteristica_5466,caracteristica_5467,caracteristica_5468,caracteristica_5469,caracteristica_5470,caracteristica_5471,caracteristica_5472,caracteristica_5473,caracteristica_5474,caracteristica_5475,caracteristica_5476,caracteristica_5477,caracteristica_5478,caracteristica_5479,caracteristica_5480,caracteristica_5481,caracteristica_5482,caracteristica_5483,caracteristica_5484,caracteristica_5485,caracteristica_5486,caracteristica_5487,caracteristica_5488,caracteristica_5489,caracteristica_5490,caracteristica_5491,caracteristica_5492,caracteristica_5493,caracteristica_5494,caracteristica_5495,caracteristica_5496,caracteristica_5497,caracteristica_5498,caracteristica_5499,caracteristica_5500,caracteristica_5501,caracteristica_5502,caracteristica_5503,caracteristica_5504,caracteristica_5505,caracteristica_5506,caracteristica_5507,caracteristica_5508,caracteristica_5509,caracteristica_5510,caracteristica_5511,caracteristica_5512,caracteristica_5513,caracteristica_5514,caracteristica_5515,caracteristica_5516,caracteristica_5517,caracteristica_5518,caracteristica_5519,caracteristica_5520,caracteristica_5521,caracteristica_5522,caracteristica_5523,caracteristica_5524,caracteristica_5525,caracteristica_5526,caracteristica_5527,caracteristica_5528,caracteristica_5529,caracteristica_5530,caracteristica_5531,caracteristica_5532,caracteristica_5533,caracteristica_5534,caracteristica_5535,caracteristica_5536,caracteristica_5537,caracteristica_5538,caracteristica_5539,caracteristica_5540,caracteristica_5541,caracteristica_5542,caracteristica_5543,caracteristica_5544,caracteristica_5545,caracteristica_5546,caracteristica_5547,caracteristica_5548,caracteristica_5549,caracteristica_5550,caracteristica_5551,caracteristica_5552,caracteristica_5553,caracteristica_5554,caracteristica_5555,caracteristica_5556,caracteristica_5557,caracteristica_5558,caracteristica_5559,caracteristica_5560,caracteristica_5561,caracteristica_5562,caracteristica_5563,caracteristica_5564,caracteristica_5565,caracteristica_5566,caracteristica_5567,caracteristica_5568,caracteristica_5569,caracteristica_5570,caracteristica_5571,caracteristica_5572,caracteristica_5573,caracteristica_5574,caracteristica_5575,caracteristica_5576,caracteristica_5577,caracteristica_5578,caracteristica_5579,caracteristica_5580,caracteristica_5581,caracteristica_5582,caracteristica_5583,caracteristica_5584,caracteristica_5585,caracteristica_5586,caracteristica_5587,caracteristica_5588,caracteristica_5589,caracteristica_5590,caracteristica_5591,caracteristica_5592,caracteristica_5593,caracteristica_5594,caracteristica_5595,caracteristica_5596,caracteristica_5597,caracteristica_5598,caracteristica_5599,caracteristica_5600,caracteristica_5601,caracteristica_5602,caracteristica_5603,caracteristica_5604,caracteristica_5605,caracteristica_5606,caracteristica_5607,caracteristica_5608,caracteristica_5609,caracteristica_5610,caracteristica_5611,caracteristica_5612,caracteristica_5613,caracteristica_5614,caracteristica_5615,caracteristica_5616,caracteristica_5617,caracteristica_5618,caracteristica_5619,caracteristica_5620,caracteristica_5621,caracteristica_5622,caracteristica_5623,caracteristica_5624,caracteristica_5625,caracteristica_5626,caracteristica_5627,caracteristica_5628,caracteristica_5629,caracteristica_5630,caracteristica_5631,caracteristica_5632,caracteristica_5633,caracteristica_5634,caracteristica_5635,caracteristica_5636,caracteristica_5637,caracteristica_5638,caracteristica_5639,caracteristica_5640,caracteristica_5641,caracteristica_5642,caracteristica_5643,caracteristica_5644,caracteristica_5645,caracteristica_5646,caracteristica_5647,caracteristica_5648,caracteristica_5649,caracteristica_5650,caracteristica_5651,caracteristica_5652,caracteristica_5653,caracteristica_5654,caracteristica_5655,caracteristica_5656,caracteristica_5657,caracteristica_5658,caracteristica_5659,caracteristica_5660,caracteristica_5661,caracteristica_5662,caracteristica_5663,caracteristica_5664,caracteristica_5665,caracteristica_5666,caracteristica_5667,caracteristica_5668,caracteristica_5669,caracteristica_5670,caracteristica_5671,caracteristica_5672,caracteristica_5673,caracteristica_5674,caracteristica_5675,caracteristica_5676,caracteristica_5677,caracteristica_5678,caracteristica_5679,caracteristica_5680,caracteristica_5681,caracteristica_5682,caracteristica_5683,caracteristica_5684,caracteristica_5685,caracteristica_5686,caracteristica_5687,caracteristica_5688,caracteristica_5689,caracteristica_5690,caracteristica_5691,caracteristica_5692,caracteristica_5693,caracteristica_5694,caracteristica_5695,caracteristica_5696,caracteristica_5697,caracteristica_5698,caracteristica_5699,caracteristica_5700,caracteristica_5701,caracteristica_5702,caracteristica_5703,caracteristica_5704,caracteristica_5705,caracteristica_5706,caracteristica_5707,caracteristica_5708,caracteristica_5709,caracteristica_5710,caracteristica_5711,caracteristica_5712,caracteristica_5713,caracteristica_5714,caracteristica_5715,caracteristica_5716,caracteristica_5717,caracteristica_5718,caracteristica_5719,caracteristica_5720,caracteristica_5721,caracteristica_5722,caracteristica_5723,caracteristica_5724,caracteristica_5725,caracteristica_5726,caracteristica_5727,caracteristica_5728,caracteristica_5729,caracteristica_5730,caracteristica_5731,caracteristica_5732,caracteristica_5733,caracteristica_5734,caracteristica_5735,caracteristica_5736,caracteristica_5737,caracteristica_5738,caracteristica_5739,caracteristica_5740,caracteristica_5741,caracteristica_5742,caracteristica_5743,caracteristica_5744,caracteristica_5745,caracteristica_5746,caracteristica_5747,caracteristica_5748,caracteristica_5749,caracteristica_5750,caracteristica_5751,caracteristica_5752,caracteristica_5753,caracteristica_5754,caracteristica_5755,caracteristica_5756,caracteristica_5757,caracteristica_5758,caracteristica_5759,caracteristica_5760,caracteristica_5761,caracteristica_5762,caracteristica_5763,caracteristica_5764,caracteristica_5765,caracteristica_5766,caracteristica_5767,caracteristica_5768,caracteristica_5769,caracteristica_5770,caracteristica_5771,caracteristica_5772,caracteristica_5773,caracteristica_5774,caracteristica_5775,caracteristica_5776,caracteristica_5777,caracteristica_5778,caracteristica_5779,caracteristica_5780,caracteristica_5781,caracteristica_5782,caracteristica_5783,caracteristica_5784,caracteristica_5785,caracteristica_5786,caracteristica_5787,caracteristica_5788,caracteristica_5789,caracteristica_5790,caracteristica_5791,caracteristica_5792,caracteristica_5793,caracteristica_5794,caracteristica_5795,caracteristica_5796,caracteristica_5797,caracteristica_5798,caracteristica_5799,caracteristica_5800,caracteristica_5801,caracteristica_5802,caracteristica_5803,caracteristica_5804,caracteristica_5805,caracteristica_5806,caracteristica_5807,caracteristica_5808,caracteristica_5809,caracteristica_5810,caracteristica_5811,caracteristica_5812,caracteristica_5813,caracteristica_5814,caracteristica_5815,caracteristica_5816,caracteristica_5817,caracteristica_5818,caracteristica_5819,caracteristica_5820,caracteristica_5821,caracteristica_5822,caracteristica_5823,caracteristica_5824,caracteristica_5825,caracteristica_5826,caracteristica_5827,caracteristica_5828,caracteristica_5829,caracteristica_5830,caracteristica_5831,caracteristica_5832,caracteristica_5833,caracteristica_5834,caracteristica_5835,caracteristica_5836,caracteristica_5837,caracteristica_5838,caracteristica_5839,caracteristica_5840,caracteristica_5841,caracteristica_5842,caracteristica_5843,caracteristica_5844,caracteristica_5845,caracteristica_5846,caracteristica_5847,caracteristica_5848,caracteristica_5849,caracteristica_5850,caracteristica_5851,caracteristica_5852,caracteristica_5853,caracteristica_5854,caracteristica_5855,caracteristica_5856,caracteristica_5857,caracteristica_5858,caracteristica_5859,caracteristica_5860,caracteristica_5861,caracteristica_5862,caracteristica_5863,caracteristica_5864,caracteristica_5865,caracteristica_5866,caracteristica_5867,caracteristica_5868,caracteristica_5869,caracteristica_5870,caracteristica_5871,caracteristica_5872,caracteristica_5873,caracteristica_5874,caracteristica_5875,caracteristica_5876,caracteristica_5877,caracteristica_5878,caracteristica_5879,caracteristica_5880,caracteristica_5881,caracteristica_5882,caracteristica_5883,caracteristica_5884,caracteristica_5885,caracteristica_5886,caracteristica_5887,caracteristica_5888,caracteristica_5889,caracteristica_5890,caracteristica_5891,caracteristica_5892,caracteristica_5893,caracteristica_5894,caracteristica_5895,caracteristica_5896,caracteristica_5897,caracteristica_5898,caracteristica_5899,caracteristica_5900,caracteristica_5901,caracteristica_5902,caracteristica_5903,caracteristica_5904,caracteristica_5905,caracteristica_5906,caracteristica_5907,caracteristica_5908,caracteristica_5909,caracteristica_5910,caracteristica_5911,caracteristica_5912,caracteristica_5913,caracteristica_5914,caracteristica_5915,caracteristica_5916,caracteristica_5917,caracteristica_5918,caracteristica_5919,caracteristica_5920,caracteristica_5921,caracteristica_5922,caracteristica_5923,caracteristica_5924,caracteristica_5925,caracteristica_5926,caracteristica_5927,caracteristica_5928,caracteristica_5929,caracteristica_5930,caracteristica_5931,caracteristica_5932,caracteristica_5933,caracteristica_5934,caracteristica_5935,caracteristica_5936,caracteristica_5937,caracteristica_5938,caracteristica_5939,caracteristica_5940,caracteristica_5941,caracteristica_5942,caracteristica_5943,caracteristica_5944,caracteristica_5945,caracteristica_5946,caracteristica_5947,caracteristica_5948,caracteristica_5949,caracteristica_5950,caracteristica_5951,caracteristica_5952,caracteristica_5953,caracteristica_5954,caracteristica_5955,caracteristica_5956,caracteristica_5957,caracteristica_5958,caracteristica_5959,caracteristica_5960,caracteristica_5961,caracteristica_5962,caracteristica_5963,caracteristica_5964,caracteristica_5965,caracteristica_5966,caracteristica_5967,caracteristica_5968,caracteristica_5969,caracteristica_5970,caracteristica_5971,caracteristica_5972,caracteristica_5973,caracteristica_5974,caracteristica_5975,caracteristica_5976,caracteristica_5977,caracteristica_5978,caracteristica_5979,caracteristica_5980,caracteristica_5981,caracteristica_5982,caracteristica_5983,caracteristica_5984,caracteristica_5985,caracteristica_5986,caracteristica_5987,caracteristica_5988,caracteristica_5989,caracteristica_5990,caracteristica_5991,caracteristica_5992,caracteristica_5993,caracteristica_5994,caracteristica_5995,caracteristica_5996,caracteristica_5997,caracteristica_5998,caracteristica_5999,caracteristica_6000,caracteristica_6001,caracteristica_6002,caracteristica_6003,caracteristica_6004,caracteristica_6005,caracteristica_6006,caracteristica_6007,caracteristica_6008,caracteristica_6009,caracteristica_6010,caracteristica_6011,caracteristica_6012,caracteristica_6013,caracteristica_6014,caracteristica_6015,caracteristica_6016,caracteristica_6017,caracteristica_6018,caracteristica_6019,caracteristica_6020,caracteristica_6021,caracteristica_6022,caracteristica_6023,caracteristica_6024,caracteristica_6025,caracteristica_6026,caracteristica_6027,caracteristica_6028,caracteristica_6029,caracteristica_6030,caracteristica_6031,caracteristica_6032,caracteristica_6033,caracteristica_6034,caracteristica_6035,caracteristica_6036,caracteristica_6037,caracteristica_6038,caracteristica_6039,caracteristica_6040,caracteristica_6041,caracteristica_6042,caracteristica_6043,caracteristica_6044,caracteristica_6045,caracteristica_6046,caracteristica_6047,caracteristica_6048,caracteristica_6049,caracteristica_6050,caracteristica_6051,caracteristica_6052,caracteristica_6053,caracteristica_6054,caracteristica_6055,caracteristica_6056,caracteristica_6057,caracteristica_6058,caracteristica_6059,caracteristica_6060,caracteristica_6061,caracteristica_6062,caracteristica_6063,caracteristica_6064,caracteristica_6065,caracteristica_6066,caracteristica_6067,caracteristica_6068,caracteristica_6069,caracteristica_6070,caracteristica_6071,caracteristica_6072,caracteristica_6073,caracteristica_6074,caracteristica_6075,caracteristica_6076,caracteristica_6077,caracteristica_6078,caracteristica_6079,caracteristica_6080,caracteristica_6081,caracteristica_6082,caracteristica_6083,caracteristica_6084,caracteristica_6085,caracteristica_6086,caracteristica_6087,caracteristica_6088,caracteristica_6089,caracteristica_6090,caracteristica_6091,caracteristica_6092,caracteristica_6093,caracteristica_6094,caracteristica_6095,caracteristica_6096,caracteristica_6097,caracteristica_6098,caracteristica_6099,caracteristica_6100,caracteristica_6101,caracteristica_6102,caracteristica_6103,caracteristica_6104,caracteristica_6105,caracteristica_6106,caracteristica_6107,caracteristica_6108,caracteristica_6109,caracteristica_6110,caracteristica_6111,caracteristica_6112,caracteristica_6113,caracteristica_6114,caracteristica_6115,caracteristica_6116,caracteristica_6117,caracteristica_6118,caracteristica_6119,caracteristica_6120,caracteristica_6121,caracteristica_6122,caracteristica_6123,caracteristica_6124,caracteristica_6125,caracteristica_6126,caracteristica_6127,caracteristica_6128,caracteristica_6129,caracteristica_6130,caracteristica_6131,caracteristica_6132,caracteristica_6133,caracteristica_6134,caracteristica_6135,caracteristica_6136,caracteristica_6137,caracteristica_6138,caracteristica_6139,caracteristica_6140,caracteristica_6141,caracteristica_6142,caracteristica_6143,caracteristica_6144,caracteristica_6145,caracteristica_6146,caracteristica_6147,caracteristica_6148,caracteristica_6149,caracteristica_6150,caracteristica_6151,caracteristica_6152,caracteristica_6153,caracteristica_6154,caracteristica_6155,caracteristica_6156,caracteristica_6157,caracteristica_6158,caracteristica_6159,caracteristica_6160,caracteristica_6161,caracteristica_6162,caracteristica_6163,caracteristica_6164,caracteristica_6165,caracteristica_6166,caracteristica_6167,caracteristica_6168,caracteristica_6169,caracteristica_6170,caracteristica_6171,caracteristica_6172,caracteristica_6173,caracteristica_6174,caracteristica_6175,caracteristica_6176,caracteristica_6177,caracteristica_6178,caracteristica_6179,caracteristica_6180,caracteristica_6181,caracteristica_6182,caracteristica_6183,caracteristica_6184,caracteristica_6185,caracteristica_6186,caracteristica_6187,caracteristica_6188,caracteristica_6189,caracteristica_6190,caracteristica_6191,caracteristica_6192,caracteristica_6193,caracteristica_6194,caracteristica_6195,caracteristica_6196,caracteristica_6197,caracteristica_6198,caracteristica_6199,caracteristica_6200,caracteristica_6201,caracteristica_6202,caracteristica_6203,caracteristica_6204,caracteristica_6205,caracteristica_6206,caracteristica_6207,caracteristica_6208,caracteristica_6209,caracteristica_6210,caracteristica_6211,caracteristica_6212,caracteristica_6213,caracteristica_6214,caracteristica_6215,caracteristica_6216,caracteristica_6217,caracteristica_6218,caracteristica_6219,caracteristica_6220,caracteristica_6221,caracteristica_6222,caracteristica_6223,caracteristica_6224,caracteristica_6225,caracteristica_6226,caracteristica_6227,caracteristica_6228,caracteristica_6229,caracteristica_6230,caracteristica_6231,caracteristica_6232,caracteristica_6233,caracteristica_6234,caracteristica_6235,caracteristica_6236,caracteristica_6237,caracteristica_6238,caracteristica_6239,caracteristica_6240,caracteristica_6241,caracteristica_6242,caracteristica_6243,caracteristica_6244,caracteristica_6245,caracteristica_6246,caracteristica_6247,caracteristica_6248,caracteristica_6249,caracteristica_6250,caracteristica_6251,caracteristica_6252,caracteristica_6253,caracteristica_6254,caracteristica_6255,caracteristica_6256,caracteristica_6257,caracteristica_6258,caracteristica_6259,caracteristica_6260,caracteristica_6261,caracteristica_6262,caracteristica_6263,caracteristica_6264,caracteristica_6265,caracteristica_6266,caracteristica_6267,caracteristica_6268,caracteristica_6269,caracteristica_6270,caracteristica_6271,caracteristica_6272,caracteristica_6273,caracteristica_6274,caracteristica_6275,caracteristica_6276,caracteristica_6277,caracteristica_6278,caracteristica_6279,caracteristica_6280,caracteristica_6281,caracteristica_6282,caracteristica_6283,caracteristica_6284,caracteristica_6285,caracteristica_6286,caracteristica_6287,caracteristica_6288,caracteristica_6289,caracteristica_6290,caracteristica_6291,caracteristica_6292,caracteristica_6293,caracteristica_6294,caracteristica_6295,caracteristica_6296,caracteristica_6297,caracteristica_6298,caracteristica_6299,caracteristica_6300,caracteristica_6301,caracteristica_6302,caracteristica_6303,caracteristica_6304,caracteristica_6305,caracteristica_6306,caracteristica_6307,caracteristica_6308,caracteristica_6309,caracteristica_6310,caracteristica_6311,caracteristica_6312,caracteristica_6313,caracteristica_6314,caracteristica_6315,caracteristica_6316,caracteristica_6317,caracteristica_6318,caracteristica_6319,caracteristica_6320,caracteristica_6321,caracteristica_6322,caracteristica_6323,caracteristica_6324,caracteristica_6325,caracteristica_6326,caracteristica_6327,caracteristica_6328,caracteristica_6329,caracteristica_6330,caracteristica_6331,caracteristica_6332,caracteristica_6333,caracteristica_6334,caracteristica_6335,caracteristica_6336,caracteristica_6337,caracteristica_6338,caracteristica_6339,caracteristica_6340,caracteristica_6341,caracteristica_6342,caracteristica_6343,caracteristica_6344,caracteristica_6345,caracteristica_6346,caracteristica_6347,caracteristica_6348,caracteristica_6349,caracteristica_6350,caracteristica_6351,caracteristica_6352,caracteristica_6353,caracteristica_6354,caracteristica_6355,caracteristica_6356,caracteristica_6357,caracteristica_6358,caracteristica_6359,caracteristica_6360,caracteristica_6361,caracteristica_6362,caracteristica_6363,caracteristica_6364,caracteristica_6365,caracteristica_6366,caracteristica_6367,caracteristica_6368,caracteristica_6369,caracteristica_6370,caracteristica_6371,caracteristica_6372,caracteristica_6373,caracteristica_6374,caracteristica_6375,caracteristica_6376,caracteristica_6377,caracteristica_6378,caracteristica_6379,caracteristica_6380,caracteristica_6381,caracteristica_6382,caracteristica_6383,caracteristica_6384,caracteristica_6385,caracteristica_6386,caracteristica_6387,caracteristica_6388,caracteristica_6389,caracteristica_6390,caracteristica_6391,caracteristica_6392,caracteristica_6393,caracteristica_6394,caracteristica_6395,caracteristica_6396,caracteristica_6397,caracteristica_6398,caracteristica_6399,caracteristica_6400,caracteristica_6401,caracteristica_6402,caracteristica_6403,caracteristica_6404,caracteristica_6405,caracteristica_6406,caracteristica_6407,caracteristica_6408,caracteristica_6409,caracteristica_6410,caracteristica_6411,caracteristica_6412,caracteristica_6413,caracteristica_6414,caracteristica_6415,caracteristica_6416,caracteristica_6417,caracteristica_6418,caracteristica_6419,caracteristica_6420,caracteristica_6421,caracteristica_6422,caracteristica_6423,caracteristica_6424,caracteristica_6425,caracteristica_6426,caracteristica_6427,caracteristica_6428,caracteristica_6429,caracteristica_6430,caracteristica_6431,caracteristica_6432,caracteristica_6433,caracteristica_6434,caracteristica_6435,caracteristica_6436,caracteristica_6437,caracteristica_6438,caracteristica_6439,caracteristica_6440,caracteristica_6441,caracteristica_6442,caracteristica_6443,caracteristica_6444,caracteristica_6445,caracteristica_6446,caracteristica_6447,caracteristica_6448,caracteristica_6449,caracteristica_6450,caracteristica_6451,caracteristica_6452,caracteristica_6453,caracteristica_6454,caracteristica_6455,caracteristica_6456,caracteristica_6457,caracteristica_6458,caracteristica_6459,caracteristica_6460,caracteristica_6461,caracteristica_6462,caracteristica_6463,caracteristica_6464,caracteristica_6465,caracteristica_6466,caracteristica_6467,caracteristica_6468,caracteristica_6469,caracteristica_6470,caracteristica_6471,caracteristica_6472,caracteristica_6473,caracteristica_6474,caracteristica_6475,caracteristica_6476,caracteristica_6477,caracteristica_6478,caracteristica_6479,caracteristica_6480,caracteristica_6481,caracteristica_6482,caracteristica_6483,caracteristica_6484,caracteristica_6485,caracteristica_6486,caracteristica_6487,caracteristica_6488,caracteristica_6489,caracteristica_6490,caracteristica_6491,caracteristica_6492,caracteristica_6493,caracteristica_6494,caracteristica_6495,caracteristica_6496,caracteristica_6497,caracteristica_6498,caracteristica_6499,caracteristica_6500,caracteristica_6501,caracteristica_6502,caracteristica_6503,caracteristica_6504,caracteristica_6505,caracteristica_6506,caracteristica_6507,caracteristica_6508,caracteristica_6509,caracteristica_6510,caracteristica_6511,caracteristica_6512,caracteristica_6513,caracteristica_6514,caracteristica_6515,caracteristica_6516,caracteristica_6517,caracteristica_6518,caracteristica_6519,caracteristica_6520,caracteristica_6521,caracteristica_6522,caracteristica_6523,caracteristica_6524,caracteristica_6525,caracteristica_6526,caracteristica_6527,caracteristica_6528,caracteristica_6529,caracteristica_6530,caracteristica_6531,caracteristica_6532,caracteristica_6533,caracteristica_6534,caracteristica_6535,caracteristica_6536,caracteristica_6537,caracteristica_6538,caracteristica_6539,caracteristica_6540,caracteristica_6541,caracteristica_6542,caracteristica_6543,caracteristica_6544,caracteristica_6545,caracteristica_6546,caracteristica_6547,caracteristica_6548,caracteristica_6549,caracteristica_6550,caracteristica_6551,caracteristica_6552,caracteristica_6553,caracteristica_6554,caracteristica_6555,caracteristica_6556,caracteristica_6557,caracteristica_6558,caracteristica_6559,caracteristica_6560,caracteristica_6561,caracteristica_6562,caracteristica_6563,caracteristica_6564,caracteristica_6565,caracteristica_6566,caracteristica_6567,caracteristica_6568,caracteristica_6569,caracteristica_6570,caracteristica_6571,caracteristica_6572,caracteristica_6573,caracteristica_6574,caracteristica_6575,caracteristica_6576,caracteristica_6577,caracteristica_6578,caracteristica_6579,caracteristica_6580,caracteristica_6581,caracteristica_6582,caracteristica_6583,caracteristica_6584,caracteristica_6585,caracteristica_6586,caracteristica_6587,caracteristica_6588,caracteristica_6589,caracteristica_6590,caracteristica_6591,caracteristica_6592,caracteristica_6593,caracteristica_6594,caracteristica_6595,caracteristica_6596,caracteristica_6597,caracteristica_6598,caracteristica_6599,caracteristica_6600,caracteristica_6601,caracteristica_6602,caracteristica_6603,caracteristica_6604,caracteristica_6605,caracteristica_6606,caracteristica_6607,caracteristica_6608,caracteristica_6609,caracteristica_6610,caracteristica_6611,caracteristica_6612,caracteristica_6613,caracteristica_6614,caracteristica_6615,caracteristica_6616,caracteristica_6617,caracteristica_6618,caracteristica_6619,caracteristica_6620,caracteristica_6621,caracteristica_6622,caracteristica_6623,caracteristica_6624,caracteristica_6625,caracteristica_6626,caracteristica_6627,caracteristica_6628,caracteristica_6629,caracteristica_6630,caracteristica_6631,caracteristica_6632,caracteristica_6633,caracteristica_6634,caracteristica_6635,caracteristica_6636,caracteristica_6637,caracteristica_6638,caracteristica_6639,caracteristica_6640,caracteristica_6641,caracteristica_6642,caracteristica_6643,caracteristica_6644,caracteristica_6645,caracteristica_6646,caracteristica_6647,caracteristica_6648,caracteristica_6649,caracteristica_6650,caracteristica_6651,caracteristica_6652,caracteristica_6653,caracteristica_6654,caracteristica_6655,caracteristica_6656,caracteristica_6657,caracteristica_6658,caracteristica_6659,caracteristica_6660,caracteristica_6661,caracteristica_6662,caracteristica_6663,caracteristica_6664,caracteristica_6665,caracteristica_6666,caracteristica_6667,caracteristica_6668,caracteristica_6669,caracteristica_6670,caracteristica_6671,caracteristica_6672,caracteristica_6673,caracteristica_6674,caracteristica_6675,caracteristica_6676,caracteristica_6677,caracteristica_6678,caracteristica_6679,caracteristica_6680,caracteristica_6681,caracteristica_6682,caracteristica_6683,caracteristica_6684,caracteristica_6685,caracteristica_6686,caracteristica_6687,caracteristica_6688,caracteristica_6689,caracteristica_6690,caracteristica_6691,caracteristica_6692,caracteristica_6693,caracteristica_6694,caracteristica_6695,caracteristica_6696,caracteristica_6697,caracteristica_6698,caracteristica_6699,caracteristica_6700,caracteristica_6701,caracteristica_6702,caracteristica_6703,caracteristica_6704,caracteristica_6705,caracteristica_6706,caracteristica_6707,caracteristica_6708,caracteristica_6709,caracteristica_6710,caracteristica_6711,caracteristica_6712,caracteristica_6713,caracteristica_6714,caracteristica_6715,caracteristica_6716,caracteristica_6717,caracteristica_6718,caracteristica_6719,caracteristica_6720,caracteristica_6721,caracteristica_6722,caracteristica_6723,caracteristica_6724,caracteristica_6725,caracteristica_6726,caracteristica_6727,caracteristica_6728,caracteristica_6729,caracteristica_6730,caracteristica_6731,caracteristica_6732,caracteristica_6733,caracteristica_6734,caracteristica_6735,caracteristica_6736,caracteristica_6737,caracteristica_6738,caracteristica_6739,caracteristica_6740,caracteristica_6741,caracteristica_6742,caracteristica_6743,caracteristica_6744,caracteristica_6745,caracteristica_6746,caracteristica_6747,caracteristica_6748,caracteristica_6749,caracteristica_6750,caracteristica_6751,caracteristica_6752,caracteristica_6753,caracteristica_6754,caracteristica_6755,caracteristica_6756,caracteristica_6757,caracteristica_6758,caracteristica_6759,caracteristica_6760,caracteristica_6761,caracteristica_6762,caracteristica_6763,caracteristica_6764,caracteristica_6765,caracteristica_6766,caracteristica_6767,caracteristica_6768,caracteristica_6769,caracteristica_6770,caracteristica_6771,caracteristica_6772,caracteristica_6773,caracteristica_6774,caracteristica_6775,caracteristica_6776,caracteristica_6777,caracteristica_6778,caracteristica_6779,caracteristica_6780,caracteristica_6781,caracteristica_6782,caracteristica_6783,caracteristica_6784,caracteristica_6785,caracteristica_6786,caracteristica_6787,caracteristica_6788,caracteristica_6789,caracteristica_6790,caracteristica_6791,caracteristica_6792,caracteristica_6793,caracteristica_6794,caracteristica_6795,caracteristica_6796,caracteristica_6797,caracteristica_6798,caracteristica_6799,caracteristica_6800,caracteristica_6801,caracteristica_6802,caracteristica_6803,caracteristica_6804,caracteristica_6805,caracteristica_6806,caracteristica_6807,caracteristica_6808,caracteristica_6809,caracteristica_6810,caracteristica_6811,caracteristica_6812,caracteristica_6813,caracteristica_6814,caracteristica_6815,caracteristica_6816,caracteristica_6817,caracteristica_6818,caracteristica_6819,caracteristica_6820,caracteristica_6821,caracteristica_6822,caracteristica_6823,caracteristica_6824,caracteristica_6825,caracteristica_6826,caracteristica_6827,caracteristica_6828,caracteristica_6829,caracteristica_6830,caracteristica_6831,caracteristica_6832,caracteristica_6833,caracteristica_6834,caracteristica_6835,caracteristica_6836,caracteristica_6837,caracteristica_6838,caracteristica_6839,caracteristica_6840,caracteristica_6841,caracteristica_6842,caracteristica_6843,caracteristica_6844,caracteristica_6845,caracteristica_6846,caracteristica_6847,caracteristica_6848,caracteristica_6849,caracteristica_6850,caracteristica_6851,caracteristica_6852,caracteristica_6853,caracteristica_6854,caracteristica_6855,caracteristica_6856,caracteristica_6857,caracteristica_6858,caracteristica_6859,caracteristica_6860,caracteristica_6861,caracteristica_6862,caracteristica_6863,caracteristica_6864,caracteristica_6865,caracteristica_6866,caracteristica_6867,caracteristica_6868,caracteristica_6869,caracteristica_6870,caracteristica_6871,caracteristica_6872,caracteristica_6873,caracteristica_6874,caracteristica_6875,caracteristica_6876,caracteristica_6877,caracteristica_6878,caracteristica_6879,caracteristica_6880,caracteristica_6881,caracteristica_6882,caracteristica_6883,caracteristica_6884,caracteristica_6885,caracteristica_6886,caracteristica_6887,caracteristica_6888,caracteristica_6889,caracteristica_6890,caracteristica_6891,caracteristica_6892,caracteristica_6893,caracteristica_6894,caracteristica_6895,caracteristica_6896,caracteristica_6897,caracteristica_6898,caracteristica_6899,caracteristica_6900,caracteristica_6901,caracteristica_6902,caracteristica_6903,caracteristica_6904,caracteristica_6905,caracteristica_6906,caracteristica_6907,caracteristica_6908,caracteristica_6909,caracteristica_6910,caracteristica_6911,caracteristica_6912,caracteristica_6913,caracteristica_6914,caracteristica_6915,caracteristica_6916,caracteristica_6917,caracteristica_6918,caracteristica_6919,caracteristica_6920,caracteristica_6921,caracteristica_6922,caracteristica_6923,caracteristica_6924,caracteristica_6925,caracteristica_6926,caracteristica_6927,caracteristica_6928,caracteristica_6929,caracteristica_6930,caracteristica_6931,caracteristica_6932,caracteristica_6933,caracteristica_6934,caracteristica_6935,caracteristica_6936,caracteristica_6937,caracteristica_6938,caracteristica_6939,caracteristica_6940,caracteristica_6941,caracteristica_6942,caracteristica_6943,caracteristica_6944,caracteristica_6945,caracteristica_6946,caracteristica_6947,caracteristica_6948,caracteristica_6949,caracteristica_6950,caracteristica_6951,caracteristica_6952,caracteristica_6953,caracteristica_6954,caracteristica_6955,caracteristica_6956,caracteristica_6957,caracteristica_6958,caracteristica_6959,caracteristica_6960,caracteristica_6961,caracteristica_6962,caracteristica_6963,caracteristica_6964,caracteristica_6965,caracteristica_6966,caracteristica_6967,caracteristica_6968,caracteristica_6969,caracteristica_6970,caracteristica_6971,caracteristica_6972,caracteristica_6973,caracteristica_6974,caracteristica_6975,caracteristica_6976,caracteristica_6977,caracteristica_6978,caracteristica_6979,caracteristica_6980,caracteristica_6981,caracteristica_6982,caracteristica_6983,caracteristica_6984,caracteristica_6985,caracteristica_6986,caracteristica_6987,caracteristica_6988,caracteristica_6989,caracteristica_6990,caracteristica_6991,caracteristica_6992,caracteristica_6993,caracteristica_6994,caracteristica_6995,caracteristica_6996,caracteristica_6997,caracteristica_6998,caracteristica_6999,caracteristica_7000,caracteristica_7001,caracteristica_7002,caracteristica_7003,caracteristica_7004,caracteristica_7005,caracteristica_7006,caracteristica_7007,caracteristica_7008,caracteristica_7009,caracteristica_7010,caracteristica_7011,caracteristica_7012,caracteristica_7013,caracteristica_7014,caracteristica_7015,caracteristica_7016,caracteristica_7017,caracteristica_7018,caracteristica_7019,caracteristica_7020,caracteristica_7021,caracteristica_7022,caracteristica_7023,caracteristica_7024,caracteristica_7025,caracteristica_7026,caracteristica_7027,caracteristica_7028,caracteristica_7029,caracteristica_7030,caracteristica_7031,caracteristica_7032,caracteristica_7033,caracteristica_7034,caracteristica_7035,caracteristica_7036,caracteristica_7037,caracteristica_7038,caracteristica_7039,caracteristica_7040,caracteristica_7041,caracteristica_7042,caracteristica_7043,caracteristica_7044,caracteristica_7045,caracteristica_7046,caracteristica_7047,caracteristica_7048,caracteristica_7049,caracteristica_7050,caracteristica_7051,caracteristica_7052,caracteristica_7053,caracteristica_7054,caracteristica_7055,caracteristica_7056,caracteristica_7057,caracteristica_7058,caracteristica_7059,caracteristica_7060,caracteristica_7061,caracteristica_7062,caracteristica_7063,caracteristica_7064,caracteristica_7065,caracteristica_7066,caracteristica_7067,caracteristica_7068,caracteristica_7069,caracteristica_7070,caracteristica_7071,caracteristica_7072,caracteristica_7073,caracteristica_7074,caracteristica_7075,caracteristica_7076,caracteristica_7077,caracteristica_7078,caracteristica_7079,caracteristica_7080,caracteristica_7081,caracteristica_7082,caracteristica_7083,caracteristica_7084,caracteristica_7085,caracteristica_7086,caracteristica_7087,caracteristica_7088,caracteristica_7089,caracteristica_7090,caracteristica_7091,caracteristica_7092,caracteristica_7093,caracteristica_7094,caracteristica_7095,caracteristica_7096,caracteristica_7097,caracteristica_7098,caracteristica_7099,caracteristica_7100,caracteristica_7101,caracteristica_7102,caracteristica_7103,caracteristica_7104,caracteristica_7105,caracteristica_7106,caracteristica_7107,caracteristica_7108,caracteristica_7109,caracteristica_7110,caracteristica_7111,caracteristica_7112,caracteristica_7113,caracteristica_7114,caracteristica_7115,caracteristica_7116,caracteristica_7117,caracteristica_7118,caracteristica_7119,caracteristica_7120,caracteristica_7121,caracteristica_7122,caracteristica_7123,caracteristica_7124,caracteristica_7125,caracteristica_7126,caracteristica_7127,caracteristica_7128,caracteristica_7129,caracteristica_7130,caracteristica_7131,caracteristica_7132,caracteristica_7133,caracteristica_7134,caracteristica_7135,caracteristica_7136,caracteristica_7137,caracteristica_7138,caracteristica_7139,caracteristica_7140,caracteristica_7141,caracteristica_7142,caracteristica_7143,caracteristica_7144,caracteristica_7145,caracteristica_7146,caracteristica_7147,caracteristica_7148,caracteristica_7149,caracteristica_7150,caracteristica_7151,caracteristica_7152,caracteristica_7153,caracteristica_7154,caracteristica_7155,caracteristica_7156,caracteristica_7157,caracteristica_7158,caracteristica_7159,caracteristica_7160,caracteristica_7161,caracteristica_7162,caracteristica_7163,caracteristica_7164,caracteristica_7165,caracteristica_7166,caracteristica_7167,caracteristica_7168,caracteristica_7169,caracteristica_7170,caracteristica_7171,caracteristica_7172,caracteristica_7173,caracteristica_7174,caracteristica_7175,caracteristica_7176,caracteristica_7177,caracteristica_7178,caracteristica_7179,caracteristica_7180,caracteristica_7181,caracteristica_7182,caracteristica_7183,caracteristica_7184,caracteristica_7185,caracteristica_7186,caracteristica_7187,caracteristica_7188,caracteristica_7189,caracteristica_7190,caracteristica_7191,caracteristica_7192,caracteristica_7193,caracteristica_7194,caracteristica_7195,caracteristica_7196,caracteristica_7197,caracteristica_7198,caracteristica_7199,caracteristica_7200,caracteristica_7201,caracteristica_7202,caracteristica_7203,caracteristica_7204,caracteristica_7205,caracteristica_7206,caracteristica_7207,caracteristica_7208,caracteristica_7209,caracteristica_7210,caracteristica_7211,caracteristica_7212,caracteristica_7213,caracteristica_7214,caracteristica_7215,caracteristica_7216,caracteristica_7217,caracteristica_7218,caracteristica_7219,caracteristica_7220,caracteristica_7221,caracteristica_7222,caracteristica_7223,caracteristica_7224,caracteristica_7225,caracteristica_7226,caracteristica_7227,caracteristica_7228,caracteristica_7229,caracteristica_7230,caracteristica_7231,caracteristica_7232,caracteristica_7233,caracteristica_7234,caracteristica_7235,caracteristica_7236,caracteristica_7237,caracteristica_7238,caracteristica_7239,caracteristica_7240,caracteristica_7241,caracteristica_7242,caracteristica_7243,caracteristica_7244,caracteristica_7245,caracteristica_7246,caracteristica_7247,caracteristica_7248,caracteristica_7249,caracteristica_7250,caracteristica_7251,caracteristica_7252,caracteristica_7253,caracteristica_7254,caracteristica_7255,caracteristica_7256,caracteristica_7257,caracteristica_7258,caracteristica_7259,caracteristica_7260,caracteristica_7261,caracteristica_7262,caracteristica_7263,caracteristica_7264,caracteristica_7265,caracteristica_7266,caracteristica_7267,caracteristica_7268,caracteristica_7269,caracteristica_7270,caracteristica_7271,caracteristica_7272,caracteristica_7273,caracteristica_7274,caracteristica_7275,caracteristica_7276,caracteristica_7277,caracteristica_7278,caracteristica_7279,caracteristica_7280,caracteristica_7281,caracteristica_7282,caracteristica_7283,caracteristica_7284,caracteristica_7285,caracteristica_7286,caracteristica_7287,caracteristica_7288,caracteristica_7289,caracteristica_7290,caracteristica_7291,caracteristica_7292,caracteristica_7293,caracteristica_7294,caracteristica_7295,caracteristica_7296,caracteristica_7297,caracteristica_7298,caracteristica_7299,caracteristica_7300,caracteristica_7301,caracteristica_7302,caracteristica_7303,caracteristica_7304,caracteristica_7305,caracteristica_7306,caracteristica_7307,caracteristica_7308,caracteristica_7309,caracteristica_7310,caracteristica_7311,caracteristica_7312,caracteristica_7313,caracteristica_7314,caracteristica_7315,caracteristica_7316,caracteristica_7317,caracteristica_7318,caracteristica_7319,caracteristica_7320,caracteristica_7321,caracteristica_7322,caracteristica_7323,caracteristica_7324,caracteristica_7325,caracteristica_7326,caracteristica_7327,caracteristica_7328,caracteristica_7329,caracteristica_7330,caracteristica_7331,caracteristica_7332,caracteristica_7333,caracteristica_7334,caracteristica_7335,caracteristica_7336,caracteristica_7337,caracteristica_7338,caracteristica_7339,caracteristica_7340,caracteristica_7341,caracteristica_7342,caracteristica_7343,caracteristica_7344,caracteristica_7345,caracteristica_7346,caracteristica_7347,caracteristica_7348,caracteristica_7349,caracteristica_7350,caracteristica_7351,caracteristica_7352,caracteristica_7353,caracteristica_7354,caracteristica_7355,caracteristica_7356,caracteristica_7357,caracteristica_7358,caracteristica_7359,caracteristica_7360,caracteristica_7361,caracteristica_7362,caracteristica_7363,caracteristica_7364,caracteristica_7365,caracteristica_7366,caracteristica_7367,caracteristica_7368,caracteristica_7369,caracteristica_7370,caracteristica_7371,caracteristica_7372,caracteristica_7373,caracteristica_7374,caracteristica_7375,caracteristica_7376,caracteristica_7377,caracteristica_7378,caracteristica_7379,caracteristica_7380,caracteristica_7381,caracteristica_7382,caracteristica_7383,caracteristica_7384,caracteristica_7385,caracteristica_7386,caracteristica_7387,caracteristica_7388,caracteristica_7389,caracteristica_7390,caracteristica_7391,caracteristica_7392,caracteristica_7393,caracteristica_7394,caracteristica_7395,caracteristica_7396,caracteristica_7397,caracteristica_7398,caracteristica_7399,caracteristica_7400,caracteristica_7401,caracteristica_7402,caracteristica_7403,caracteristica_7404,caracteristica_7405,caracteristica_7406,caracteristica_7407,caracteristica_7408,caracteristica_7409,caracteristica_7410,caracteristica_7411,caracteristica_7412,caracteristica_7413,caracteristica_7414,caracteristica_7415,caracteristica_7416,caracteristica_7417,caracteristica_7418,caracteristica_7419,caracteristica_7420,caracteristica_7421,caracteristica_7422,caracteristica_7423,caracteristica_7424,caracteristica_7425,caracteristica_7426,caracteristica_7427,caracteristica_7428,caracteristica_7429,caracteristica_7430,caracteristica_7431,caracteristica_7432,caracteristica_7433,caracteristica_7434,caracteristica_7435,caracteristica_7436,caracteristica_7437,caracteristica_7438,caracteristica_7439,caracteristica_7440,caracteristica_7441,caracteristica_7442,caracteristica_7443,caracteristica_7444,caracteristica_7445,caracteristica_7446,caracteristica_7447,caracteristica_7448,caracteristica_7449,caracteristica_7450,caracteristica_7451,caracteristica_7452,caracteristica_7453,caracteristica_7454,caracteristica_7455,caracteristica_7456,caracteristica_7457,caracteristica_7458,caracteristica_7459,caracteristica_7460,caracteristica_7461,caracteristica_7462,caracteristica_7463,caracteristica_7464,caracteristica_7465,caracteristica_7466,caracteristica_7467,caracteristica_7468,caracteristica_7469,caracteristica_7470,caracteristica_7471,caracteristica_7472,caracteristica_7473,caracteristica_7474,caracteristica_7475,caracteristica_7476,caracteristica_7477,caracteristica_7478,caracteristica_7479,caracteristica_7480,caracteristica_7481,caracteristica_7482,caracteristica_7483,caracteristica_7484,caracteristica_7485,caracteristica_7486,caracteristica_7487,caracteristica_7488,caracteristica_7489,caracteristica_7490,caracteristica_7491,caracteristica_7492,caracteristica_7493,caracteristica_7494,caracteristica_7495,caracteristica_7496,caracteristica_7497,caracteristica_7498,caracteristica_7499,caracteristica_7500,caracteristica_7501,caracteristica_7502,caracteristica_7503,caracteristica_7504,caracteristica_7505,caracteristica_7506,caracteristica_7507,caracteristica_7508,caracteristica_7509,caracteristica_7510,caracteristica_7511,caracteristica_7512,caracteristica_7513,caracteristica_7514,caracteristica_7515,caracteristica_7516,caracteristica_7517,caracteristica_7518,caracteristica_7519,caracteristica_7520,caracteristica_7521,caracteristica_7522,caracteristica_7523,caracteristica_7524,caracteristica_7525,caracteristica_7526,caracteristica_7527,caracteristica_7528,caracteristica_7529,caracteristica_7530,caracteristica_7531,caracteristica_7532,caracteristica_7533,caracteristica_7534,caracteristica_7535,caracteristica_7536,caracteristica_7537,caracteristica_7538,caracteristica_7539,caracteristica_7540,caracteristica_7541,caracteristica_7542,caracteristica_7543,caracteristica_7544,caracteristica_7545,caracteristica_7546,caracteristica_7547,caracteristica_7548,caracteristica_7549,caracteristica_7550,caracteristica_7551,caracteristica_7552,caracteristica_7553,caracteristica_7554,caracteristica_7555,caracteristica_7556,caracteristica_7557,caracteristica_7558,caracteristica_7559,caracteristica_7560,caracteristica_7561,caracteristica_7562,caracteristica_7563,caracteristica_7564,caracteristica_7565,caracteristica_7566,caracteristica_7567,caracteristica_7568,caracteristica_7569,caracteristica_7570,caracteristica_7571,caracteristica_7572,caracteristica_7573,caracteristica_7574,caracteristica_7575,caracteristica_7576,caracteristica_7577,caracteristica_7578,caracteristica_7579,caracteristica_7580,caracteristica_7581,caracteristica_7582,caracteristica_7583,caracteristica_7584,caracteristica_7585,caracteristica_7586,caracteristica_7587,caracteristica_7588,caracteristica_7589,caracteristica_7590,caracteristica_7591,caracteristica_7592,caracteristica_7593,caracteristica_7594,caracteristica_7595,caracteristica_7596,caracteristica_7597,caracteristica_7598,caracteristica_7599,caracteristica_7600,caracteristica_7601,caracteristica_7602,caracteristica_7603,caracteristica_7604,caracteristica_7605,caracteristica_7606,caracteristica_7607,caracteristica_7608,caracteristica_7609,caracteristica_7610,caracteristica_7611,caracteristica_7612,caracteristica_7613,caracteristica_7614,caracteristica_7615,caracteristica_7616,caracteristica_7617,caracteristica_7618,caracteristica_7619,caracteristica_7620,caracteristica_7621,caracteristica_7622,caracteristica_7623,caracteristica_7624,caracteristica_7625,caracteristica_7626,caracteristica_7627,caracteristica_7628,caracteristica_7629,caracteristica_7630,caracteristica_7631,caracteristica_7632,caracteristica_7633,caracteristica_7634,caracteristica_7635,caracteristica_7636,caracteristica_7637,caracteristica_7638,caracteristica_7639,caracteristica_7640,caracteristica_7641,caracteristica_7642,caracteristica_7643,caracteristica_7644,caracteristica_7645,caracteristica_7646,caracteristica_7647,caracteristica_7648,caracteristica_7649,caracteristica_7650,caracteristica_7651,caracteristica_7652,caracteristica_7653,caracteristica_7654,caracteristica_7655,caracteristica_7656,caracteristica_7657,caracteristica_7658,caracteristica_7659,caracteristica_7660,caracteristica_7661,caracteristica_7662,caracteristica_7663,caracteristica_7664,caracteristica_7665,caracteristica_7666,caracteristica_7667,caracteristica_7668,caracteristica_7669,caracteristica_7670,caracteristica_7671,caracteristica_7672,caracteristica_7673,caracteristica_7674,caracteristica_7675,caracteristica_7676,caracteristica_7677,caracteristica_7678,caracteristica_7679,caracteristica_7680,caracteristica_7681,caracteristica_7682,caracteristica_7683,caracteristica_7684,caracteristica_7685,caracteristica_7686,caracteristica_7687,caracteristica_7688,caracteristica_7689,caracteristica_7690,caracteristica_7691,caracteristica_7692,caracteristica_7693,caracteristica_7694,caracteristica_7695,caracteristica_7696,caracteristica_7697,caracteristica_7698,caracteristica_7699,caracteristica_7700,caracteristica_7701,caracteristica_7702,caracteristica_7703,caracteristica_7704,caracteristica_7705,caracteristica_7706,caracteristica_7707,caracteristica_7708,caracteristica_7709,caracteristica_7710,caracteristica_7711,caracteristica_7712,caracteristica_7713,caracteristica_7714,caracteristica_7715,caracteristica_7716,caracteristica_7717,caracteristica_7718,caracteristica_7719,caracteristica_7720,caracteristica_7721,caracteristica_7722,caracteristica_7723,caracteristica_7724,caracteristica_7725,caracteristica_7726,caracteristica_7727,caracteristica_7728,caracteristica_7729,caracteristica_7730,caracteristica_7731,caracteristica_7732,caracteristica_7733,caracteristica_7734,caracteristica_7735,caracteristica_7736,caracteristica_7737,caracteristica_7738,caracteristica_7739,caracteristica_7740,caracteristica_7741,caracteristica_7742,caracteristica_7743,caracteristica_7744,caracteristica_7745,caracteristica_7746,caracteristica_7747,caracteristica_7748,caracteristica_7749,caracteristica_7750,caracteristica_7751,caracteristica_7752,caracteristica_7753,caracteristica_7754,caracteristica_7755,caracteristica_7756,caracteristica_7757,caracteristica_7758,caracteristica_7759,caracteristica_7760,caracteristica_7761,caracteristica_7762,caracteristica_7763,caracteristica_7764,caracteristica_7765,caracteristica_7766,caracteristica_7767,caracteristica_7768,caracteristica_7769,caracteristica_7770,caracteristica_7771,caracteristica_7772,caracteristica_7773,caracteristica_7774,caracteristica_7775,caracteristica_7776,caracteristica_7777,caracteristica_7778,caracteristica_7779,caracteristica_7780,caracteristica_7781,caracteristica_7782,caracteristica_7783,caracteristica_7784,caracteristica_7785,caracteristica_7786,caracteristica_7787,caracteristica_7788,caracteristica_7789,caracteristica_7790,caracteristica_7791,caracteristica_7792,caracteristica_7793,caracteristica_7794,caracteristica_7795,caracteristica_7796,caracteristica_7797,caracteristica_7798,caracteristica_7799,caracteristica_7800,caracteristica_7801,caracteristica_7802,caracteristica_7803,caracteristica_7804,caracteristica_7805,caracteristica_7806,caracteristica_7807,caracteristica_7808,caracteristica_7809,caracteristica_7810,caracteristica_7811,caracteristica_7812,caracteristica_7813,caracteristica_7814,caracteristica_7815,caracteristica_7816,caracteristica_7817,caracteristica_7818,caracteristica_7819,caracteristica_7820,caracteristica_7821,caracteristica_7822,caracteristica_7823,caracteristica_7824,caracteristica_7825,caracteristica_7826,caracteristica_7827,caracteristica_7828,caracteristica_7829,caracteristica_7830,caracteristica_7831,caracteristica_7832,caracteristica_7833,caracteristica_7834,caracteristica_7835,caracteristica_7836,caracteristica_7837,caracteristica_7838,caracteristica_7839,caracteristica_7840,caracteristica_7841,caracteristica_7842,caracteristica_7843,caracteristica_7844,caracteristica_7845,caracteristica_7846,caracteristica_7847,caracteristica_7848,caracteristica_7849,caracteristica_7850,caracteristica_7851,caracteristica_7852,caracteristica_7853,caracteristica_7854,caracteristica_7855,caracteristica_7856,caracteristica_7857,caracteristica_7858,caracteristica_7859,caracteristica_7860,caracteristica_7861,caracteristica_7862,caracteristica_7863,caracteristica_7864,caracteristica_7865,caracteristica_7866,caracteristica_7867,caracteristica_7868,caracteristica_7869,caracteristica_7870,caracteristica_7871,caracteristica_7872,caracteristica_7873,caracteristica_7874,caracteristica_7875,caracteristica_7876,caracteristica_7877,caracteristica_7878,caracteristica_7879,caracteristica_7880,caracteristica_7881,caracteristica_7882,caracteristica_7883,caracteristica_7884,caracteristica_7885,caracteristica_7886,caracteristica_7887,caracteristica_7888,caracteristica_7889,caracteristica_7890,caracteristica_7891,caracteristica_7892,caracteristica_7893,caracteristica_7894,caracteristica_7895,caracteristica_7896,caracteristica_7897,caracteristica_7898,caracteristica_7899,caracteristica_7900,caracteristica_7901,caracteristica_7902,caracteristica_7903,caracteristica_7904,caracteristica_7905,caracteristica_7906,caracteristica_7907,caracteristica_7908,caracteristica_7909,caracteristica_7910,caracteristica_7911,caracteristica_7912,caracteristica_7913,caracteristica_7914,caracteristica_7915,caracteristica_7916,caracteristica_7917,caracteristica_7918,caracteristica_7919,caracteristica_7920,caracteristica_7921,caracteristica_7922,caracteristica_7923,caracteristica_7924,caracteristica_7925,caracteristica_7926,caracteristica_7927,caracteristica_7928,caracteristica_7929,caracteristica_7930,caracteristica_7931,caracteristica_7932,caracteristica_7933,caracteristica_7934,caracteristica_7935,caracteristica_7936,caracteristica_7937,caracteristica_7938,caracteristica_7939,caracteristica_7940,caracteristica_7941,caracteristica_7942,caracteristica_7943,caracteristica_7944,caracteristica_7945,caracteristica_7946,caracteristica_7947,caracteristica_7948,caracteristica_7949,caracteristica_7950,caracteristica_7951,caracteristica_7952,caracteristica_7953,caracteristica_7954,caracteristica_7955,caracteristica_7956,caracteristica_7957,caracteristica_7958,caracteristica_7959,caracteristica_7960,caracteristica_7961,caracteristica_7962,caracteristica_7963,caracteristica_7964,caracteristica_7965,caracteristica_7966,caracteristica_7967,caracteristica_7968,caracteristica_7969,caracteristica_7970,caracteristica_7971,caracteristica_7972,caracteristica_7973,caracteristica_7974,caracteristica_7975,caracteristica_7976,caracteristica_7977,caracteristica_7978,caracteristica_7979,caracteristica_7980,caracteristica_7981,caracteristica_7982,caracteristica_7983,caracteristica_7984,caracteristica_7985,caracteristica_7986,caracteristica_7987,caracteristica_7988,caracteristica_7989,caracteristica_7990,caracteristica_7991,caracteristica_7992,caracteristica_7993,caracteristica_7994,caracteristica_7995,caracteristica_7996,caracteristica_7997,caracteristica_7998,caracteristica_7999,caracteristica_8000,caracteristica_8001,caracteristica_8002,caracteristica_8003,caracteristica_8004,caracteristica_8005,caracteristica_8006,caracteristica_8007,caracteristica_8008,caracteristica_8009,caracteristica_8010,caracteristica_8011,caracteristica_8012,caracteristica_8013,caracteristica_8014,caracteristica_8015,caracteristica_8016,caracteristica_8017,caracteristica_8018,caracteristica_8019,caracteristica_8020,caracteristica_8021,caracteristica_8022,caracteristica_8023,caracteristica_8024,caracteristica_8025,caracteristica_8026,caracteristica_8027,caracteristica_8028,caracteristica_8029,caracteristica_8030,caracteristica_8031,caracteristica_8032,caracteristica_8033,caracteristica_8034,caracteristica_8035,caracteristica_8036,caracteristica_8037,caracteristica_8038,caracteristica_8039,caracteristica_8040,caracteristica_8041,caracteristica_8042,caracteristica_8043,caracteristica_8044,caracteristica_8045,caracteristica_8046,caracteristica_8047,caracteristica_8048,caracteristica_8049,caracteristica_8050,caracteristica_8051,caracteristica_8052,caracteristica_8053,caracteristica_8054,caracteristica_8055,caracteristica_8056,caracteristica_8057,caracteristica_8058,caracteristica_8059,caracteristica_8060,caracteristica_8061,caracteristica_8062,caracteristica_8063,caracteristica_8064,caracteristica_8065,caracteristica_8066,caracteristica_8067,caracteristica_8068,caracteristica_8069,caracteristica_8070,caracteristica_8071,caracteristica_8072,caracteristica_8073,caracteristica_8074,caracteristica_8075,caracteristica_8076,caracteristica_8077,caracteristica_8078,caracteristica_8079,caracteristica_8080,caracteristica_8081,caracteristica_8082,caracteristica_8083,caracteristica_8084,caracteristica_8085,caracteristica_8086,caracteristica_8087,caracteristica_8088,caracteristica_8089,caracteristica_8090,caracteristica_8091,caracteristica_8092,caracteristica_8093,caracteristica_8094,caracteristica_8095,caracteristica_8096,caracteristica_8097,caracteristica_8098,caracteristica_8099,caracteristica_8100,caracteristica_8101,caracteristica_8102,caracteristica_8103,caracteristica_8104,caracteristica_8105,caracteristica_8106,caracteristica_8107,caracteristica_8108,caracteristica_8109,caracteristica_8110,caracteristica_8111,caracteristica_8112,caracteristica_8113,caracteristica_8114,caracteristica_8115,caracteristica_8116,caracteristica_8117,caracteristica_8118,caracteristica_8119,caracteristica_8120,caracteristica_8121,caracteristica_8122,caracteristica_8123,caracteristica_8124,caracteristica_8125,caracteristica_8126,caracteristica_8127,caracteristica_8128,caracteristica_8129,caracteristica_8130,caracteristica_8131,caracteristica_8132,caracteristica_8133,caracteristica_8134,caracteristica_8135,caracteristica_8136,caracteristica_8137,caracteristica_8138,caracteristica_8139,caracteristica_8140,caracteristica_8141,caracteristica_8142,caracteristica_8143,caracteristica_8144,caracteristica_8145,caracteristica_8146,caracteristica_8147,caracteristica_8148,caracteristica_8149,caracteristica_8150,caracteristica_8151,caracteristica_8152,caracteristica_8153,caracteristica_8154,caracteristica_8155,caracteristica_8156,caracteristica_8157,caracteristica_8158,caracteristica_8159,caracteristica_8160,caracteristica_8161,caracteristica_8162,caracteristica_8163,caracteristica_8164,caracteristica_8165,caracteristica_8166,caracteristica_8167,caracteristica_8168,caracteristica_8169,caracteristica_8170,caracteristica_8171,caracteristica_8172,caracteristica_8173,caracteristica_8174,caracteristica_8175,caracteristica_8176,caracteristica_8177,caracteristica_8178,caracteristica_8179,caracteristica_8180,caracteristica_8181,caracteristica_8182,caracteristica_8183,caracteristica_8184,caracteristica_8185,caracteristica_8186,caracteristica_8187,caracteristica_8188,caracteristica_8189,caracteristica_8190,caracteristica_8191,caracteristica_8192,caracteristica_8193,caracteristica_8194,caracteristica_8195,caracteristica_8196,caracteristica_8197,caracteristica_8198,caracteristica_8199,caracteristica_8200,caracteristica_8201,caracteristica_8202,caracteristica_8203,caracteristica_8204,caracteristica_8205,caracteristica_8206,caracteristica_8207,caracteristica_8208,caracteristica_8209,caracteristica_8210,caracteristica_8211,caracteristica_8212,caracteristica_8213,caracteristica_8214,caracteristica_8215,caracteristica_8216,caracteristica_8217,caracteristica_8218,caracteristica_8219,caracteristica_8220,caracteristica_8221,caracteristica_8222,caracteristica_8223,caracteristica_8224,caracteristica_8225,caracteristica_8226,caracteristica_8227,caracteristica_8228,caracteristica_8229,caracteristica_8230,caracteristica_8231,caracteristica_8232,caracteristica_8233,caracteristica_8234,caracteristica_8235,caracteristica_8236,caracteristica_8237,caracteristica_8238,caracteristica_8239,caracteristica_8240,caracteristica_8241,caracteristica_8242,caracteristica_8243,caracteristica_8244,caracteristica_8245,caracteristica_8246,caracteristica_8247,caracteristica_8248,caracteristica_8249,caracteristica_8250,caracteristica_8251,caracteristica_8252,caracteristica_8253,caracteristica_8254,caracteristica_8255,caracteristica_8256,caracteristica_8257,caracteristica_8258,caracteristica_8259,caracteristica_8260,caracteristica_8261,caracteristica_8262,caracteristica_8263,caracteristica_8264,caracteristica_8265,caracteristica_8266,caracteristica_8267,caracteristica_8268,caracteristica_8269,caracteristica_8270,caracteristica_8271,caracteristica_8272,caracteristica_8273,caracteristica_8274,caracteristica_8275,caracteristica_8276,caracteristica_8277,caracteristica_8278,caracteristica_8279,caracteristica_8280,caracteristica_8281,caracteristica_8282,caracteristica_8283,caracteristica_8284,caracteristica_8285,caracteristica_8286,caracteristica_8287,caracteristica_8288,caracteristica_8289,caracteristica_8290,caracteristica_8291,caracteristica_8292,caracteristica_8293,caracteristica_8294,caracteristica_8295,caracteristica_8296,caracteristica_8297,caracteristica_8298,caracteristica_8299,caracteristica_8300,caracteristica_8301,caracteristica_8302,caracteristica_8303,caracteristica_8304,caracteristica_8305,caracteristica_8306,caracteristica_8307,caracteristica_8308,caracteristica_8309,caracteristica_8310,caracteristica_8311,caracteristica_8312,caracteristica_8313,caracteristica_8314,caracteristica_8315,caracteristica_8316,caracteristica_8317,caracteristica_8318,caracteristica_8319,caracteristica_8320,caracteristica_8321,caracteristica_8322,caracteristica_8323,caracteristica_8324,caracteristica_8325,caracteristica_8326,caracteristica_8327,caracteristica_8328,caracteristica_8329,caracteristica_8330,caracteristica_8331,caracteristica_8332,caracteristica_8333,caracteristica_8334,caracteristica_8335,caracteristica_8336,caracteristica_8337,caracteristica_8338,caracteristica_8339,caracteristica_8340,caracteristica_8341,caracteristica_8342,caracteristica_8343,caracteristica_8344,caracteristica_8345,caracteristica_8346,caracteristica_8347,caracteristica_8348,caracteristica_8349,caracteristica_8350,caracteristica_8351,caracteristica_8352,caracteristica_8353,caracteristica_8354,caracteristica_8355,caracteristica_8356,caracteristica_8357,caracteristica_8358,caracteristica_8359,caracteristica_8360,caracteristica_8361,caracteristica_8362,caracteristica_8363,caracteristica_8364,caracteristica_8365,caracteristica_8366,caracteristica_8367,caracteristica_8368,caracteristica_8369,caracteristica_8370,caracteristica_8371,caracteristica_8372,caracteristica_8373,caracteristica_8374,caracteristica_8375,caracteristica_8376,caracteristica_8377,caracteristica_8378,caracteristica_8379,caracteristica_8380,caracteristica_8381,caracteristica_8382,caracteristica_8383,caracteristica_8384,caracteristica_8385,caracteristica_8386,caracteristica_8387,caracteristica_8388,caracteristica_8389,caracteristica_8390,caracteristica_8391,caracteristica_8392,caracteristica_8393,caracteristica_8394,caracteristica_8395,caracteristica_8396,caracteristica_8397,caracteristica_8398,caracteristica_8399,caracteristica_8400,caracteristica_8401,caracteristica_8402,caracteristica_8403,caracteristica_8404,caracteristica_8405,caracteristica_8406,caracteristica_8407,caracteristica_8408,caracteristica_8409,caracteristica_8410,caracteristica_8411,caracteristica_8412,caracteristica_8413,caracteristica_8414,caracteristica_8415,caracteristica_8416,caracteristica_8417,caracteristica_8418,caracteristica_8419,caracteristica_8420,caracteristica_8421,caracteristica_8422,caracteristica_8423,caracteristica_8424,caracteristica_8425,caracteristica_8426,caracteristica_8427,caracteristica_8428,caracteristica_8429,caracteristica_8430,caracteristica_8431,caracteristica_8432,caracteristica_8433,caracteristica_8434,caracteristica_8435,caracteristica_8436,caracteristica_8437,caracteristica_8438,caracteristica_8439,caracteristica_8440,caracteristica_8441,caracteristica_8442,caracteristica_8443,caracteristica_8444,caracteristica_8445,caracteristica_8446,caracteristica_8447,caracteristica_8448,caracteristica_8449,caracteristica_8450,caracteristica_8451,caracteristica_8452,caracteristica_8453,caracteristica_8454,caracteristica_8455,caracteristica_8456,caracteristica_8457,caracteristica_8458,caracteristica_8459,caracteristica_8460,caracteristica_8461,caracteristica_8462,caracteristica_8463,caracteristica_8464,caracteristica_8465,caracteristica_8466,caracteristica_8467,caracteristica_8468,caracteristica_8469,caracteristica_8470,caracteristica_8471,caracteristica_8472,caracteristica_8473,caracteristica_8474,caracteristica_8475,caracteristica_8476,caracteristica_8477,caracteristica_8478,caracteristica_8479,caracteristica_8480,caracteristica_8481,caracteristica_8482,caracteristica_8483,caracteristica_8484,caracteristica_8485,caracteristica_8486,caracteristica_8487,caracteristica_8488,caracteristica_8489,caracteristica_8490,caracteristica_8491,caracteristica_8492,caracteristica_8493,caracteristica_8494,caracteristica_8495,caracteristica_8496,caracteristica_8497,caracteristica_8498,caracteristica_8499,caracteristica_8500,caracteristica_8501,caracteristica_8502,caracteristica_8503,caracteristica_8504,caracteristica_8505,caracteristica_8506,caracteristica_8507,caracteristica_8508,caracteristica_8509,caracteristica_8510,caracteristica_8511,caracteristica_8512,caracteristica_8513,caracteristica_8514,caracteristica_8515,caracteristica_8516,caracteristica_8517,caracteristica_8518,caracteristica_8519,caracteristica_8520,caracteristica_8521,caracteristica_8522,caracteristica_8523,caracteristica_8524,caracteristica_8525,caracteristica_8526,caracteristica_8527,caracteristica_8528,caracteristica_8529,caracteristica_8530,caracteristica_8531,caracteristica_8532,caracteristica_8533,caracteristica_8534,caracteristica_8535,caracteristica_8536,caracteristica_8537,caracteristica_8538,caracteristica_8539,caracteristica_8540,caracteristica_8541,caracteristica_8542,caracteristica_8543,caracteristica_8544,caracteristica_8545,caracteristica_8546,caracteristica_8547,caracteristica_8548,caracteristica_8549,caracteristica_8550,caracteristica_8551,caracteristica_8552,caracteristica_8553,caracteristica_8554,caracteristica_8555,caracteristica_8556,caracteristica_8557,caracteristica_8558,caracteristica_8559,caracteristica_8560,caracteristica_8561,caracteristica_8562,caracteristica_8563,caracteristica_8564,caracteristica_8565,caracteristica_8566,caracteristica_8567,caracteristica_8568,caracteristica_8569,caracteristica_8570,caracteristica_8571,caracteristica_8572,caracteristica_8573,caracteristica_8574,caracteristica_8575,caracteristica_8576,caracteristica_8577,caracteristica_8578,caracteristica_8579,caracteristica_8580,caracteristica_8581,caracteristica_8582,caracteristica_8583,caracteristica_8584,caracteristica_8585,caracteristica_8586,caracteristica_8587,caracteristica_8588,caracteristica_8589,caracteristica_8590,caracteristica_8591,caracteristica_8592,caracteristica_8593,caracteristica_8594,caracteristica_8595,caracteristica_8596,caracteristica_8597,caracteristica_8598,caracteristica_8599,caracteristica_8600,caracteristica_8601,caracteristica_8602,caracteristica_8603,caracteristica_8604,caracteristica_8605,caracteristica_8606,caracteristica_8607,caracteristica_8608,caracteristica_8609,caracteristica_8610,caracteristica_8611,caracteristica_8612,caracteristica_8613,caracteristica_8614,caracteristica_8615,caracteristica_8616,caracteristica_8617,caracteristica_8618,caracteristica_8619,caracteristica_8620,caracteristica_8621,caracteristica_8622,caracteristica_8623,caracteristica_8624,caracteristica_8625,caracteristica_8626,caracteristica_8627,caracteristica_8628,caracteristica_8629,caracteristica_8630,caracteristica_8631,caracteristica_8632,caracteristica_8633,caracteristica_8634,caracteristica_8635,caracteristica_8636,caracteristica_8637,caracteristica_8638,caracteristica_8639,caracteristica_8640,caracteristica_8641,caracteristica_8642,caracteristica_8643,caracteristica_8644,caracteristica_8645,caracteristica_8646,caracteristica_8647,caracteristica_8648,caracteristica_8649,caracteristica_8650,caracteristica_8651,caracteristica_8652,caracteristica_8653,caracteristica_8654,caracteristica_8655,caracteristica_8656,caracteristica_8657,caracteristica_8658,caracteristica_8659,caracteristica_8660,caracteristica_8661,caracteristica_8662,caracteristica_8663,caracteristica_8664,caracteristica_8665,caracteristica_8666,caracteristica_8667,caracteristica_8668,caracteristica_8669,caracteristica_8670,caracteristica_8671,caracteristica_8672,caracteristica_8673,caracteristica_8674,caracteristica_8675,caracteristica_8676,caracteristica_8677,caracteristica_8678,caracteristica_8679,caracteristica_8680,caracteristica_8681,caracteristica_8682,caracteristica_8683,caracteristica_8684,caracteristica_8685,caracteristica_8686,caracteristica_8687,caracteristica_8688,caracteristica_8689,caracteristica_8690,caracteristica_8691,caracteristica_8692,caracteristica_8693,caracteristica_8694,caracteristica_8695,caracteristica_8696,caracteristica_8697,caracteristica_8698,caracteristica_8699,caracteristica_8700,caracteristica_8701,caracteristica_8702,caracteristica_8703,caracteristica_8704,caracteristica_8705,caracteristica_8706,caracteristica_8707,caracteristica_8708,caracteristica_8709,caracteristica_8710,caracteristica_8711,caracteristica_8712,caracteristica_8713,caracteristica_8714,caracteristica_8715,caracteristica_8716,caracteristica_8717,caracteristica_8718,caracteristica_8719,caracteristica_8720,caracteristica_8721,caracteristica_8722,caracteristica_8723,caracteristica_8724,caracteristica_8725,caracteristica_8726,caracteristica_8727,caracteristica_8728,caracteristica_8729,caracteristica_8730,caracteristica_8731,caracteristica_8732,caracteristica_8733,caracteristica_8734,caracteristica_8735,caracteristica_8736,caracteristica_8737,caracteristica_8738,caracteristica_8739,caracteristica_8740,caracteristica_8741,caracteristica_8742,caracteristica_8743,caracteristica_8744,caracteristica_8745,caracteristica_8746,caracteristica_8747,caracteristica_8748,caracteristica_8749,caracteristica_8750,caracteristica_8751,caracteristica_8752,caracteristica_8753,caracteristica_8754,caracteristica_8755,caracteristica_8756,caracteristica_8757,caracteristica_8758,caracteristica_8759,caracteristica_8760,caracteristica_8761,caracteristica_8762,caracteristica_8763,caracteristica_8764,caracteristica_8765,caracteristica_8766,caracteristica_8767,caracteristica_8768,caracteristica_8769,caracteristica_8770,caracteristica_8771,caracteristica_8772,caracteristica_8773,caracteristica_8774,caracteristica_8775,caracteristica_8776,caracteristica_8777,caracteristica_8778,caracteristica_8779,caracteristica_8780,caracteristica_8781,caracteristica_8782,caracteristica_8783,caracteristica_8784,caracteristica_8785,caracteristica_8786,caracteristica_8787,caracteristica_8788,caracteristica_8789,caracteristica_8790,caracteristica_8791,caracteristica_8792,caracteristica_8793,caracteristica_8794,caracteristica_8795,caracteristica_8796,caracteristica_8797,caracteristica_8798,caracteristica_8799,caracteristica_8800,caracteristica_8801,caracteristica_8802,caracteristica_8803,caracteristica_8804,caracteristica_8805,caracteristica_8806,caracteristica_8807,caracteristica_8808,caracteristica_8809,caracteristica_8810,caracteristica_8811,caracteristica_8812,caracteristica_8813,caracteristica_8814,caracteristica_8815,caracteristica_8816,caracteristica_8817,caracteristica_8818,caracteristica_8819,caracteristica_8820,caracteristica_8821,caracteristica_8822,caracteristica_8823,caracteristica_8824,caracteristica_8825,caracteristica_8826,caracteristica_8827,caracteristica_8828,caracteristica_8829,caracteristica_8830,caracteristica_8831,caracteristica_8832,caracteristica_8833,caracteristica_8834,caracteristica_8835,caracteristica_8836,caracteristica_8837,caracteristica_8838,caracteristica_8839,caracteristica_8840,caracteristica_8841,caracteristica_8842,caracteristica_8843,caracteristica_8844,caracteristica_8845,caracteristica_8846,caracteristica_8847,caracteristica_8848,caracteristica_8849,caracteristica_8850,caracteristica_8851,caracteristica_8852,caracteristica_8853,caracteristica_8854,caracteristica_8855,caracteristica_8856,caracteristica_8857,caracteristica_8858,caracteristica_8859,caracteristica_8860,caracteristica_8861,caracteristica_8862,caracteristica_8863,caracteristica_8864,caracteristica_8865,caracteristica_8866,caracteristica_8867,caracteristica_8868,caracteristica_8869,caracteristica_8870,caracteristica_8871,caracteristica_8872,caracteristica_8873,caracteristica_8874,caracteristica_8875,caracteristica_8876,caracteristica_8877,caracteristica_8878,caracteristica_8879,caracteristica_8880,caracteristica_8881,caracteristica_8882,caracteristica_8883,caracteristica_8884,caracteristica_8885,caracteristica_8886,caracteristica_8887,caracteristica_8888,caracteristica_8889,caracteristica_8890,caracteristica_8891,caracteristica_8892,caracteristica_8893,caracteristica_8894,caracteristica_8895,caracteristica_8896,caracteristica_8897,caracteristica_8898,caracteristica_8899,caracteristica_8900,caracteristica_8901,caracteristica_8902,caracteristica_8903,caracteristica_8904,caracteristica_8905,caracteristica_8906,caracteristica_8907,caracteristica_8908,caracteristica_8909,caracteristica_8910,caracteristica_8911,caracteristica_8912,caracteristica_8913,caracteristica_8914,caracteristica_8915,caracteristica_8916,caracteristica_8917,caracteristica_8918,caracteristica_8919,caracteristica_8920,caracteristica_8921,caracteristica_8922,caracteristica_8923,caracteristica_8924,caracteristica_8925,caracteristica_8926,caracteristica_8927,caracteristica_8928,caracteristica_8929,caracteristica_8930,caracteristica_8931,caracteristica_8932,caracteristica_8933,caracteristica_8934,caracteristica_8935,caracteristica_8936,caracteristica_8937,caracteristica_8938,caracteristica_8939,caracteristica_8940,caracteristica_8941,caracteristica_8942,caracteristica_8943,caracteristica_8944,caracteristica_8945,caracteristica_8946,caracteristica_8947,caracteristica_8948,caracteristica_8949,caracteristica_8950,caracteristica_8951,caracteristica_8952,caracteristica_8953,caracteristica_8954,caracteristica_8955,caracteristica_8956,caracteristica_8957,caracteristica_8958,caracteristica_8959,caracteristica_8960,caracteristica_8961,caracteristica_8962,caracteristica_8963,caracteristica_8964,caracteristica_8965,caracteristica_8966,caracteristica_8967,caracteristica_8968,caracteristica_8969,caracteristica_8970,caracteristica_8971,caracteristica_8972,caracteristica_8973,caracteristica_8974,caracteristica_8975,caracteristica_8976,caracteristica_8977,caracteristica_8978,caracteristica_8979,caracteristica_8980,caracteristica_8981,caracteristica_8982,caracteristica_8983,caracteristica_8984,caracteristica_8985,caracteristica_8986,caracteristica_8987,caracteristica_8988,caracteristica_8989,caracteristica_8990,caracteristica_8991,caracteristica_8992,caracteristica_8993,caracteristica_8994,caracteristica_8995,caracteristica_8996,caracteristica_8997,caracteristica_8998,caracteristica_8999,caracteristica_9000,caracteristica_9001,caracteristica_9002,caracteristica_9003,caracteristica_9004,caracteristica_9005,caracteristica_9006,caracteristica_9007,caracteristica_9008,caracteristica_9009,caracteristica_9010,caracteristica_9011,caracteristica_9012,caracteristica_9013,caracteristica_9014,caracteristica_9015,caracteristica_9016,caracteristica_9017,caracteristica_9018,caracteristica_9019,caracteristica_9020,caracteristica_9021,caracteristica_9022,caracteristica_9023,caracteristica_9024,caracteristica_9025,caracteristica_9026,caracteristica_9027,caracteristica_9028,caracteristica_9029,caracteristica_9030,caracteristica_9031,caracteristica_9032,caracteristica_9033,caracteristica_9034,caracteristica_9035,caracteristica_9036,caracteristica_9037,caracteristica_9038,caracteristica_9039,caracteristica_9040,caracteristica_9041,caracteristica_9042,caracteristica_9043,caracteristica_9044,caracteristica_9045,caracteristica_9046,caracteristica_9047,caracteristica_9048,caracteristica_9049,caracteristica_9050,caracteristica_9051,caracteristica_9052,caracteristica_9053,caracteristica_9054,caracteristica_9055,caracteristica_9056,caracteristica_9057,caracteristica_9058,caracteristica_9059,caracteristica_9060,caracteristica_9061,caracteristica_9062,caracteristica_9063,caracteristica_9064,caracteristica_9065,caracteristica_9066,caracteristica_9067,caracteristica_9068,caracteristica_9069,caracteristica_9070,caracteristica_9071,caracteristica_9072,caracteristica_9073,caracteristica_9074,caracteristica_9075,caracteristica_9076,caracteristica_9077,caracteristica_9078,caracteristica_9079,caracteristica_9080,caracteristica_9081,caracteristica_9082,caracteristica_9083,caracteristica_9084,caracteristica_9085,caracteristica_9086,caracteristica_9087,caracteristica_9088,caracteristica_9089,caracteristica_9090,caracteristica_9091,caracteristica_9092,caracteristica_9093,caracteristica_9094,caracteristica_9095,caracteristica_9096,caracteristica_9097,caracteristica_9098,caracteristica_9099,caracteristica_9100,caracteristica_9101,caracteristica_9102,caracteristica_9103,caracteristica_9104,caracteristica_9105,caracteristica_9106,caracteristica_9107,caracteristica_9108,caracteristica_9109,caracteristica_9110,caracteristica_9111,caracteristica_9112,caracteristica_9113,caracteristica_9114,caracteristica_9115,caracteristica_9116,caracteristica_9117,caracteristica_9118,caracteristica_9119,caracteristica_9120,caracteristica_9121,caracteristica_9122,caracteristica_9123,caracteristica_9124,caracteristica_9125,caracteristica_9126,caracteristica_9127,caracteristica_9128,caracteristica_9129,caracteristica_9130,caracteristica_9131,caracteristica_9132,caracteristica_9133,caracteristica_9134,caracteristica_9135,caracteristica_9136,caracteristica_9137,caracteristica_9138,caracteristica_9139,caracteristica_9140,caracteristica_9141,caracteristica_9142,caracteristica_9143,caracteristica_9144,caracteristica_9145,caracteristica_9146,caracteristica_9147,caracteristica_9148,caracteristica_9149,caracteristica_9150,caracteristica_9151,caracteristica_9152,caracteristica_9153,caracteristica_9154,caracteristica_9155,caracteristica_9156,caracteristica_9157,caracteristica_9158,caracteristica_9159,caracteristica_9160,caracteristica_9161,caracteristica_9162,caracteristica_9163,caracteristica_9164,caracteristica_9165,caracteristica_9166,caracteristica_9167,caracteristica_9168,caracteristica_9169,caracteristica_9170,caracteristica_9171,caracteristica_9172,caracteristica_9173,caracteristica_9174,caracteristica_9175,caracteristica_9176,caracteristica_9177,caracteristica_9178,caracteristica_9179,caracteristica_9180,caracteristica_9181,caracteristica_9182,caracteristica_9183,caracteristica_9184,caracteristica_9185,caracteristica_9186,caracteristica_9187,caracteristica_9188,caracteristica_9189,caracteristica_9190,caracteristica_9191,caracteristica_9192,caracteristica_9193,caracteristica_9194,caracteristica_9195,caracteristica_9196,caracteristica_9197,caracteristica_9198,caracteristica_9199,caracteristica_9200,caracteristica_9201,caracteristica_9202,caracteristica_9203,caracteristica_9204,caracteristica_9205,caracteristica_9206,caracteristica_9207,caracteristica_9208,caracteristica_9209,caracteristica_9210,caracteristica_9211,caracteristica_9212,caracteristica_9213,caracteristica_9214,caracteristica_9215,caracteristica_9216,caracteristica_9217,caracteristica_9218,caracteristica_9219,caracteristica_9220,caracteristica_9221,caracteristica_9222,caracteristica_9223,caracteristica_9224,caracteristica_9225,caracteristica_9226,caracteristica_9227,caracteristica_9228,caracteristica_9229,caracteristica_9230,caracteristica_9231,caracteristica_9232,caracteristica_9233,caracteristica_9234,caracteristica_9235,caracteristica_9236,caracteristica_9237,caracteristica_9238,caracteristica_9239,caracteristica_9240,caracteristica_9241,caracteristica_9242,caracteristica_9243,caracteristica_9244,caracteristica_9245,caracteristica_9246,caracteristica_9247,caracteristica_9248,caracteristica_9249,caracteristica_9250,caracteristica_9251,caracteristica_9252,caracteristica_9253,caracteristica_9254,caracteristica_9255,caracteristica_9256,caracteristica_9257,caracteristica_9258,caracteristica_9259,caracteristica_9260,caracteristica_9261,caracteristica_9262,caracteristica_9263,caracteristica_9264,caracteristica_9265,caracteristica_9266,caracteristica_9267,caracteristica_9268,caracteristica_9269,caracteristica_9270,caracteristica_9271,caracteristica_9272,caracteristica_9273,caracteristica_9274,caracteristica_9275,caracteristica_9276,caracteristica_9277,caracteristica_9278,caracteristica_9279,caracteristica_9280,caracteristica_9281,caracteristica_9282,caracteristica_9283,caracteristica_9284,caracteristica_9285,caracteristica_9286,caracteristica_9287,caracteristica_9288,caracteristica_9289,caracteristica_9290,caracteristica_9291,caracteristica_9292,caracteristica_9293,caracteristica_9294,caracteristica_9295,caracteristica_9296,caracteristica_9297,caracteristica_9298,caracteristica_9299,caracteristica_9300,caracteristica_9301,caracteristica_9302,caracteristica_9303,caracteristica_9304,caracteristica_9305,caracteristica_9306,caracteristica_9307,caracteristica_9308,caracteristica_9309,caracteristica_9310,caracteristica_9311,caracteristica_9312,caracteristica_9313,caracteristica_9314,caracteristica_9315,caracteristica_9316,caracteristica_9317,caracteristica_9318,caracteristica_9319,caracteristica_9320,caracteristica_9321,caracteristica_9322,caracteristica_9323,caracteristica_9324,caracteristica_9325,caracteristica_9326,caracteristica_9327,caracteristica_9328,caracteristica_9329,caracteristica_9330,caracteristica_9331,caracteristica_9332,caracteristica_9333,caracteristica_9334,caracteristica_9335,caracteristica_9336,caracteristica_9337,caracteristica_9338,caracteristica_9339,caracteristica_9340,caracteristica_9341,caracteristica_9342,caracteristica_9343,caracteristica_9344,caracteristica_9345,caracteristica_9346,caracteristica_9347,caracteristica_9348,caracteristica_9349,caracteristica_9350,caracteristica_9351,caracteristica_9352,caracteristica_9353,caracteristica_9354,caracteristica_9355,caracteristica_9356,caracteristica_9357,caracteristica_9358,caracteristica_9359,caracteristica_9360,caracteristica_9361,caracteristica_9362,caracteristica_9363,caracteristica_9364,caracteristica_9365,caracteristica_9366,caracteristica_9367,caracteristica_9368,caracteristica_9369,caracteristica_9370,caracteristica_9371,caracteristica_9372,caracteristica_9373,caracteristica_9374,caracteristica_9375,caracteristica_9376,caracteristica_9377,caracteristica_9378,caracteristica_9379,caracteristica_9380,caracteristica_9381,caracteristica_9382,caracteristica_9383,caracteristica_9384,caracteristica_9385,caracteristica_9386,caracteristica_9387,caracteristica_9388,caracteristica_9389,caracteristica_9390,caracteristica_9391,caracteristica_9392,caracteristica_9393,caracteristica_9394,caracteristica_9395,caracteristica_9396,caracteristica_9397,caracteristica_9398,caracteristica_9399,caracteristica_9400,caracteristica_9401,caracteristica_9402,caracteristica_9403,caracteristica_9404,caracteristica_9405,caracteristica_9406,caracteristica_9407,caracteristica_9408,caracteristica_9409,caracteristica_9410,caracteristica_9411,caracteristica_9412,caracteristica_9413,caracteristica_9414,caracteristica_9415,caracteristica_9416,caracteristica_9417,caracteristica_9418,caracteristica_9419,caracteristica_9420,caracteristica_9421,caracteristica_9422,caracteristica_9423,caracteristica_9424,caracteristica_9425,caracteristica_9426,caracteristica_9427,caracteristica_9428,caracteristica_9429,caracteristica_9430,caracteristica_9431,caracteristica_9432,caracteristica_9433,caracteristica_9434,caracteristica_9435,caracteristica_9436,caracteristica_9437,caracteristica_9438,caracteristica_9439,caracteristica_9440,caracteristica_9441,caracteristica_9442,caracteristica_9443,caracteristica_9444,caracteristica_9445,caracteristica_9446,caracteristica_9447,caracteristica_9448,caracteristica_9449,caracteristica_9450,caracteristica_9451,caracteristica_9452,caracteristica_9453,caracteristica_9454,caracteristica_9455,caracteristica_9456,caracteristica_9457,caracteristica_9458,caracteristica_9459,caracteristica_9460,caracteristica_9461,caracteristica_9462,caracteristica_9463,caracteristica_9464,caracteristica_9465,caracteristica_9466,caracteristica_9467,caracteristica_9468,caracteristica_9469,caracteristica_9470,caracteristica_9471,caracteristica_9472,caracteristica_9473,caracteristica_9474,caracteristica_9475,caracteristica_9476,caracteristica_9477,caracteristica_9478,caracteristica_9479,caracteristica_9480,caracteristica_9481,caracteristica_9482,caracteristica_9483,caracteristica_9484,caracteristica_9485,caracteristica_9486,caracteristica_9487,caracteristica_9488,caracteristica_9489,caracteristica_9490,caracteristica_9491,caracteristica_9492,caracteristica_9493,caracteristica_9494,caracteristica_9495,caracteristica_9496,caracteristica_9497,caracteristica_9498,caracteristica_9499,caracteristica_9500,caracteristica_9501,caracteristica_9502,caracteristica_9503,caracteristica_9504,caracteristica_9505,caracteristica_9506,caracteristica_9507,caracteristica_9508,caracteristica_9509,caracteristica_9510,caracteristica_9511,caracteristica_9512,caracteristica_9513,caracteristica_9514,caracteristica_9515,caracteristica_9516,caracteristica_9517,caracteristica_9518,caracteristica_9519,caracteristica_9520,caracteristica_9521,caracteristica_9522,caracteristica_9523,caracteristica_9524,caracteristica_9525,caracteristica_9526,caracteristica_9527,caracteristica_9528,caracteristica_9529,caracteristica_9530,caracteristica_9531,caracteristica_9532,caracteristica_9533,caracteristica_9534,caracteristica_9535,caracteristica_9536,caracteristica_9537,caracteristica_9538,caracteristica_9539,caracteristica_9540,caracteristica_9541,caracteristica_9542,caracteristica_9543,caracteristica_9544,caracteristica_9545,caracteristica_9546,caracteristica_9547,caracteristica_9548,caracteristica_9549,caracteristica_9550,caracteristica_9551,caracteristica_9552,caracteristica_9553,caracteristica_9554,caracteristica_9555,caracteristica_9556,caracteristica_9557,caracteristica_9558,caracteristica_9559,caracteristica_9560,caracteristica_9561,caracteristica_9562,caracteristica_9563,caracteristica_9564,caracteristica_9565,caracteristica_9566,caracteristica_9567,caracteristica_9568,caracteristica_9569,caracteristica_9570,caracteristica_9571,caracteristica_9572,caracteristica_9573,caracteristica_9574,caracteristica_9575,caracteristica_9576,caracteristica_9577,caracteristica_9578,caracteristica_9579,caracteristica_9580,caracteristica_9581,caracteristica_9582,caracteristica_9583,caracteristica_9584,caracteristica_9585,caracteristica_9586,caracteristica_9587,caracteristica_9588,caracteristica_9589,caracteristica_9590,caracteristica_9591,caracteristica_9592,caracteristica_9593,caracteristica_9594,caracteristica_9595,caracteristica_9596,caracteristica_9597,caracteristica_9598,caracteristica_9599,caracteristica_9600,caracteristica_9601,caracteristica_9602,caracteristica_9603,caracteristica_9604,caracteristica_9605,caracteristica_9606,caracteristica_9607,caracteristica_9608,caracteristica_9609,caracteristica_9610,caracteristica_9611,caracteristica_9612,caracteristica_9613,caracteristica_9614,caracteristica_9615,caracteristica_9616,caracteristica_9617,caracteristica_9618,caracteristica_9619,caracteristica_9620,caracteristica_9621,caracteristica_9622,caracteristica_9623,caracteristica_9624,caracteristica_9625,caracteristica_9626,caracteristica_9627,caracteristica_9628,caracteristica_9629,caracteristica_9630,caracteristica_9631,caracteristica_9632,caracteristica_9633,caracteristica_9634,caracteristica_9635,caracteristica_9636,caracteristica_9637,caracteristica_9638,caracteristica_9639,caracteristica_9640,caracteristica_9641,caracteristica_9642,caracteristica_9643,caracteristica_9644,caracteristica_9645,caracteristica_9646,caracteristica_9647,caracteristica_9648,caracteristica_9649,caracteristica_9650,caracteristica_9651,caracteristica_9652,caracteristica_9653,caracteristica_9654,caracteristica_9655,caracteristica_9656,caracteristica_9657,caracteristica_9658,caracteristica_9659,caracteristica_9660,caracteristica_9661,caracteristica_9662,caracteristica_9663,caracteristica_9664,caracteristica_9665,caracteristica_9666,caracteristica_9667,caracteristica_9668,caracteristica_9669,caracteristica_9670,caracteristica_9671,caracteristica_9672,caracteristica_9673,caracteristica_9674,caracteristica_9675,caracteristica_9676,caracteristica_9677,caracteristica_9678,caracteristica_9679,caracteristica_9680,caracteristica_9681,caracteristica_9682,caracteristica_9683,caracteristica_9684,caracteristica_9685,caracteristica_9686,caracteristica_9687,caracteristica_9688,caracteristica_9689,caracteristica_9690,caracteristica_9691,caracteristica_9692,caracteristica_9693,caracteristica_9694,caracteristica_9695,caracteristica_9696,caracteristica_9697,caracteristica_9698,caracteristica_9699,caracteristica_9700,caracteristica_9701,caracteristica_9702,caracteristica_9703,caracteristica_9704,caracteristica_9705,caracteristica_9706,caracteristica_9707,caracteristica_9708,caracteristica_9709,caracteristica_9710,caracteristica_9711,caracteristica_9712,caracteristica_9713,caracteristica_9714,caracteristica_9715,caracteristica_9716,caracteristica_9717,caracteristica_9718,caracteristica_9719,caracteristica_9720,caracteristica_9721,caracteristica_9722,caracteristica_9723,caracteristica_9724,caracteristica_9725,caracteristica_9726,caracteristica_9727,caracteristica_9728,caracteristica_9729,caracteristica_9730,caracteristica_9731,caracteristica_9732,caracteristica_9733,caracteristica_9734,caracteristica_9735,caracteristica_9736,caracteristica_9737,caracteristica_9738,caracteristica_9739,caracteristica_9740,caracteristica_9741,caracteristica_9742,caracteristica_9743,caracteristica_9744,caracteristica_9745,caracteristica_9746,caracteristica_9747,caracteristica_9748,caracteristica_9749,caracteristica_9750,caracteristica_9751,caracteristica_9752,caracteristica_9753,caracteristica_9754,caracteristica_9755,caracteristica_9756,caracteristica_9757,caracteristica_9758,caracteristica_9759,caracteristica_9760,caracteristica_9761,caracteristica_9762,caracteristica_9763,caracteristica_9764,caracteristica_9765,caracteristica_9766,caracteristica_9767,caracteristica_9768,caracteristica_9769,caracteristica_9770,caracteristica_9771,caracteristica_9772,caracteristica_9773,caracteristica_9774,caracteristica_9775,caracteristica_9776,caracteristica_9777,caracteristica_9778,caracteristica_9779,caracteristica_9780,caracteristica_9781,caracteristica_9782,caracteristica_9783,caracteristica_9784,caracteristica_9785,caracteristica_9786,caracteristica_9787,caracteristica_9788,caracteristica_9789,caracteristica_9790,caracteristica_9791,caracteristica_9792,caracteristica_9793,caracteristica_9794,caracteristica_9795,caracteristica_9796,caracteristica_9797,caracteristica_9798,caracteristica_9799,caracteristica_9800,caracteristica_9801,caracteristica_9802,caracteristica_9803,caracteristica_9804,caracteristica_9805,caracteristica_9806,caracteristica_9807,caracteristica_9808,caracteristica_9809,caracteristica_9810,caracteristica_9811,caracteristica_9812,caracteristica_9813,caracteristica_9814,caracteristica_9815,caracteristica_9816,caracteristica_9817,caracteristica_9818,caracteristica_9819,caracteristica_9820,caracteristica_9821,caracteristica_9822,caracteristica_9823,caracteristica_9824,caracteristica_9825,caracteristica_9826,caracteristica_9827,caracteristica_9828,caracteristica_9829,caracteristica_9830,caracteristica_9831,caracteristica_9832,caracteristica_9833,caracteristica_9834,caracteristica_9835,caracteristica_9836,caracteristica_9837,caracteristica_9838,caracteristica_9839,caracteristica_9840,caracteristica_9841,caracteristica_9842,caracteristica_9843,caracteristica_9844,caracteristica_9845,caracteristica_9846,caracteristica_9847,caracteristica_9848,caracteristica_9849,caracteristica_9850,caracteristica_9851,caracteristica_9852,caracteristica_9853,caracteristica_9854,caracteristica_9855,caracteristica_9856,caracteristica_9857,caracteristica_9858,caracteristica_9859,caracteristica_9860,caracteristica_9861,caracteristica_9862,caracteristica_9863,caracteristica_9864,caracteristica_9865,caracteristica_9866,caracteristica_9867,caracteristica_9868,caracteristica_9869,caracteristica_9870,caracteristica_9871,caracteristica_9872,caracteristica_9873,caracteristica_9874,caracteristica_9875,caracteristica_9876,caracteristica_9877,caracteristica_9878,caracteristica_9879,caracteristica_9880,caracteristica_9881,caracteristica_9882,caracteristica_9883,caracteristica_9884,caracteristica_9885,caracteristica_9886,caracteristica_9887,caracteristica_9888,caracteristica_9889,caracteristica_9890,caracteristica_9891,caracteristica_9892,caracteristica_9893,caracteristica_9894,caracteristica_9895,caracteristica_9896,caracteristica_9897,caracteristica_9898,caracteristica_9899,caracteristica_9900,caracteristica_9901,caracteristica_9902,caracteristica_9903,caracteristica_9904,caracteristica_9905,caracteristica_9906,caracteristica_9907,caracteristica_9908,caracteristica_9909,caracteristica_9910,caracteristica_9911,caracteristica_9912,caracteristica_9913,caracteristica_9914,caracteristica_9915,caracteristica_9916,caracteristica_9917,caracteristica_9918,caracteristica_9919,caracteristica_9920,caracteristica_9921,caracteristica_9922,caracteristica_9923,caracteristica_9924,caracteristica_9925,caracteristica_9926,caracteristica_9927,caracteristica_9928,caracteristica_9929,caracteristica_9930,caracteristica_9931,caracteristica_9932,caracteristica_9933,caracteristica_9934,caracteristica_9935,caracteristica_9936,caracteristica_9937,caracteristica_9938,caracteristica_9939,caracteristica_9940,caracteristica_9941,caracteristica_9942,caracteristica_9943,caracteristica_9944,caracteristica_9945,caracteristica_9946,caracteristica_9947,caracteristica_9948,caracteristica_9949,caracteristica_9950,caracteristica_9951,caracteristica_9952,caracteristica_9953,caracteristica_9954,caracteristica_9955,caracteristica_9956,caracteristica_9957,caracteristica_9958,caracteristica_9959,caracteristica_9960,caracteristica_9961,caracteristica_9962,caracteristica_9963,caracteristica_9964,caracteristica_9965,caracteristica_9966,caracteristica_9967,caracteristica_9968,caracteristica_9969,caracteristica_9970,caracteristica_9971,caracteristica_9972,caracteristica_9973,caracteristica_9974,caracteristica_9975,caracteristica_9976,caracteristica_9977,caracteristica_9978,caracteristica_9979,caracteristica_9980,caracteristica_9981,caracteristica_9982,caracteristica_9983,caracteristica_9984,caracteristica_9985,caracteristica_9986,caracteristica_9987,caracteristica_9988,caracteristica_9989,caracteristica_9990,caracteristica_9991,caracteristica_9992,caracteristica_9993,caracteristica_9994,caracteristica_9995,caracteristica_9996,caracteristica_9997,caracteristica_9998,caracteristica_9999,caracteristica_10000,caracteristica_10001,caracteristica_10002,caracteristica_10003,caracteristica_10004,caracteristica_10005,caracteristica_10006,caracteristica_10007,caracteristica_10008,caracteristica_10009,caracteristica_10010,caracteristica_10011,caracteristica_10012,caracteristica_10013,caracteristica_10014,caracteristica_10015,caracteristica_10016,caracteristica_10017,caracteristica_10018,caracteristica_10019,caracteristica_10020,caracteristica_10021,caracteristica_10022,caracteristica_10023,caracteristica_10024,caracteristica_10025,caracteristica_10026,caracteristica_10027,caracteristica_10028,caracteristica_10029,caracteristica_10030,caracteristica_10031,caracteristica_10032,caracteristica_10033,caracteristica_10034,caracteristica_10035,caracteristica_10036,caracteristica_10037,caracteristica_10038,caracteristica_10039,caracteristica_10040,caracteristica_10041,caracteristica_10042,caracteristica_10043,caracteristica_10044,caracteristica_10045,caracteristica_10046,caracteristica_10047,caracteristica_10048,caracteristica_10049,caracteristica_10050,caracteristica_10051,caracteristica_10052,caracteristica_10053,caracteristica_10054,caracteristica_10055,caracteristica_10056,caracteristica_10057,caracteristica_10058,caracteristica_10059,caracteristica_10060,caracteristica_10061,caracteristica_10062,caracteristica_10063,caracteristica_10064,caracteristica_10065,caracteristica_10066,caracteristica_10067,caracteristica_10068,caracteristica_10069,caracteristica_10070,caracteristica_10071,caracteristica_10072,caracteristica_10073,caracteristica_10074,caracteristica_10075,caracteristica_10076,caracteristica_10077,caracteristica_10078,caracteristica_10079,caracteristica_10080,caracteristica_10081,caracteristica_10082,caracteristica_10083,caracteristica_10084,caracteristica_10085,caracteristica_10086,caracteristica_10087,caracteristica_10088,caracteristica_10089,caracteristica_10090,caracteristica_10091,caracteristica_10092,caracteristica_10093,caracteristica_10094,caracteristica_10095,caracteristica_10096,caracteristica_10097,caracteristica_10098,caracteristica_10099,caracteristica_10100,caracteristica_10101,caracteristica_10102,caracteristica_10103,caracteristica_10104,caracteristica_10105,caracteristica_10106,caracteristica_10107,caracteristica_10108,caracteristica_10109,caracteristica_10110,caracteristica_10111,caracteristica_10112,caracteristica_10113,caracteristica_10114,caracteristica_10115,caracteristica_10116,caracteristica_10117,caracteristica_10118,caracteristica_10119,caracteristica_10120,caracteristica_10121,caracteristica_10122,caracteristica_10123,caracteristica_10124,caracteristica_10125,caracteristica_10126,caracteristica_10127,caracteristica_10128,caracteristica_10129,caracteristica_10130,caracteristica_10131,caracteristica_10132,caracteristica_10133,caracteristica_10134,caracteristica_10135,caracteristica_10136,caracteristica_10137,caracteristica_10138,caracteristica_10139,caracteristica_10140,caracteristica_10141,caracteristica_10142,caracteristica_10143,caracteristica_10144,caracteristica_10145,caracteristica_10146,caracteristica_10147,caracteristica_10148,caracteristica_10149,caracteristica_10150,caracteristica_10151,caracteristica_10152,caracteristica_10153,caracteristica_10154,caracteristica_10155,caracteristica_10156,caracteristica_10157,caracteristica_10158,caracteristica_10159,caracteristica_10160,caracteristica_10161,caracteristica_10162,caracteristica_10163,caracteristica_10164,caracteristica_10165,caracteristica_10166,caracteristica_10167,caracteristica_10168,caracteristica_10169,caracteristica_10170,caracteristica_10171,caracteristica_10172,caracteristica_10173,caracteristica_10174,caracteristica_10175,caracteristica_10176,caracteristica_10177,caracteristica_10178,caracteristica_10179,caracteristica_10180,caracteristica_10181,caracteristica_10182,caracteristica_10183,caracteristica_10184,caracteristica_10185,caracteristica_10186,caracteristica_10187,caracteristica_10188,caracteristica_10189,caracteristica_10190,caracteristica_10191,caracteristica_10192,caracteristica_10193,caracteristica_10194,caracteristica_10195,caracteristica_10196,caracteristica_10197,caracteristica_10198,caracteristica_10199,caracteristica_10200,caracteristica_10201,caracteristica_10202,caracteristica_10203,caracteristica_10204,caracteristica_10205,caracteristica_10206,caracteristica_10207,caracteristica_10208,caracteristica_10209,caracteristica_10210,caracteristica_10211,caracteristica_10212,caracteristica_10213,caracteristica_10214,caracteristica_10215,caracteristica_10216,caracteristica_10217,caracteristica_10218,caracteristica_10219,caracteristica_10220,caracteristica_10221,caracteristica_10222,caracteristica_10223,caracteristica_10224,caracteristica_10225,caracteristica_10226,caracteristica_10227,caracteristica_10228,caracteristica_10229,caracteristica_10230,caracteristica_10231,caracteristica_10232,caracteristica_10233,caracteristica_10234,caracteristica_10235,caracteristica_10236,caracteristica_10237,caracteristica_10238,caracteristica_10239,caracteristica_10240,caracteristica_10241,caracteristica_10242,caracteristica_10243,caracteristica_10244,caracteristica_10245,caracteristica_10246,caracteristica_10247,caracteristica_10248,caracteristica_10249,caracteristica_10250,caracteristica_10251,caracteristica_10252,caracteristica_10253,caracteristica_10254,caracteristica_10255,caracteristica_10256,caracteristica_10257,caracteristica_10258,caracteristica_10259,caracteristica_10260,caracteristica_10261,caracteristica_10262,caracteristica_10263,caracteristica_10264,caracteristica_10265,caracteristica_10266,caracteristica_10267,caracteristica_10268,caracteristica_10269,caracteristica_10270,caracteristica_10271,caracteristica_10272,caracteristica_10273,caracteristica_10274,caracteristica_10275,caracteristica_10276,caracteristica_10277,caracteristica_10278,caracteristica_10279,caracteristica_10280,caracteristica_10281,caracteristica_10282,caracteristica_10283,caracteristica_10284,caracteristica_10285,caracteristica_10286,caracteristica_10287,caracteristica_10288,caracteristica_10289,caracteristica_10290,caracteristica_10291,caracteristica_10292,caracteristica_10293,caracteristica_10294,caracteristica_10295,caracteristica_10296,caracteristica_10297,caracteristica_10298,caracteristica_10299,caracteristica_10300,caracteristica_10301,caracteristica_10302,caracteristica_10303,caracteristica_10304,caracteristica_10305,caracteristica_10306,caracteristica_10307,caracteristica_10308,caracteristica_10309,caracteristica_10310,caracteristica_10311,caracteristica_10312,caracteristica_10313,caracteristica_10314,caracteristica_10315,caracteristica_10316,caracteristica_10317,caracteristica_10318,caracteristica_10319,caracteristica_10320,caracteristica_10321,caracteristica_10322,caracteristica_10323,caracteristica_10324,caracteristica_10325,caracteristica_10326,caracteristica_10327,caracteristica_10328,caracteristica_10329,caracteristica_10330,caracteristica_10331,caracteristica_10332,caracteristica_10333,caracteristica_10334,caracteristica_10335,caracteristica_10336,caracteristica_10337,caracteristica_10338,caracteristica_10339,caracteristica_10340,caracteristica_10341,caracteristica_10342,caracteristica_10343,caracteristica_10344,caracteristica_10345,caracteristica_10346,caracteristica_10347,caracteristica_10348,caracteristica_10349,caracteristica_10350,caracteristica_10351,caracteristica_10352,caracteristica_10353,caracteristica_10354,caracteristica_10355,caracteristica_10356,caracteristica_10357,caracteristica_10358,caracteristica_10359,caracteristica_10360,caracteristica_10361,caracteristica_10362,caracteristica_10363,caracteristica_10364,caracteristica_10365,caracteristica_10366,caracteristica_10367,caracteristica_10368,caracteristica_10369,caracteristica_10370,caracteristica_10371,caracteristica_10372,caracteristica_10373,caracteristica_10374,caracteristica_10375,caracteristica_10376,caracteristica_10377,caracteristica_10378,caracteristica_10379,caracteristica_10380,caracteristica_10381,caracteristica_10382,caracteristica_10383,caracteristica_10384,caracteristica_10385,caracteristica_10386,caracteristica_10387,caracteristica_10388,caracteristica_10389,caracteristica_10390,caracteristica_10391,caracteristica_10392,caracteristica_10393,caracteristica_10394,caracteristica_10395,caracteristica_10396,caracteristica_10397,caracteristica_10398,caracteristica_10399,caracteristica_10400,caracteristica_10401,caracteristica_10402,caracteristica_10403,caracteristica_10404,caracteristica_10405,caracteristica_10406,caracteristica_10407,caracteristica_10408,caracteristica_10409,caracteristica_10410,caracteristica_10411,caracteristica_10412,caracteristica_10413,caracteristica_10414,caracteristica_10415,caracteristica_10416,caracteristica_10417,caracteristica_10418,caracteristica_10419,caracteristica_10420,caracteristica_10421,caracteristica_10422,caracteristica_10423,caracteristica_10424,caracteristica_10425,caracteristica_10426,caracteristica_10427,caracteristica_10428,caracteristica_10429,caracteristica_10430,caracteristica_10431,caracteristica_10432,caracteristica_10433,caracteristica_10434,caracteristica_10435,caracteristica_10436,caracteristica_10437,caracteristica_10438,caracteristica_10439,caracteristica_10440,caracteristica_10441,caracteristica_10442,caracteristica_10443,caracteristica_10444,caracteristica_10445,caracteristica_10446,caracteristica_10447,caracteristica_10448,caracteristica_10449,caracteristica_10450,caracteristica_10451,caracteristica_10452,caracteristica_10453,caracteristica_10454,caracteristica_10455,caracteristica_10456,caracteristica_10457,caracteristica_10458,caracteristica_10459,caracteristica_10460,caracteristica_10461,caracteristica_10462,caracteristica_10463,caracteristica_10464,caracteristica_10465,caracteristica_10466,caracteristica_10467,caracteristica_10468,caracteristica_10469,caracteristica_10470,caracteristica_10471,caracteristica_10472,caracteristica_10473,caracteristica_10474,caracteristica_10475,caracteristica_10476,caracteristica_10477,caracteristica_10478,caracteristica_10479,caracteristica_10480,caracteristica_10481,caracteristica_10482,caracteristica_10483,caracteristica_10484,caracteristica_10485,caracteristica_10486,caracteristica_10487,caracteristica_10488,caracteristica_10489,caracteristica_10490,caracteristica_10491,caracteristica_10492,caracteristica_10493,caracteristica_10494,caracteristica_10495,caracteristica_10496,caracteristica_10497,caracteristica_10498,caracteristica_10499,caracteristica_10500,caracteristica_10501,caracteristica_10502,caracteristica_10503,caracteristica_10504,caracteristica_10505,caracteristica_10506,caracteristica_10507,caracteristica_10508,caracteristica_10509,caracteristica_10510,caracteristica_10511,caracteristica_10512,caracteristica_10513,caracteristica_10514,caracteristica_10515,caracteristica_10516,caracteristica_10517,caracteristica_10518,caracteristica_10519,caracteristica_10520,caracteristica_10521,caracteristica_10522,caracteristica_10523,caracteristica_10524,caracteristica_10525,caracteristica_10526,caracteristica_10527,caracteristica_10528,caracteristica_10529,caracteristica_10530,caracteristica_10531,caracteristica_10532,caracteristica_10533,caracteristica_10534,caracteristica_10535,caracteristica_10536,caracteristica_10537,caracteristica_10538,caracteristica_10539,caracteristica_10540,caracteristica_10541,caracteristica_10542,caracteristica_10543,caracteristica_10544,caracteristica_10545,caracteristica_10546,caracteristica_10547,caracteristica_10548,caracteristica_10549,caracteristica_10550,caracteristica_10551,caracteristica_10552,caracteristica_10553,caracteristica_10554,caracteristica_10555,caracteristica_10556,caracteristica_10557,caracteristica_10558,caracteristica_10559,caracteristica_10560,caracteristica_10561,caracteristica_10562,caracteristica_10563,caracteristica_10564,caracteristica_10565,caracteristica_10566,caracteristica_10567,caracteristica_10568,caracteristica_10569,caracteristica_10570,caracteristica_10571,caracteristica_10572,caracteristica_10573,caracteristica_10574,caracteristica_10575,caracteristica_10576,caracteristica_10577,caracteristica_10578,caracteristica_10579,caracteristica_10580,caracteristica_10581,caracteristica_10582,caracteristica_10583,caracteristica_10584,caracteristica_10585,caracteristica_10586,caracteristica_10587,caracteristica_10588,caracteristica_10589,caracteristica_10590,caracteristica_10591,caracteristica_10592,caracteristica_10593,caracteristica_10594,caracteristica_10595,caracteristica_10596,caracteristica_10597,caracteristica_10598,caracteristica_10599,caracteristica_10600,caracteristica_10601,caracteristica_10602,caracteristica_10603,caracteristica_10604,caracteristica_10605,caracteristica_10606,caracteristica_10607,caracteristica_10608,caracteristica_10609,caracteristica_10610,caracteristica_10611,caracteristica_10612,caracteristica_10613,caracteristica_10614,caracteristica_10615,caracteristica_10616,caracteristica_10617,caracteristica_10618,caracteristica_10619,caracteristica_10620,caracteristica_10621,caracteristica_10622,caracteristica_10623,caracteristica_10624,caracteristica_10625,caracteristica_10626,caracteristica_10627,caracteristica_10628,caracteristica_10629,caracteristica_10630,caracteristica_10631,caracteristica_10632,caracteristica_10633,caracteristica_10634,caracteristica_10635,caracteristica_10636,caracteristica_10637,caracteristica_10638,caracteristica_10639,caracteristica_10640,caracteristica_10641,caracteristica_10642,caracteristica_10643,caracteristica_10644,caracteristica_10645,caracteristica_10646,caracteristica_10647,caracteristica_10648,caracteristica_10649,caracteristica_10650,caracteristica_10651,caracteristica_10652,caracteristica_10653,caracteristica_10654,caracteristica_10655,caracteristica_10656,caracteristica_10657,caracteristica_10658,caracteristica_10659,caracteristica_10660,caracteristica_10661,caracteristica_10662,caracteristica_10663,caracteristica_10664,caracteristica_10665,caracteristica_10666,caracteristica_10667,caracteristica_10668,caracteristica_10669,caracteristica_10670,caracteristica_10671,caracteristica_10672,caracteristica_10673,caracteristica_10674,caracteristica_10675,caracteristica_10676,caracteristica_10677,caracteristica_10678,caracteristica_10679,caracteristica_10680,caracteristica_10681,caracteristica_10682,caracteristica_10683,caracteristica_10684,caracteristica_10685,caracteristica_10686,caracteristica_10687,caracteristica_10688,caracteristica_10689,caracteristica_10690,caracteristica_10691,caracteristica_10692,caracteristica_10693,caracteristica_10694,caracteristica_10695,caracteristica_10696,caracteristica_10697,caracteristica_10698,caracteristica_10699,caracteristica_10700,caracteristica_10701,caracteristica_10702,caracteristica_10703,caracteristica_10704,caracteristica_10705,caracteristica_10706,caracteristica_10707,caracteristica_10708,caracteristica_10709,caracteristica_10710,caracteristica_10711,caracteristica_10712,caracteristica_10713,caracteristica_10714,caracteristica_10715,caracteristica_10716,caracteristica_10717,caracteristica_10718,caracteristica_10719,caracteristica_10720,caracteristica_10721,caracteristica_10722,caracteristica_10723,caracteristica_10724,caracteristica_10725,caracteristica_10726,caracteristica_10727,caracteristica_10728,caracteristica_10729,caracteristica_10730,caracteristica_10731,caracteristica_10732,caracteristica_10733,caracteristica_10734,caracteristica_10735,caracteristica_10736,caracteristica_10737,caracteristica_10738,caracteristica_10739,caracteristica_10740,caracteristica_10741,caracteristica_10742,caracteristica_10743,caracteristica_10744,caracteristica_10745,caracteristica_10746,caracteristica_10747,caracteristica_10748,caracteristica_10749,caracteristica_10750,caracteristica_10751,caracteristica_10752,caracteristica_10753,caracteristica_10754,caracteristica_10755,caracteristica_10756,caracteristica_10757,caracteristica_10758,caracteristica_10759,caracteristica_10760,caracteristica_10761,caracteristica_10762,caracteristica_10763,caracteristica_10764,caracteristica_10765,caracteristica_10766,caracteristica_10767,caracteristica_10768,caracteristica_10769,caracteristica_10770,caracteristica_10771,caracteristica_10772,caracteristica_10773,caracteristica_10774,caracteristica_10775,caracteristica_10776,caracteristica_10777,caracteristica_10778,caracteristica_10779,caracteristica_10780,caracteristica_10781,caracteristica_10782,caracteristica_10783,caracteristica_10784,caracteristica_10785,caracteristica_10786,caracteristica_10787,caracteristica_10788,caracteristica_10789,caracteristica_10790,caracteristica_10791,caracteristica_10792,caracteristica_10793,caracteristica_10794,caracteristica_10795,caracteristica_10796,caracteristica_10797,caracteristica_10798,caracteristica_10799,caracteristica_10800,caracteristica_10801,caracteristica_10802,caracteristica_10803,caracteristica_10804,caracteristica_10805,caracteristica_10806,caracteristica_10807,caracteristica_10808,caracteristica_10809,caracteristica_10810,caracteristica_10811,caracteristica_10812,caracteristica_10813,caracteristica_10814,caracteristica_10815,caracteristica_10816,caracteristica_10817,caracteristica_10818,caracteristica_10819,caracteristica_10820,caracteristica_10821,caracteristica_10822,caracteristica_10823,caracteristica_10824,caracteristica_10825,caracteristica_10826,caracteristica_10827,caracteristica_10828,caracteristica_10829,caracteristica_10830,caracteristica_10831,caracteristica_10832,caracteristica_10833,caracteristica_10834,caracteristica_10835,caracteristica_10836,caracteristica_10837,caracteristica_10838,caracteristica_10839,caracteristica_10840,caracteristica_10841,caracteristica_10842,caracteristica_10843,caracteristica_10844,caracteristica_10845,caracteristica_10846,caracteristica_10847,caracteristica_10848,caracteristica_10849,caracteristica_10850,caracteristica_10851,caracteristica_10852,caracteristica_10853,caracteristica_10854,caracteristica_10855,caracteristica_10856,caracteristica_10857,caracteristica_10858,caracteristica_10859,caracteristica_10860,caracteristica_10861,caracteristica_10862,caracteristica_10863,caracteristica_10864,caracteristica_10865,caracteristica_10866,caracteristica_10867,caracteristica_10868,caracteristica_10869,caracteristica_10870,caracteristica_10871,caracteristica_10872,caracteristica_10873,caracteristica_10874,caracteristica_10875,caracteristica_10876,caracteristica_10877,caracteristica_10878,caracteristica_10879,caracteristica_10880,caracteristica_10881,caracteristica_10882,caracteristica_10883,caracteristica_10884,caracteristica_10885,caracteristica_10886,caracteristica_10887,caracteristica_10888,caracteristica_10889,caracteristica_10890,caracteristica_10891,caracteristica_10892,caracteristica_10893,caracteristica_10894,caracteristica_10895,caracteristica_10896,caracteristica_10897,caracteristica_10898,caracteristica_10899,caracteristica_10900,caracteristica_10901,caracteristica_10902,caracteristica_10903,caracteristica_10904,caracteristica_10905,caracteristica_10906,caracteristica_10907,caracteristica_10908,caracteristica_10909,caracteristica_10910,caracteristica_10911,caracteristica_10912,caracteristica_10913,caracteristica_10914,caracteristica_10915,caracteristica_10916,caracteristica_10917,caracteristica_10918,caracteristica_10919,caracteristica_10920,caracteristica_10921,caracteristica_10922,caracteristica_10923,caracteristica_10924,caracteristica_10925,caracteristica_10926,caracteristica_10927,caracteristica_10928,caracteristica_10929,caracteristica_10930,caracteristica_10931,caracteristica_10932,caracteristica_10933,caracteristica_10934,caracteristica_10935,caracteristica_10936,caracteristica_10937,caracteristica_10938,caracteristica_10939,caracteristica_10940,caracteristica_10941,caracteristica_10942,caracteristica_10943,caracteristica_10944,caracteristica_10945,caracteristica_10946,caracteristica_10947,caracteristica_10948,caracteristica_10949,caracteristica_10950,caracteristica_10951,caracteristica_10952,caracteristica_10953,caracteristica_10954,caracteristica_10955,caracteristica_10956,caracteristica_10957,caracteristica_10958,caracteristica_10959,caracteristica_10960,caracteristica_10961,caracteristica_10962,caracteristica_10963,caracteristica_10964,caracteristica_10965,caracteristica_10966,caracteristica_10967,caracteristica_10968,caracteristica_10969,caracteristica_10970,caracteristica_10971,caracteristica_10972,caracteristica_10973,caracteristica_10974,caracteristica_10975,caracteristica_10976,caracteristica_10977,caracteristica_10978,caracteristica_10979,caracteristica_10980,caracteristica_10981,caracteristica_10982,caracteristica_10983,caracteristica_10984,caracteristica_10985,caracteristica_10986,caracteristica_10987,caracteristica_10988,caracteristica_10989,caracteristica_10990,caracteristica_10991,caracteristica_10992,caracteristica_10993,caracteristica_10994,caracteristica_10995,caracteristica_10996,caracteristica_10997,caracteristica_10998,caracteristica_10999,caracteristica_11000,caracteristica_11001,caracteristica_11002,caracteristica_11003,caracteristica_11004,caracteristica_11005,caracteristica_11006,caracteristica_11007,caracteristica_11008,caracteristica_11009,caracteristica_11010,caracteristica_11011,caracteristica_11012,caracteristica_11013,caracteristica_11014,caracteristica_11015,caracteristica_11016,caracteristica_11017,caracteristica_11018,caracteristica_11019,caracteristica_11020,caracteristica_11021,caracteristica_11022,caracteristica_11023,caracteristica_11024,caracteristica_11025,caracteristica_11026,caracteristica_11027,caracteristica_11028,caracteristica_11029,caracteristica_11030,caracteristica_11031,caracteristica_11032,caracteristica_11033,caracteristica_11034,caracteristica_11035,caracteristica_11036,caracteristica_11037,caracteristica_11038,caracteristica_11039,caracteristica_11040,caracteristica_11041,caracteristica_11042,caracteristica_11043,caracteristica_11044,caracteristica_11045,caracteristica_11046,caracteristica_11047,caracteristica_11048,caracteristica_11049,caracteristica_11050,caracteristica_11051,caracteristica_11052,caracteristica_11053,caracteristica_11054,caracteristica_11055,caracteristica_11056,caracteristica_11057,caracteristica_11058,caracteristica_11059,caracteristica_11060,caracteristica_11061,caracteristica_11062,caracteristica_11063,caracteristica_11064,caracteristica_11065,caracteristica_11066,caracteristica_11067,caracteristica_11068,caracteristica_11069,caracteristica_11070,caracteristica_11071,caracteristica_11072,caracteristica_11073,caracteristica_11074,caracteristica_11075,caracteristica_11076,caracteristica_11077,caracteristica_11078,caracteristica_11079,caracteristica_11080,caracteristica_11081,caracteristica_11082,caracteristica_11083,caracteristica_11084,caracteristica_11085,caracteristica_11086,caracteristica_11087,caracteristica_11088,caracteristica_11089,caracteristica_11090,caracteristica_11091,caracteristica_11092,caracteristica_11093,caracteristica_11094,caracteristica_11095,caracteristica_11096,caracteristica_11097,caracteristica_11098,caracteristica_11099,caracteristica_11100,caracteristica_11101,caracteristica_11102,caracteristica_11103,caracteristica_11104,caracteristica_11105,caracteristica_11106,caracteristica_11107,caracteristica_11108,caracteristica_11109,caracteristica_11110,caracteristica_11111,caracteristica_11112,caracteristica_11113,caracteristica_11114,caracteristica_11115,caracteristica_11116,caracteristica_11117,caracteristica_11118,caracteristica_11119,caracteristica_11120,caracteristica_11121,caracteristica_11122,caracteristica_11123,caracteristica_11124,caracteristica_11125,caracteristica_11126,caracteristica_11127,caracteristica_11128,caracteristica_11129,caracteristica_11130,caracteristica_11131,caracteristica_11132,caracteristica_11133,caracteristica_11134,caracteristica_11135,caracteristica_11136,caracteristica_11137,caracteristica_11138,caracteristica_11139,caracteristica_11140,caracteristica_11141,caracteristica_11142,caracteristica_11143,caracteristica_11144,caracteristica_11145,caracteristica_11146,caracteristica_11147,caracteristica_11148,caracteristica_11149,caracteristica_11150,caracteristica_11151,caracteristica_11152,caracteristica_11153,caracteristica_11154,caracteristica_11155,caracteristica_11156,caracteristica_11157,caracteristica_11158,caracteristica_11159,caracteristica_11160,caracteristica_11161,caracteristica_11162,caracteristica_11163,caracteristica_11164,caracteristica_11165,caracteristica_11166,caracteristica_11167,caracteristica_11168,caracteristica_11169,caracteristica_11170,caracteristica_11171,caracteristica_11172,caracteristica_11173,caracteristica_11174,caracteristica_11175,caracteristica_11176,caracteristica_11177,caracteristica_11178,caracteristica_11179,caracteristica_11180,caracteristica_11181,caracteristica_11182,caracteristica_11183,caracteristica_11184,caracteristica_11185,caracteristica_11186,caracteristica_11187,caracteristica_11188,caracteristica_11189,caracteristica_11190,caracteristica_11191,caracteristica_11192,caracteristica_11193,caracteristica_11194,caracteristica_11195,caracteristica_11196,caracteristica_11197,caracteristica_11198,caracteristica_11199,caracteristica_11200,caracteristica_11201,caracteristica_11202,caracteristica_11203,caracteristica_11204,caracteristica_11205,caracteristica_11206,caracteristica_11207,caracteristica_11208,caracteristica_11209,caracteristica_11210,caracteristica_11211,caracteristica_11212,caracteristica_11213,caracteristica_11214,caracteristica_11215,caracteristica_11216,caracteristica_11217,caracteristica_11218,caracteristica_11219,caracteristica_11220,caracteristica_11221,caracteristica_11222,caracteristica_11223,caracteristica_11224,caracteristica_11225,caracteristica_11226,caracteristica_11227,caracteristica_11228,caracteristica_11229,caracteristica_11230,caracteristica_11231,caracteristica_11232,caracteristica_11233,caracteristica_11234,caracteristica_11235,caracteristica_11236,caracteristica_11237,caracteristica_11238,caracteristica_11239,caracteristica_11240,caracteristica_11241,caracteristica_11242,caracteristica_11243,caracteristica_11244,caracteristica_11245,caracteristica_11246,caracteristica_11247,caracteristica_11248,caracteristica_11249,caracteristica_11250,caracteristica_11251,caracteristica_11252,caracteristica_11253,caracteristica_11254,caracteristica_11255,caracteristica_11256,caracteristica_11257,caracteristica_11258,caracteristica_11259,caracteristica_11260,caracteristica_11261,caracteristica_11262,caracteristica_11263,caracteristica_11264,caracteristica_11265,caracteristica_11266,caracteristica_11267,caracteristica_11268,caracteristica_11269,caracteristica_11270,caracteristica_11271,caracteristica_11272,caracteristica_11273,caracteristica_11274,caracteristica_11275,caracteristica_11276,caracteristica_11277,caracteristica_11278,caracteristica_11279,caracteristica_11280,caracteristica_11281,caracteristica_11282,caracteristica_11283,caracteristica_11284,caracteristica_11285,caracteristica_11286,caracteristica_11287,caracteristica_11288,caracteristica_11289,caracteristica_11290,caracteristica_11291,caracteristica_11292,caracteristica_11293,caracteristica_11294,caracteristica_11295,caracteristica_11296,caracteristica_11297,caracteristica_11298,caracteristica_11299,caracteristica_11300,caracteristica_11301,caracteristica_11302,caracteristica_11303,caracteristica_11304,caracteristica_11305,caracteristica_11306,caracteristica_11307,caracteristica_11308,caracteristica_11309,caracteristica_11310,caracteristica_11311,caracteristica_11312,caracteristica_11313,caracteristica_11314,caracteristica_11315,caracteristica_11316,caracteristica_11317,caracteristica_11318,caracteristica_11319,caracteristica_11320,caracteristica_11321,caracteristica_11322,caracteristica_11323,caracteristica_11324,caracteristica_11325,caracteristica_11326,caracteristica_11327,caracteristica_11328,caracteristica_11329,caracteristica_11330,caracteristica_11331,caracteristica_11332,caracteristica_11333,caracteristica_11334,caracteristica_11335,caracteristica_11336,caracteristica_11337,caracteristica_11338,caracteristica_11339,caracteristica_11340,caracteristica_11341,caracteristica_11342,caracteristica_11343,caracteristica_11344,caracteristica_11345,caracteristica_11346,caracteristica_11347,caracteristica_11348,caracteristica_11349,caracteristica_11350,caracteristica_11351,caracteristica_11352,caracteristica_11353,caracteristica_11354,caracteristica_11355,caracteristica_11356,caracteristica_11357,caracteristica_11358,caracteristica_11359,caracteristica_11360,caracteristica_11361,caracteristica_11362,caracteristica_11363,caracteristica_11364,caracteristica_11365,caracteristica_11366,caracteristica_11367,caracteristica_11368,caracteristica_11369,caracteristica_11370,caracteristica_11371,caracteristica_11372,caracteristica_11373,caracteristica_11374,caracteristica_11375,caracteristica_11376,caracteristica_11377,caracteristica_11378,caracteristica_11379,caracteristica_11380,caracteristica_11381,caracteristica_11382,caracteristica_11383,caracteristica_11384,caracteristica_11385,caracteristica_11386,caracteristica_11387,caracteristica_11388,caracteristica_11389,caracteristica_11390,caracteristica_11391,caracteristica_11392,caracteristica_11393,caracteristica_11394,caracteristica_11395,caracteristica_11396,caracteristica_11397,caracteristica_11398,caracteristica_11399,caracteristica_11400,caracteristica_11401,caracteristica_11402,caracteristica_11403,caracteristica_11404,caracteristica_11405,caracteristica_11406,caracteristica_11407,caracteristica_11408,caracteristica_11409,caracteristica_11410,caracteristica_11411,caracteristica_11412,caracteristica_11413,caracteristica_11414,caracteristica_11415,caracteristica_11416,caracteristica_11417,caracteristica_11418,caracteristica_11419,caracteristica_11420,caracteristica_11421,caracteristica_11422,caracteristica_11423,caracteristica_11424,caracteristica_11425,caracteristica_11426,caracteristica_11427,caracteristica_11428,caracteristica_11429,caracteristica_11430,caracteristica_11431,caracteristica_11432,caracteristica_11433,caracteristica_11434,caracteristica_11435,caracteristica_11436,caracteristica_11437,caracteristica_11438,caracteristica_11439,caracteristica_11440,caracteristica_11441,caracteristica_11442,caracteristica_11443,caracteristica_11444,caracteristica_11445,caracteristica_11446,caracteristica_11447,caracteristica_11448,caracteristica_11449,caracteristica_11450,caracteristica_11451,caracteristica_11452,caracteristica_11453,caracteristica_11454,caracteristica_11455,caracteristica_11456,caracteristica_11457,caracteristica_11458,caracteristica_11459,caracteristica_11460,caracteristica_11461,caracteristica_11462,caracteristica_11463,caracteristica_11464,caracteristica_11465,caracteristica_11466,caracteristica_11467,caracteristica_11468,caracteristica_11469,caracteristica_11470,caracteristica_11471,caracteristica_11472,caracteristica_11473,caracteristica_11474,caracteristica_11475,caracteristica_11476,caracteristica_11477,caracteristica_11478,caracteristica_11479,caracteristica_11480,caracteristica_11481,caracteristica_11482,caracteristica_11483,caracteristica_11484,caracteristica_11485,caracteristica_11486,caracteristica_11487,caracteristica_11488,caracteristica_11489,caracteristica_11490,caracteristica_11491,caracteristica_11492,caracteristica_11493,caracteristica_11494,caracteristica_11495,caracteristica_11496,caracteristica_11497,caracteristica_11498,caracteristica_11499,caracteristica_11500,caracteristica_11501,caracteristica_11502,caracteristica_11503,caracteristica_11504,caracteristica_11505,caracteristica_11506,caracteristica_11507,caracteristica_11508,caracteristica_11509,caracteristica_11510,caracteristica_11511,caracteristica_11512,caracteristica_11513,caracteristica_11514,caracteristica_11515,caracteristica_11516,caracteristica_11517,caracteristica_11518,caracteristica_11519,caracteristica_11520,caracteristica_11521,caracteristica_11522,caracteristica_11523,caracteristica_11524,caracteristica_11525,caracteristica_11526,caracteristica_11527,caracteristica_11528,caracteristica_11529,caracteristica_11530,caracteristica_11531,caracteristica_11532,caracteristica_11533,caracteristica_11534,caracteristica_11535,caracteristica_11536,caracteristica_11537,caracteristica_11538,caracteristica_11539,caracteristica_11540,caracteristica_11541,caracteristica_11542,caracteristica_11543,caracteristica_11544,caracteristica_11545,caracteristica_11546,caracteristica_11547,caracteristica_11548,caracteristica_11549,caracteristica_11550,caracteristica_11551,caracteristica_11552,caracteristica_11553,caracteristica_11554,caracteristica_11555,caracteristica_11556,caracteristica_11557,caracteristica_11558,caracteristica_11559,caracteristica_11560,caracteristica_11561,caracteristica_11562,caracteristica_11563,caracteristica_11564,caracteristica_11565,caracteristica_11566,caracteristica_11567,caracteristica_11568,caracteristica_11569,caracteristica_11570,caracteristica_11571,caracteristica_11572,caracteristica_11573,caracteristica_11574,caracteristica_11575,caracteristica_11576,caracteristica_11577,caracteristica_11578,caracteristica_11579,caracteristica_11580,caracteristica_11581,caracteristica_11582,caracteristica_11583,caracteristica_11584,caracteristica_11585,caracteristica_11586,caracteristica_11587,caracteristica_11588,caracteristica_11589,caracteristica_11590,caracteristica_11591,caracteristica_11592,caracteristica_11593,caracteristica_11594,caracteristica_11595,caracteristica_11596,caracteristica_11597,caracteristica_11598,caracteristica_11599,caracteristica_11600,caracteristica_11601,caracteristica_11602,caracteristica_11603,caracteristica_11604,caracteristica_11605,caracteristica_11606,caracteristica_11607,caracteristica_11608,caracteristica_11609,caracteristica_11610,caracteristica_11611,caracteristica_11612,caracteristica_11613,caracteristica_11614,caracteristica_11615,caracteristica_11616,caracteristica_11617,caracteristica_11618,caracteristica_11619,caracteristica_11620,caracteristica_11621,caracteristica_11622,caracteristica_11623,caracteristica_11624,caracteristica_11625,caracteristica_11626,caracteristica_11627,caracteristica_11628,caracteristica_11629,caracteristica_11630,caracteristica_11631,caracteristica_11632,caracteristica_11633,caracteristica_11634,caracteristica_11635,caracteristica_11636,caracteristica_11637,caracteristica_11638,caracteristica_11639,caracteristica_11640,caracteristica_11641,caracteristica_11642,caracteristica_11643,caracteristica_11644,caracteristica_11645,caracteristica_11646,caracteristica_11647,caracteristica_11648,caracteristica_11649,caracteristica_11650,caracteristica_11651,caracteristica_11652,caracteristica_11653,caracteristica_11654,caracteristica_11655,caracteristica_11656,caracteristica_11657,caracteristica_11658,caracteristica_11659,caracteristica_11660,caracteristica_11661,caracteristica_11662,caracteristica_11663,caracteristica_11664,caracteristica_11665,caracteristica_11666,caracteristica_11667,caracteristica_11668,caracteristica_11669,caracteristica_11670,caracteristica_11671,caracteristica_11672,caracteristica_11673,caracteristica_11674,caracteristica_11675,caracteristica_11676,caracteristica_11677,caracteristica_11678,caracteristica_11679,caracteristica_11680,caracteristica_11681,caracteristica_11682,caracteristica_11683,caracteristica_11684,caracteristica_11685,caracteristica_11686,caracteristica_11687,caracteristica_11688,caracteristica_11689,caracteristica_11690,caracteristica_11691,caracteristica_11692,caracteristica_11693,caracteristica_11694,caracteristica_11695,caracteristica_11696,caracteristica_11697,caracteristica_11698,caracteristica_11699,caracteristica_11700,caracteristica_11701,caracteristica_11702,caracteristica_11703,caracteristica_11704,caracteristica_11705,caracteristica_11706,caracteristica_11707,caracteristica_11708,caracteristica_11709,caracteristica_11710,caracteristica_11711,caracteristica_11712,caracteristica_11713,caracteristica_11714,caracteristica_11715,caracteristica_11716,caracteristica_11717,caracteristica_11718,caracteristica_11719,caracteristica_11720,caracteristica_11721,caracteristica_11722,caracteristica_11723,caracteristica_11724,caracteristica_11725,caracteristica_11726,caracteristica_11727,caracteristica_11728,caracteristica_11729,caracteristica_11730,caracteristica_11731,caracteristica_11732,caracteristica_11733,caracteristica_11734,caracteristica_11735,caracteristica_11736,caracteristica_11737,caracteristica_11738,caracteristica_11739,caracteristica_11740,caracteristica_11741,caracteristica_11742,caracteristica_11743,caracteristica_11744,caracteristica_11745,caracteristica_11746,caracteristica_11747,caracteristica_11748,caracteristica_11749,caracteristica_11750,caracteristica_11751,caracteristica_11752,caracteristica_11753,caracteristica_11754,caracteristica_11755,caracteristica_11756,caracteristica_11757,caracteristica_11758,caracteristica_11759,caracteristica_11760,caracteristica_11761,caracteristica_11762,caracteristica_11763,caracteristica_11764,caracteristica_11765,caracteristica_11766,caracteristica_11767,caracteristica_11768,caracteristica_11769,caracteristica_11770,caracteristica_11771,caracteristica_11772,caracteristica_11773,caracteristica_11774,caracteristica_11775,caracteristica_11776,caracteristica_11777,caracteristica_11778,caracteristica_11779,caracteristica_11780,caracteristica_11781,caracteristica_11782,caracteristica_11783,caracteristica_11784,caracteristica_11785,caracteristica_11786,caracteristica_11787,caracteristica_11788,caracteristica_11789,caracteristica_11790,caracteristica_11791,caracteristica_11792,caracteristica_11793,caracteristica_11794,caracteristica_11795,caracteristica_11796,caracteristica_11797,caracteristica_11798,caracteristica_11799,caracteristica_11800,caracteristica_11801,caracteristica_11802,caracteristica_11803,caracteristica_11804,caracteristica_11805,caracteristica_11806,caracteristica_11807,caracteristica_11808,caracteristica_11809,caracteristica_11810,caracteristica_11811,caracteristica_11812,caracteristica_11813,caracteristica_11814,caracteristica_11815,caracteristica_11816,caracteristica_11817,caracteristica_11818,caracteristica_11819,caracteristica_11820,caracteristica_11821,caracteristica_11822,caracteristica_11823,caracteristica_11824,caracteristica_11825,caracteristica_11826,caracteristica_11827,caracteristica_11828,caracteristica_11829,caracteristica_11830,caracteristica_11831,caracteristica_11832,caracteristica_11833,caracteristica_11834,caracteristica_11835,caracteristica_11836,caracteristica_11837,caracteristica_11838,caracteristica_11839,caracteristica_11840,caracteristica_11841,caracteristica_11842,caracteristica_11843,caracteristica_11844,caracteristica_11845,caracteristica_11846,caracteristica_11847,caracteristica_11848,caracteristica_11849,caracteristica_11850,caracteristica_11851,caracteristica_11852,caracteristica_11853,caracteristica_11854,caracteristica_11855,caracteristica_11856,caracteristica_11857,caracteristica_11858,caracteristica_11859,caracteristica_11860,caracteristica_11861,caracteristica_11862,caracteristica_11863,caracteristica_11864,caracteristica_11865,caracteristica_11866,caracteristica_11867,caracteristica_11868,caracteristica_11869,caracteristica_11870,caracteristica_11871,caracteristica_11872,caracteristica_11873,caracteristica_11874,caracteristica_11875,caracteristica_11876,caracteristica_11877,caracteristica_11878,caracteristica_11879,caracteristica_11880,caracteristica_11881,caracteristica_11882,caracteristica_11883,caracteristica_11884,caracteristica_11885,caracteristica_11886,caracteristica_11887,caracteristica_11888,caracteristica_11889,caracteristica_11890,caracteristica_11891,caracteristica_11892,caracteristica_11893,caracteristica_11894,caracteristica_11895,caracteristica_11896,caracteristica_11897,caracteristica_11898,caracteristica_11899,caracteristica_11900,caracteristica_11901,caracteristica_11902,caracteristica_11903,caracteristica_11904,caracteristica_11905,caracteristica_11906,caracteristica_11907,caracteristica_11908,caracteristica_11909,caracteristica_11910,caracteristica_11911,caracteristica_11912,caracteristica_11913,caracteristica_11914,caracteristica_11915,caracteristica_11916,caracteristica_11917,caracteristica_11918,caracteristica_11919,caracteristica_11920,caracteristica_11921,caracteristica_11922,caracteristica_11923,caracteristica_11924,caracteristica_11925,caracteristica_11926,caracteristica_11927,caracteristica_11928,caracteristica_11929,caracteristica_11930,caracteristica_11931,caracteristica_11932,caracteristica_11933,caracteristica_11934,caracteristica_11935,caracteristica_11936,caracteristica_11937,caracteristica_11938,caracteristica_11939,caracteristica_11940,caracteristica_11941,caracteristica_11942,caracteristica_11943,caracteristica_11944,caracteristica_11945,caracteristica_11946,caracteristica_11947,caracteristica_11948,caracteristica_11949,caracteristica_11950,caracteristica_11951,caracteristica_11952,caracteristica_11953,caracteristica_11954,caracteristica_11955,caracteristica_11956,caracteristica_11957,caracteristica_11958,caracteristica_11959,caracteristica_11960,caracteristica_11961,caracteristica_11962,caracteristica_11963,caracteristica_11964,caracteristica_11965,caracteristica_11966,caracteristica_11967,caracteristica_11968,caracteristica_11969,caracteristica_11970,caracteristica_11971,caracteristica_11972,caracteristica_11973,caracteristica_11974,caracteristica_11975,caracteristica_11976,caracteristica_11977,caracteristica_11978,caracteristica_11979,caracteristica_11980,caracteristica_11981,caracteristica_11982,caracteristica_11983,caracteristica_11984,caracteristica_11985,caracteristica_11986,caracteristica_11987,caracteristica_11988,caracteristica_11989,caracteristica_11990,caracteristica_11991,caracteristica_11992,caracteristica_11993,caracteristica_11994,caracteristica_11995,caracteristica_11996,caracteristica_11997,caracteristica_11998,caracteristica_11999,caracteristica_12000,caracteristica_12001,caracteristica_12002,caracteristica_12003,caracteristica_12004,caracteristica_12005,caracteristica_12006,caracteristica_12007,caracteristica_12008,caracteristica_12009,caracteristica_12010,caracteristica_12011,caracteristica_12012,caracteristica_12013,caracteristica_12014,caracteristica_12015,caracteristica_12016,caracteristica_12017,caracteristica_12018,caracteristica_12019,caracteristica_12020,caracteristica_12021,caracteristica_12022,caracteristica_12023,caracteristica_12024,caracteristica_12025,caracteristica_12026,caracteristica_12027,caracteristica_12028,caracteristica_12029,caracteristica_12030,caracteristica_12031,caracteristica_12032,caracteristica_12033,caracteristica_12034,caracteristica_12035,caracteristica_12036,caracteristica_12037,caracteristica_12038,caracteristica_12039,caracteristica_12040,caracteristica_12041,caracteristica_12042,caracteristica_12043,caracteristica_12044,caracteristica_12045,caracteristica_12046,caracteristica_12047,caracteristica_12048,caracteristica_12049,caracteristica_12050,caracteristica_12051,caracteristica_12052,caracteristica_12053,caracteristica_12054,caracteristica_12055,caracteristica_12056,caracteristica_12057,caracteristica_12058,caracteristica_12059,caracteristica_12060,caracteristica_12061,caracteristica_12062,caracteristica_12063,caracteristica_12064,caracteristica_12065,caracteristica_12066,caracteristica_12067,caracteristica_12068,caracteristica_12069,caracteristica_12070,caracteristica_12071,caracteristica_12072,caracteristica_12073,caracteristica_12074,caracteristica_12075,caracteristica_12076,caracteristica_12077,caracteristica_12078,caracteristica_12079,caracteristica_12080,caracteristica_12081,caracteristica_12082,caracteristica_12083,caracteristica_12084,caracteristica_12085,caracteristica_12086,caracteristica_12087,caracteristica_12088,caracteristica_12089,caracteristica_12090,caracteristica_12091,caracteristica_12092,caracteristica_12093,caracteristica_12094,caracteristica_12095,caracteristica_12096,caracteristica_12097,caracteristica_12098,caracteristica_12099,caracteristica_12100,caracteristica_12101,caracteristica_12102,caracteristica_12103,caracteristica_12104,caracteristica_12105,caracteristica_12106,caracteristica_12107,caracteristica_12108,caracteristica_12109,caracteristica_12110,caracteristica_12111,caracteristica_12112,caracteristica_12113,caracteristica_12114,caracteristica_12115,caracteristica_12116,caracteristica_12117,caracteristica_12118,caracteristica_12119,caracteristica_12120,caracteristica_12121,caracteristica_12122,caracteristica_12123,caracteristica_12124,caracteristica_12125,caracteristica_12126,caracteristica_12127,caracteristica_12128,caracteristica_12129,caracteristica_12130,caracteristica_12131,caracteristica_12132,caracteristica_12133,caracteristica_12134,caracteristica_12135,caracteristica_12136,caracteristica_12137,caracteristica_12138,caracteristica_12139,caracteristica_12140,caracteristica_12141,caracteristica_12142,caracteristica_12143,caracteristica_12144,caracteristica_12145,caracteristica_12146,caracteristica_12147,caracteristica_12148,caracteristica_12149,caracteristica_12150,caracteristica_12151,caracteristica_12152,caracteristica_12153,caracteristica_12154,caracteristica_12155,caracteristica_12156,caracteristica_12157,caracteristica_12158,caracteristica_12159,caracteristica_12160,caracteristica_12161,caracteristica_12162,caracteristica_12163,caracteristica_12164,caracteristica_12165,caracteristica_12166,caracteristica_12167,caracteristica_12168,caracteristica_12169,caracteristica_12170,caracteristica_12171,caracteristica_12172,caracteristica_12173,caracteristica_12174,caracteristica_12175,caracteristica_12176,caracteristica_12177,caracteristica_12178,caracteristica_12179,caracteristica_12180,caracteristica_12181,caracteristica_12182,caracteristica_12183,caracteristica_12184,caracteristica_12185,caracteristica_12186,caracteristica_12187,caracteristica_12188,caracteristica_12189,caracteristica_12190,caracteristica_12191,caracteristica_12192,caracteristica_12193,caracteristica_12194,caracteristica_12195,caracteristica_12196,caracteristica_12197,caracteristica_12198,caracteristica_12199,caracteristica_12200,caracteristica_12201,caracteristica_12202,caracteristica_12203,caracteristica_12204,caracteristica_12205,caracteristica_12206,caracteristica_12207,caracteristica_12208,caracteristica_12209,caracteristica_12210,caracteristica_12211,caracteristica_12212,caracteristica_12213,caracteristica_12214,caracteristica_12215,caracteristica_12216,caracteristica_12217,caracteristica_12218,caracteristica_12219,caracteristica_12220,caracteristica_12221,caracteristica_12222,caracteristica_12223,caracteristica_12224,caracteristica_12225,caracteristica_12226,caracteristica_12227,caracteristica_12228,caracteristica_12229,caracteristica_12230,caracteristica_12231,caracteristica_12232,caracteristica_12233,caracteristica_12234,caracteristica_12235,caracteristica_12236,caracteristica_12237,caracteristica_12238,caracteristica_12239,caracteristica_12240,caracteristica_12241,caracteristica_12242,caracteristica_12243,caracteristica_12244,caracteristica_12245,caracteristica_12246,caracteristica_12247,caracteristica_12248,caracteristica_12249,caracteristica_12250,caracteristica_12251,caracteristica_12252,caracteristica_12253,caracteristica_12254,caracteristica_12255,caracteristica_12256,caracteristica_12257,caracteristica_12258,caracteristica_12259,caracteristica_12260,caracteristica_12261,caracteristica_12262,caracteristica_12263,caracteristica_12264,caracteristica_12265,caracteristica_12266,caracteristica_12267,caracteristica_12268,caracteristica_12269,caracteristica_12270,caracteristica_12271,caracteristica_12272,caracteristica_12273,caracteristica_12274,caracteristica_12275,caracteristica_12276,caracteristica_12277,caracteristica_12278,caracteristica_12279,caracteristica_12280,caracteristica_12281,caracteristica_12282,caracteristica_12283,caracteristica_12284,caracteristica_12285,caracteristica_12286,caracteristica_12287,caracteristica_12288,caracteristica_12289,caracteristica_12290,caracteristica_12291,caracteristica_12292,caracteristica_12293,caracteristica_12294,caracteristica_12295,caracteristica_12296,caracteristica_12297,caracteristica_12298,caracteristica_12299,caracteristica_12300,caracteristica_12301,caracteristica_12302,caracteristica_12303,caracteristica_12304,caracteristica_12305,caracteristica_12306,caracteristica_12307,caracteristica_12308,caracteristica_12309,caracteristica_12310,caracteristica_12311,caracteristica_12312,caracteristica_12313,caracteristica_12314,caracteristica_12315,caracteristica_12316,caracteristica_12317,caracteristica_12318,caracteristica_12319,caracteristica_12320,caracteristica_12321,caracteristica_12322,caracteristica_12323,caracteristica_12324,caracteristica_12325,caracteristica_12326,caracteristica_12327,caracteristica_12328,caracteristica_12329,caracteristica_12330,caracteristica_12331,caracteristica_12332,caracteristica_12333,caracteristica_12334,caracteristica_12335,caracteristica_12336,caracteristica_12337,caracteristica_12338,caracteristica_12339,caracteristica_12340,caracteristica_12341,caracteristica_12342,caracteristica_12343,caracteristica_12344,caracteristica_12345,caracteristica_12346,caracteristica_12347,caracteristica_12348,caracteristica_12349,caracteristica_12350,caracteristica_12351,caracteristica_12352,caracteristica_12353,caracteristica_12354,caracteristica_12355,caracteristica_12356,caracteristica_12357,caracteristica_12358,caracteristica_12359,caracteristica_12360,caracteristica_12361,caracteristica_12362,caracteristica_12363,caracteristica_12364,caracteristica_12365,caracteristica_12366,caracteristica_12367,caracteristica_12368,caracteristica_12369,caracteristica_12370,caracteristica_12371,caracteristica_12372,caracteristica_12373,caracteristica_12374,caracteristica_12375,caracteristica_12376,caracteristica_12377,caracteristica_12378,caracteristica_12379,caracteristica_12380,caracteristica_12381,caracteristica_12382,caracteristica_12383,caracteristica_12384,caracteristica_12385,caracteristica_12386,caracteristica_12387,caracteristica_12388,caracteristica_12389,caracteristica_12390,caracteristica_12391,caracteristica_12392,caracteristica_12393,caracteristica_12394,caracteristica_12395,caracteristica_12396,caracteristica_12397,caracteristica_12398,caracteristica_12399,caracteristica_12400,caracteristica_12401,caracteristica_12402,caracteristica_12403,caracteristica_12404,caracteristica_12405,caracteristica_12406,caracteristica_12407,caracteristica_12408,caracteristica_12409,caracteristica_12410,caracteristica_12411,caracteristica_12412,caracteristica_12413,caracteristica_12414,caracteristica_12415,caracteristica_12416,caracteristica_12417,caracteristica_12418,caracteristica_12419,caracteristica_12420,caracteristica_12421,caracteristica_12422,caracteristica_12423,caracteristica_12424,caracteristica_12425,caracteristica_12426,caracteristica_12427,caracteristica_12428,caracteristica_12429,caracteristica_12430,caracteristica_12431,caracteristica_12432,caracteristica_12433,caracteristica_12434,caracteristica_12435,caracteristica_12436,caracteristica_12437,caracteristica_12438,caracteristica_12439,caracteristica_12440,caracteristica_12441,caracteristica_12442,caracteristica_12443,caracteristica_12444,caracteristica_12445,caracteristica_12446,caracteristica_12447,caracteristica_12448,caracteristica_12449,caracteristica_12450,caracteristica_12451,caracteristica_12452,caracteristica_12453,caracteristica_12454,caracteristica_12455,caracteristica_12456,caracteristica_12457,caracteristica_12458,caracteristica_12459,caracteristica_12460,caracteristica_12461,caracteristica_12462,caracteristica_12463,caracteristica_12464,caracteristica_12465,caracteristica_12466,caracteristica_12467,caracteristica_12468,caracteristica_12469,caracteristica_12470,caracteristica_12471,caracteristica_12472,caracteristica_12473,caracteristica_12474,caracteristica_12475,caracteristica_12476,caracteristica_12477,caracteristica_12478,caracteristica_12479,caracteristica_12480,caracteristica_12481,caracteristica_12482,caracteristica_12483,caracteristica_12484,caracteristica_12485,caracteristica_12486,caracteristica_12487,caracteristica_12488,caracteristica_12489,caracteristica_12490,caracteristica_12491,caracteristica_12492,caracteristica_12493,caracteristica_12494,caracteristica_12495,caracteristica_12496,caracteristica_12497,caracteristica_12498,caracteristica_12499,caracteristica_12500,caracteristica_12501,caracteristica_12502,caracteristica_12503,caracteristica_12504,caracteristica_12505,caracteristica_12506,caracteristica_12507,caracteristica_12508,caracteristica_12509,caracteristica_12510,caracteristica_12511,caracteristica_12512,caracteristica_12513,caracteristica_12514,caracteristica_12515,caracteristica_12516,caracteristica_12517,caracteristica_12518,caracteristica_12519,caracteristica_12520,caracteristica_12521,caracteristica_12522,caracteristica_12523,caracteristica_12524,caracteristica_12525,caracteristica_12526,caracteristica_12527,caracteristica_12528,caracteristica_12529,caracteristica_12530,caracteristica_12531,caracteristica_12532,caracteristica_12533,caracteristica_12534,caracteristica_12535,caracteristica_12536,caracteristica_12537,caracteristica_12538,caracteristica_12539,caracteristica_12540,caracteristica_12541,caracteristica_12542,caracteristica_12543,caracteristica_12544,caracteristica_12545,caracteristica_12546,caracteristica_12547,caracteristica_12548,caracteristica_12549,caracteristica_12550,caracteristica_12551,caracteristica_12552,caracteristica_12553,caracteristica_12554,caracteristica_12555,caracteristica_12556,caracteristica_12557,caracteristica_12558,caracteristica_12559,caracteristica_12560,caracteristica_12561,caracteristica_12562,caracteristica_12563,caracteristica_12564,caracteristica_12565,caracteristica_12566,caracteristica_12567,caracteristica_12568,caracteristica_12569,caracteristica_12570,caracteristica_12571,caracteristica_12572,caracteristica_12573,caracteristica_12574,caracteristica_12575,caracteristica_12576,caracteristica_12577,caracteristica_12578,caracteristica_12579,caracteristica_12580,caracteristica_12581,caracteristica_12582,caracteristica_12583,caracteristica_12584,caracteristica_12585,caracteristica_12586,caracteristica_12587,caracteristica_12588,caracteristica_12589,caracteristica_12590,caracteristica_12591,caracteristica_12592,caracteristica_12593,caracteristica_12594,caracteristica_12595,caracteristica_12596,caracteristica_12597,caracteristica_12598,caracteristica_12599,caracteristica_12600,caracteristica_12601,caracteristica_12602,caracteristica_12603,caracteristica_12604,caracteristica_12605,caracteristica_12606,caracteristica_12607,caracteristica_12608,caracteristica_12609,caracteristica_12610,caracteristica_12611,caracteristica_12612,caracteristica_12613,caracteristica_12614,caracteristica_12615,caracteristica_12616,caracteristica_12617,caracteristica_12618,caracteristica_12619,caracteristica_12620,caracteristica_12621,caracteristica_12622,caracteristica_12623,caracteristica_12624,caracteristica_12625,caracteristica_12626,caracteristica_12627,caracteristica_12628,caracteristica_12629,caracteristica_12630,caracteristica_12631,caracteristica_12632,caracteristica_12633,caracteristica_12634,caracteristica_12635,caracteristica_12636,caracteristica_12637,caracteristica_12638,caracteristica_12639,caracteristica_12640,caracteristica_12641,caracteristica_12642,caracteristica_12643,caracteristica_12644,caracteristica_12645,caracteristica_12646,caracteristica_12647,caracteristica_12648,caracteristica_12649,caracteristica_12650,caracteristica_12651,caracteristica_12652,caracteristica_12653,caracteristica_12654,caracteristica_12655,caracteristica_12656,caracteristica_12657,caracteristica_12658,caracteristica_12659,caracteristica_12660,caracteristica_12661,caracteristica_12662,caracteristica_12663,caracteristica_12664,caracteristica_12665,caracteristica_12666,caracteristica_12667,caracteristica_12668,caracteristica_12669,caracteristica_12670,caracteristica_12671,caracteristica_12672,caracteristica_12673,caracteristica_12674,caracteristica_12675,caracteristica_12676,caracteristica_12677,caracteristica_12678,caracteristica_12679,caracteristica_12680,caracteristica_12681,caracteristica_12682,caracteristica_12683,caracteristica_12684,caracteristica_12685,caracteristica_12686,caracteristica_12687,caracteristica_12688,caracteristica_12689,caracteristica_12690,caracteristica_12691,caracteristica_12692,caracteristica_12693,caracteristica_12694,caracteristica_12695,caracteristica_12696,caracteristica_12697,caracteristica_12698,caracteristica_12699,caracteristica_12700,caracteristica_12701,caracteristica_12702,caracteristica_12703,caracteristica_12704,caracteristica_12705,caracteristica_12706,caracteristica_12707,caracteristica_12708,caracteristica_12709,caracteristica_12710,caracteristica_12711,caracteristica_12712,caracteristica_12713,caracteristica_12714,caracteristica_12715,caracteristica_12716,caracteristica_12717,caracteristica_12718,caracteristica_12719,caracteristica_12720,caracteristica_12721,caracteristica_12722,caracteristica_12723,caracteristica_12724,caracteristica_12725,caracteristica_12726,caracteristica_12727,caracteristica_12728,caracteristica_12729,caracteristica_12730,caracteristica_12731,caracteristica_12732,caracteristica_12733,caracteristica_12734,caracteristica_12735,caracteristica_12736,caracteristica_12737,caracteristica_12738,caracteristica_12739,caracteristica_12740,caracteristica_12741,caracteristica_12742,caracteristica_12743,caracteristica_12744,caracteristica_12745,caracteristica_12746,caracteristica_12747,caracteristica_12748,caracteristica_12749,caracteristica_12750,caracteristica_12751,caracteristica_12752,caracteristica_12753,caracteristica_12754,caracteristica_12755,caracteristica_12756,caracteristica_12757,caracteristica_12758,caracteristica_12759,caracteristica_12760,caracteristica_12761,caracteristica_12762,caracteristica_12763,caracteristica_12764,caracteristica_12765,caracteristica_12766,caracteristica_12767,caracteristica_12768,caracteristica_12769,caracteristica_12770,caracteristica_12771,caracteristica_12772,caracteristica_12773,caracteristica_12774,caracteristica_12775,caracteristica_12776,caracteristica_12777,caracteristica_12778,caracteristica_12779,caracteristica_12780,caracteristica_12781,caracteristica_12782,caracteristica_12783,caracteristica_12784,caracteristica_12785,caracteristica_12786,caracteristica_12787,caracteristica_12788,caracteristica_12789,caracteristica_12790,caracteristica_12791,caracteristica_12792,caracteristica_12793,caracteristica_12794,caracteristica_12795,caracteristica_12796,caracteristica_12797,caracteristica_12798,caracteristica_12799,caracteristica_12800,caracteristica_12801,caracteristica_12802,caracteristica_12803,caracteristica_12804,caracteristica_12805,caracteristica_12806,caracteristica_12807,caracteristica_12808,caracteristica_12809,caracteristica_12810,caracteristica_12811,caracteristica_12812,caracteristica_12813,caracteristica_12814,caracteristica_12815,caracteristica_12816,caracteristica_12817,caracteristica_12818,caracteristica_12819,caracteristica_12820,caracteristica_12821,caracteristica_12822,caracteristica_12823,caracteristica_12824,caracteristica_12825,caracteristica_12826,caracteristica_12827,caracteristica_12828,caracteristica_12829,caracteristica_12830,caracteristica_12831,caracteristica_12832,caracteristica_12833,caracteristica_12834,caracteristica_12835,caracteristica_12836,caracteristica_12837,caracteristica_12838,caracteristica_12839,caracteristica_12840,caracteristica_12841,caracteristica_12842,caracteristica_12843,caracteristica_12844,caracteristica_12845,caracteristica_12846,caracteristica_12847,caracteristica_12848,caracteristica_12849,caracteristica_12850,caracteristica_12851,caracteristica_12852,caracteristica_12853,caracteristica_12854,caracteristica_12855,caracteristica_12856,caracteristica_12857,caracteristica_12858,caracteristica_12859,caracteristica_12860,caracteristica_12861,caracteristica_12862,caracteristica_12863,caracteristica_12864,caracteristica_12865,caracteristica_12866,caracteristica_12867,caracteristica_12868,caracteristica_12869,caracteristica_12870,caracteristica_12871,caracteristica_12872,caracteristica_12873,caracteristica_12874,caracteristica_12875,caracteristica_12876,caracteristica_12877,caracteristica_12878,caracteristica_12879,caracteristica_12880,caracteristica_12881,caracteristica_12882,caracteristica_12883,caracteristica_12884,caracteristica_12885,caracteristica_12886,caracteristica_12887,caracteristica_12888,caracteristica_12889,caracteristica_12890,caracteristica_12891,caracteristica_12892,caracteristica_12893,caracteristica_12894,caracteristica_12895,caracteristica_12896,caracteristica_12897,caracteristica_12898,caracteristica_12899,caracteristica_12900,caracteristica_12901,caracteristica_12902,caracteristica_12903,caracteristica_12904,caracteristica_12905,caracteristica_12906,caracteristica_12907,caracteristica_12908,caracteristica_12909,caracteristica_12910,caracteristica_12911,caracteristica_12912,caracteristica_12913,caracteristica_12914,caracteristica_12915,caracteristica_12916,caracteristica_12917,caracteristica_12918,caracteristica_12919,caracteristica_12920,caracteristica_12921,caracteristica_12922,caracteristica_12923,caracteristica_12924,caracteristica_12925,caracteristica_12926,caracteristica_12927,caracteristica_12928,caracteristica_12929,caracteristica_12930,caracteristica_12931,caracteristica_12932,caracteristica_12933,caracteristica_12934,caracteristica_12935,caracteristica_12936,caracteristica_12937,caracteristica_12938,caracteristica_12939,caracteristica_12940,caracteristica_12941,caracteristica_12942,caracteristica_12943,caracteristica_12944,caracteristica_12945,caracteristica_12946,caracteristica_12947,caracteristica_12948,caracteristica_12949,caracteristica_12950,caracteristica_12951,caracteristica_12952,caracteristica_12953,caracteristica_12954,caracteristica_12955,caracteristica_12956,caracteristica_12957,caracteristica_12958,caracteristica_12959,caracteristica_12960,caracteristica_12961,caracteristica_12962,caracteristica_12963,caracteristica_12964,caracteristica_12965,caracteristica_12966,caracteristica_12967,caracteristica_12968,caracteristica_12969,caracteristica_12970,caracteristica_12971,caracteristica_12972,caracteristica_12973,caracteristica_12974,caracteristica_12975,caracteristica_12976,caracteristica_12977,caracteristica_12978,caracteristica_12979,caracteristica_12980,caracteristica_12981,caracteristica_12982,caracteristica_12983,caracteristica_12984,caracteristica_12985,caracteristica_12986,caracteristica_12987,caracteristica_12988,caracteristica_12989,caracteristica_12990,caracteristica_12991,caracteristica_12992,caracteristica_12993,caracteristica_12994,caracteristica_12995,caracteristica_12996,caracteristica_12997,caracteristica_12998,caracteristica_12999,caracteristica_13000,caracteristica_13001,caracteristica_13002,caracteristica_13003,caracteristica_13004,caracteristica_13005,caracteristica_13006,caracteristica_13007,caracteristica_13008,caracteristica_13009,caracteristica_13010,caracteristica_13011,caracteristica_13012,caracteristica_13013,caracteristica_13014,caracteristica_13015,caracteristica_13016,caracteristica_13017,caracteristica_13018,caracteristica_13019,caracteristica_13020,caracteristica_13021,caracteristica_13022,caracteristica_13023,caracteristica_13024,caracteristica_13025,caracteristica_13026,caracteristica_13027,caracteristica_13028,caracteristica_13029,caracteristica_13030,caracteristica_13031,caracteristica_13032,caracteristica_13033,caracteristica_13034,caracteristica_13035,caracteristica_13036,caracteristica_13037,caracteristica_13038,caracteristica_13039,caracteristica_13040,caracteristica_13041,caracteristica_13042,caracteristica_13043,caracteristica_13044,caracteristica_13045,caracteristica_13046,caracteristica_13047,caracteristica_13048,caracteristica_13049,caracteristica_13050,caracteristica_13051,caracteristica_13052,caracteristica_13053,caracteristica_13054,caracteristica_13055,caracteristica_13056,caracteristica_13057,caracteristica_13058,caracteristica_13059,caracteristica_13060,caracteristica_13061,caracteristica_13062,caracteristica_13063,caracteristica_13064,caracteristica_13065,caracteristica_13066,caracteristica_13067,caracteristica_13068,caracteristica_13069,caracteristica_13070,caracteristica_13071,caracteristica_13072,caracteristica_13073,caracteristica_13074,caracteristica_13075,caracteristica_13076,caracteristica_13077,caracteristica_13078,caracteristica_13079,caracteristica_13080,caracteristica_13081,caracteristica_13082,caracteristica_13083,caracteristica_13084,caracteristica_13085,caracteristica_13086,caracteristica_13087,caracteristica_13088,caracteristica_13089,caracteristica_13090,caracteristica_13091,caracteristica_13092,caracteristica_13093,caracteristica_13094,caracteristica_13095,caracteristica_13096,caracteristica_13097,caracteristica_13098,caracteristica_13099,caracteristica_13100,caracteristica_13101,caracteristica_13102,caracteristica_13103,caracteristica_13104,caracteristica_13105,caracteristica_13106,caracteristica_13107,caracteristica_13108,caracteristica_13109,caracteristica_13110,caracteristica_13111,caracteristica_13112,caracteristica_13113,caracteristica_13114,caracteristica_13115,caracteristica_13116,caracteristica_13117,caracteristica_13118,caracteristica_13119,caracteristica_13120,caracteristica_13121,caracteristica_13122,caracteristica_13123,caracteristica_13124,caracteristica_13125,caracteristica_13126,caracteristica_13127,caracteristica_13128,caracteristica_13129,caracteristica_13130,caracteristica_13131,caracteristica_13132,caracteristica_13133,caracteristica_13134,caracteristica_13135,caracteristica_13136,caracteristica_13137,caracteristica_13138,caracteristica_13139,caracteristica_13140,caracteristica_13141,caracteristica_13142,caracteristica_13143,caracteristica_13144,caracteristica_13145,caracteristica_13146,caracteristica_13147,caracteristica_13148,caracteristica_13149,caracteristica_13150,caracteristica_13151,caracteristica_13152,caracteristica_13153,caracteristica_13154,caracteristica_13155,caracteristica_13156,caracteristica_13157,caracteristica_13158,caracteristica_13159,caracteristica_13160,caracteristica_13161,caracteristica_13162,caracteristica_13163,caracteristica_13164,caracteristica_13165,caracteristica_13166,caracteristica_13167,caracteristica_13168,caracteristica_13169,caracteristica_13170,caracteristica_13171,caracteristica_13172,caracteristica_13173,caracteristica_13174,caracteristica_13175,caracteristica_13176,caracteristica_13177,caracteristica_13178,caracteristica_13179,caracteristica_13180,caracteristica_13181,caracteristica_13182,caracteristica_13183,caracteristica_13184,caracteristica_13185,caracteristica_13186,caracteristica_13187,caracteristica_13188,caracteristica_13189,caracteristica_13190,caracteristica_13191,caracteristica_13192,caracteristica_13193,caracteristica_13194,caracteristica_13195,caracteristica_13196,caracteristica_13197,caracteristica_13198,caracteristica_13199,caracteristica_13200,caracteristica_13201,caracteristica_13202,caracteristica_13203,caracteristica_13204,caracteristica_13205,caracteristica_13206,caracteristica_13207,caracteristica_13208,caracteristica_13209,caracteristica_13210,caracteristica_13211,caracteristica_13212,caracteristica_13213,caracteristica_13214,caracteristica_13215,caracteristica_13216,caracteristica_13217,caracteristica_13218,caracteristica_13219,caracteristica_13220,caracteristica_13221,caracteristica_13222,caracteristica_13223,caracteristica_13224,caracteristica_13225,caracteristica_13226,caracteristica_13227,caracteristica_13228,caracteristica_13229,caracteristica_13230,caracteristica_13231,caracteristica_13232,caracteristica_13233,caracteristica_13234,caracteristica_13235,caracteristica_13236,caracteristica_13237,caracteristica_13238,caracteristica_13239,caracteristica_13240,caracteristica_13241,caracteristica_13242,caracteristica_13243,caracteristica_13244,caracteristica_13245,caracteristica_13246,caracteristica_13247,caracteristica_13248,caracteristica_13249,caracteristica_13250,caracteristica_13251,caracteristica_13252,caracteristica_13253,caracteristica_13254,caracteristica_13255,caracteristica_13256,caracteristica_13257,caracteristica_13258,caracteristica_13259,caracteristica_13260,caracteristica_13261,caracteristica_13262,caracteristica_13263,caracteristica_13264,caracteristica_13265,caracteristica_13266,caracteristica_13267,caracteristica_13268,caracteristica_13269,caracteristica_13270,caracteristica_13271,caracteristica_13272,caracteristica_13273,caracteristica_13274,caracteristica_13275,caracteristica_13276,caracteristica_13277,caracteristica_13278,caracteristica_13279,caracteristica_13280,caracteristica_13281,caracteristica_13282,caracteristica_13283,caracteristica_13284,caracteristica_13285,caracteristica_13286,caracteristica_13287,caracteristica_13288,caracteristica_13289,caracteristica_13290,caracteristica_13291,caracteristica_13292,caracteristica_13293,caracteristica_13294,caracteristica_13295,caracteristica_13296,caracteristica_13297,caracteristica_13298,caracteristica_13299,caracteristica_13300,caracteristica_13301,caracteristica_13302,caracteristica_13303,caracteristica_13304,caracteristica_13305,caracteristica_13306,caracteristica_13307,caracteristica_13308,caracteristica_13309,caracteristica_13310,caracteristica_13311,caracteristica_13312,caracteristica_13313,caracteristica_13314,caracteristica_13315,caracteristica_13316,caracteristica_13317,caracteristica_13318,caracteristica_13319,caracteristica_13320,caracteristica_13321,caracteristica_13322,caracteristica_13323,caracteristica_13324,caracteristica_13325,caracteristica_13326,caracteristica_13327,caracteristica_13328,caracteristica_13329,caracteristica_13330,caracteristica_13331,caracteristica_13332,caracteristica_13333,caracteristica_13334,caracteristica_13335,caracteristica_13336,caracteristica_13337,caracteristica_13338,caracteristica_13339,caracteristica_13340,caracteristica_13341,caracteristica_13342,caracteristica_13343,caracteristica_13344,caracteristica_13345,caracteristica_13346,caracteristica_13347,caracteristica_13348,caracteristica_13349,caracteristica_13350,caracteristica_13351,caracteristica_13352,caracteristica_13353,caracteristica_13354,caracteristica_13355,caracteristica_13356,caracteristica_13357,caracteristica_13358,caracteristica_13359,caracteristica_13360,caracteristica_13361,caracteristica_13362,caracteristica_13363,caracteristica_13364,caracteristica_13365,caracteristica_13366,caracteristica_13367,caracteristica_13368,caracteristica_13369,caracteristica_13370,caracteristica_13371,caracteristica_13372,caracteristica_13373,caracteristica_13374,caracteristica_13375,caracteristica_13376,caracteristica_13377,caracteristica_13378,caracteristica_13379,caracteristica_13380,caracteristica_13381,caracteristica_13382,caracteristica_13383,caracteristica_13384,caracteristica_13385,caracteristica_13386,caracteristica_13387,caracteristica_13388,caracteristica_13389,caracteristica_13390,caracteristica_13391,caracteristica_13392,caracteristica_13393,caracteristica_13394,caracteristica_13395,caracteristica_13396,caracteristica_13397,caracteristica_13398,caracteristica_13399,caracteristica_13400,caracteristica_13401,caracteristica_13402,caracteristica_13403,caracteristica_13404,caracteristica_13405,caracteristica_13406,caracteristica_13407,caracteristica_13408,caracteristica_13409,caracteristica_13410,caracteristica_13411,caracteristica_13412,caracteristica_13413,caracteristica_13414,caracteristica_13415,caracteristica_13416,caracteristica_13417,caracteristica_13418,caracteristica_13419,caracteristica_13420,caracteristica_13421,caracteristica_13422,caracteristica_13423,caracteristica_13424,caracteristica_13425,caracteristica_13426,caracteristica_13427,caracteristica_13428,caracteristica_13429,caracteristica_13430,caracteristica_13431,caracteristica_13432,caracteristica_13433,caracteristica_13434,caracteristica_13435,caracteristica_13436,caracteristica_13437,caracteristica_13438,caracteristica_13439,caracteristica_13440,caracteristica_13441,caracteristica_13442,caracteristica_13443,caracteristica_13444,caracteristica_13445,caracteristica_13446,caracteristica_13447,caracteristica_13448,caracteristica_13449,caracteristica_13450,caracteristica_13451,caracteristica_13452,caracteristica_13453,caracteristica_13454,caracteristica_13455,caracteristica_13456,caracteristica_13457,caracteristica_13458,caracteristica_13459,caracteristica_13460,caracteristica_13461,caracteristica_13462,caracteristica_13463,caracteristica_13464,caracteristica_13465,caracteristica_13466,caracteristica_13467,caracteristica_13468,caracteristica_13469,caracteristica_13470,caracteristica_13471,caracteristica_13472,caracteristica_13473,caracteristica_13474,caracteristica_13475,caracteristica_13476,caracteristica_13477,caracteristica_13478,caracteristica_13479,caracteristica_13480,caracteristica_13481,caracteristica_13482,caracteristica_13483,caracteristica_13484,caracteristica_13485,caracteristica_13486,caracteristica_13487,caracteristica_13488,caracteristica_13489,caracteristica_13490,caracteristica_13491,caracteristica_13492,caracteristica_13493,caracteristica_13494,caracteristica_13495,caracteristica_13496,caracteristica_13497,caracteristica_13498,caracteristica_13499,caracteristica_13500,caracteristica_13501,caracteristica_13502,caracteristica_13503,caracteristica_13504,caracteristica_13505,caracteristica_13506,caracteristica_13507,caracteristica_13508,caracteristica_13509,caracteristica_13510,caracteristica_13511,caracteristica_13512,caracteristica_13513,caracteristica_13514,caracteristica_13515,caracteristica_13516,caracteristica_13517,caracteristica_13518,caracteristica_13519,caracteristica_13520,caracteristica_13521,caracteristica_13522,caracteristica_13523,caracteristica_13524,caracteristica_13525,caracteristica_13526,caracteristica_13527,caracteristica_13528,caracteristica_13529,caracteristica_13530,caracteristica_13531,caracteristica_13532,caracteristica_13533,caracteristica_13534,caracteristica_13535,caracteristica_13536,caracteristica_13537,caracteristica_13538,caracteristica_13539,caracteristica_13540,caracteristica_13541,caracteristica_13542,caracteristica_13543,caracteristica_13544,caracteristica_13545,caracteristica_13546,caracteristica_13547,caracteristica_13548,caracteristica_13549,caracteristica_13550,caracteristica_13551,caracteristica_13552,caracteristica_13553,caracteristica_13554,caracteristica_13555,caracteristica_13556,caracteristica_13557,caracteristica_13558,caracteristica_13559,caracteristica_13560,caracteristica_13561,caracteristica_13562,caracteristica_13563,caracteristica_13564,caracteristica_13565,caracteristica_13566,caracteristica_13567,caracteristica_13568,caracteristica_13569,caracteristica_13570,caracteristica_13571,caracteristica_13572,caracteristica_13573,caracteristica_13574,caracteristica_13575,caracteristica_13576,caracteristica_13577,caracteristica_13578,caracteristica_13579,caracteristica_13580,caracteristica_13581,caracteristica_13582,caracteristica_13583,caracteristica_13584,caracteristica_13585,caracteristica_13586,caracteristica_13587,caracteristica_13588,caracteristica_13589,caracteristica_13590,caracteristica_13591,caracteristica_13592,caracteristica_13593,caracteristica_13594,caracteristica_13595,caracteristica_13596,caracteristica_13597,caracteristica_13598,caracteristica_13599,caracteristica_13600,caracteristica_13601,caracteristica_13602,caracteristica_13603,caracteristica_13604,caracteristica_13605,caracteristica_13606,caracteristica_13607,caracteristica_13608,caracteristica_13609,caracteristica_13610,caracteristica_13611,caracteristica_13612,caracteristica_13613,caracteristica_13614,caracteristica_13615,caracteristica_13616,caracteristica_13617,caracteristica_13618,caracteristica_13619,caracteristica_13620,caracteristica_13621,caracteristica_13622,caracteristica_13623,caracteristica_13624,caracteristica_13625,caracteristica_13626,caracteristica_13627,caracteristica_13628,caracteristica_13629,caracteristica_13630,caracteristica_13631,caracteristica_13632,caracteristica_13633,caracteristica_13634,caracteristica_13635,caracteristica_13636,caracteristica_13637,caracteristica_13638,caracteristica_13639,caracteristica_13640,caracteristica_13641,caracteristica_13642,caracteristica_13643,caracteristica_13644,caracteristica_13645,caracteristica_13646,caracteristica_13647,caracteristica_13648,caracteristica_13649,caracteristica_13650,caracteristica_13651,caracteristica_13652,caracteristica_13653,caracteristica_13654,caracteristica_13655,caracteristica_13656,caracteristica_13657,caracteristica_13658,caracteristica_13659,caracteristica_13660,caracteristica_13661,caracteristica_13662,caracteristica_13663,caracteristica_13664,caracteristica_13665,caracteristica_13666,caracteristica_13667,caracteristica_13668,caracteristica_13669,caracteristica_13670,caracteristica_13671,caracteristica_13672,caracteristica_13673,caracteristica_13674,caracteristica_13675,caracteristica_13676,caracteristica_13677,caracteristica_13678,caracteristica_13679,caracteristica_13680,caracteristica_13681,caracteristica_13682,caracteristica_13683,caracteristica_13684,caracteristica_13685,caracteristica_13686,caracteristica_13687,caracteristica_13688,caracteristica_13689,caracteristica_13690,caracteristica_13691,caracteristica_13692,caracteristica_13693,caracteristica_13694,caracteristica_13695,caracteristica_13696,caracteristica_13697,caracteristica_13698,caracteristica_13699,caracteristica_13700,caracteristica_13701,caracteristica_13702,caracteristica_13703,caracteristica_13704,caracteristica_13705,caracteristica_13706,caracteristica_13707,caracteristica_13708,caracteristica_13709,caracteristica_13710,caracteristica_13711,caracteristica_13712,caracteristica_13713,caracteristica_13714,caracteristica_13715,caracteristica_13716,caracteristica_13717,caracteristica_13718,caracteristica_13719,caracteristica_13720,caracteristica_13721,caracteristica_13722,caracteristica_13723,caracteristica_13724,caracteristica_13725,caracteristica_13726,caracteristica_13727,caracteristica_13728,caracteristica_13729,caracteristica_13730,caracteristica_13731,caracteristica_13732,caracteristica_13733,caracteristica_13734,caracteristica_13735,caracteristica_13736,caracteristica_13737,caracteristica_13738,caracteristica_13739,caracteristica_13740,caracteristica_13741,caracteristica_13742,caracteristica_13743,caracteristica_13744,caracteristica_13745,caracteristica_13746,caracteristica_13747,caracteristica_13748,caracteristica_13749,caracteristica_13750,caracteristica_13751,caracteristica_13752,caracteristica_13753,caracteristica_13754,caracteristica_13755,caracteristica_13756,caracteristica_13757,caracteristica_13758,caracteristica_13759,caracteristica_13760,caracteristica_13761,caracteristica_13762,caracteristica_13763,caracteristica_13764,caracteristica_13765,caracteristica_13766,caracteristica_13767,caracteristica_13768,caracteristica_13769,caracteristica_13770,caracteristica_13771,caracteristica_13772,caracteristica_13773,caracteristica_13774,caracteristica_13775,caracteristica_13776,caracteristica_13777,caracteristica_13778,caracteristica_13779,caracteristica_13780,caracteristica_13781,caracteristica_13782,caracteristica_13783,caracteristica_13784,caracteristica_13785,caracteristica_13786,caracteristica_13787,caracteristica_13788,caracteristica_13789,caracteristica_13790,caracteristica_13791,caracteristica_13792,caracteristica_13793,caracteristica_13794,caracteristica_13795,caracteristica_13796,caracteristica_13797,caracteristica_13798,caracteristica_13799,caracteristica_13800,caracteristica_13801,caracteristica_13802,caracteristica_13803,caracteristica_13804,caracteristica_13805,caracteristica_13806,caracteristica_13807,caracteristica_13808,caracteristica_13809,caracteristica_13810,caracteristica_13811,caracteristica_13812,caracteristica_13813,caracteristica_13814,caracteristica_13815,caracteristica_13816,caracteristica_13817,caracteristica_13818,caracteristica_13819,caracteristica_13820,caracteristica_13821,caracteristica_13822,caracteristica_13823,caracteristica_13824,caracteristica_13825,caracteristica_13826,caracteristica_13827,caracteristica_13828,caracteristica_13829,caracteristica_13830,caracteristica_13831,caracteristica_13832,caracteristica_13833,caracteristica_13834,caracteristica_13835,caracteristica_13836,caracteristica_13837,caracteristica_13838,caracteristica_13839,caracteristica_13840,caracteristica_13841,caracteristica_13842,caracteristica_13843,caracteristica_13844,caracteristica_13845,caracteristica_13846,caracteristica_13847,caracteristica_13848,caracteristica_13849,caracteristica_13850,caracteristica_13851,caracteristica_13852,caracteristica_13853,caracteristica_13854,caracteristica_13855,caracteristica_13856,caracteristica_13857,caracteristica_13858,caracteristica_13859,caracteristica_13860,caracteristica_13861,caracteristica_13862,caracteristica_13863,caracteristica_13864,caracteristica_13865,caracteristica_13866,caracteristica_13867,caracteristica_13868,caracteristica_13869,caracteristica_13870,caracteristica_13871,caracteristica_13872,caracteristica_13873,caracteristica_13874,caracteristica_13875,caracteristica_13876,caracteristica_13877,caracteristica_13878,caracteristica_13879,caracteristica_13880,caracteristica_13881,caracteristica_13882,caracteristica_13883,caracteristica_13884,caracteristica_13885,caracteristica_13886,caracteristica_13887,caracteristica_13888,caracteristica_13889,caracteristica_13890,caracteristica_13891,caracteristica_13892,caracteristica_13893,caracteristica_13894,caracteristica_13895,caracteristica_13896,caracteristica_13897,caracteristica_13898,caracteristica_13899,caracteristica_13900,caracteristica_13901,caracteristica_13902,caracteristica_13903,caracteristica_13904,caracteristica_13905,caracteristica_13906,caracteristica_13907,caracteristica_13908,caracteristica_13909,caracteristica_13910,caracteristica_13911,caracteristica_13912,caracteristica_13913,caracteristica_13914,caracteristica_13915,caracteristica_13916,caracteristica_13917,caracteristica_13918,caracteristica_13919,caracteristica_13920,caracteristica_13921,caracteristica_13922,caracteristica_13923,caracteristica_13924,caracteristica_13925,caracteristica_13926,caracteristica_13927,caracteristica_13928,caracteristica_13929,caracteristica_13930,caracteristica_13931,caracteristica_13932,caracteristica_13933,caracteristica_13934,caracteristica_13935,caracteristica_13936,caracteristica_13937,caracteristica_13938,caracteristica_13939,caracteristica_13940,caracteristica_13941,caracteristica_13942,caracteristica_13943,caracteristica_13944,caracteristica_13945,caracteristica_13946,caracteristica_13947,caracteristica_13948,caracteristica_13949,caracteristica_13950,caracteristica_13951,caracteristica_13952,caracteristica_13953,caracteristica_13954,caracteristica_13955,caracteristica_13956,caracteristica_13957,caracteristica_13958,caracteristica_13959,caracteristica_13960,caracteristica_13961,caracteristica_13962,caracteristica_13963,caracteristica_13964,caracteristica_13965,caracteristica_13966,caracteristica_13967,caracteristica_13968,caracteristica_13969,caracteristica_13970,caracteristica_13971,caracteristica_13972,caracteristica_13973,caracteristica_13974,caracteristica_13975,caracteristica_13976,caracteristica_13977,caracteristica_13978,caracteristica_13979,caracteristica_13980,caracteristica_13981,caracteristica_13982,caracteristica_13983,caracteristica_13984,caracteristica_13985,caracteristica_13986,caracteristica_13987,caracteristica_13988,caracteristica_13989,caracteristica_13990,caracteristica_13991,caracteristica_13992,caracteristica_13993,caracteristica_13994,caracteristica_13995,caracteristica_13996,caracteristica_13997,caracteristica_13998,caracteristica_13999,caracteristica_14000,caracteristica_14001,caracteristica_14002,caracteristica_14003,caracteristica_14004,caracteristica_14005,caracteristica_14006,caracteristica_14007,caracteristica_14008,caracteristica_14009,caracteristica_14010,caracteristica_14011,caracteristica_14012,caracteristica_14013,caracteristica_14014,caracteristica_14015,caracteristica_14016,caracteristica_14017,caracteristica_14018,caracteristica_14019,caracteristica_14020,caracteristica_14021,caracteristica_14022,caracteristica_14023,caracteristica_14024,caracteristica_14025,caracteristica_14026,caracteristica_14027,caracteristica_14028,caracteristica_14029,caracteristica_14030,caracteristica_14031,caracteristica_14032,caracteristica_14033,caracteristica_14034,caracteristica_14035,caracteristica_14036,caracteristica_14037,caracteristica_14038,caracteristica_14039,caracteristica_14040,caracteristica_14041,caracteristica_14042,caracteristica_14043,caracteristica_14044,caracteristica_14045,caracteristica_14046,caracteristica_14047,caracteristica_14048,caracteristica_14049,caracteristica_14050,caracteristica_14051,caracteristica_14052,caracteristica_14053,caracteristica_14054,caracteristica_14055,caracteristica_14056,caracteristica_14057,caracteristica_14058,caracteristica_14059,caracteristica_14060,caracteristica_14061,caracteristica_14062,caracteristica_14063,caracteristica_14064,caracteristica_14065,caracteristica_14066,caracteristica_14067,caracteristica_14068,caracteristica_14069,caracteristica_14070,caracteristica_14071,caracteristica_14072,caracteristica_14073,caracteristica_14074,caracteristica_14075,caracteristica_14076,caracteristica_14077,caracteristica_14078,caracteristica_14079,caracteristica_14080,caracteristica_14081,caracteristica_14082,caracteristica_14083,caracteristica_14084,caracteristica_14085,caracteristica_14086,caracteristica_14087,caracteristica_14088,caracteristica_14089,caracteristica_14090,caracteristica_14091,caracteristica_14092,caracteristica_14093,caracteristica_14094,caracteristica_14095,caracteristica_14096,caracteristica_14097,caracteristica_14098,caracteristica_14099,caracteristica_14100,caracteristica_14101,caracteristica_14102,caracteristica_14103,caracteristica_14104,caracteristica_14105,caracteristica_14106,caracteristica_14107,caracteristica_14108,caracteristica_14109,caracteristica_14110,caracteristica_14111,caracteristica_14112,caracteristica_14113,caracteristica_14114,caracteristica_14115,caracteristica_14116,caracteristica_14117,caracteristica_14118,caracteristica_14119,caracteristica_14120,caracteristica_14121,caracteristica_14122,caracteristica_14123,caracteristica_14124,caracteristica_14125,caracteristica_14126,caracteristica_14127,caracteristica_14128,caracteristica_14129,caracteristica_14130,caracteristica_14131,caracteristica_14132,caracteristica_14133,caracteristica_14134,caracteristica_14135,caracteristica_14136,caracteristica_14137,caracteristica_14138,caracteristica_14139,caracteristica_14140,caracteristica_14141,caracteristica_14142,caracteristica_14143,caracteristica_14144,caracteristica_14145,caracteristica_14146,caracteristica_14147,caracteristica_14148,caracteristica_14149,caracteristica_14150,caracteristica_14151,caracteristica_14152,caracteristica_14153,caracteristica_14154,caracteristica_14155,caracteristica_14156,caracteristica_14157,caracteristica_14158,caracteristica_14159,caracteristica_14160,caracteristica_14161,caracteristica_14162,caracteristica_14163,caracteristica_14164,caracteristica_14165,caracteristica_14166,caracteristica_14167,caracteristica_14168,caracteristica_14169,caracteristica_14170,caracteristica_14171,caracteristica_14172,caracteristica_14173,caracteristica_14174,caracteristica_14175,caracteristica_14176,caracteristica_14177,caracteristica_14178,caracteristica_14179,caracteristica_14180,caracteristica_14181,caracteristica_14182,caracteristica_14183,caracteristica_14184,caracteristica_14185,caracteristica_14186,caracteristica_14187,caracteristica_14188,caracteristica_14189,caracteristica_14190,caracteristica_14191,caracteristica_14192,caracteristica_14193,caracteristica_14194,caracteristica_14195,caracteristica_14196,caracteristica_14197,caracteristica_14198,caracteristica_14199,caracteristica_14200,caracteristica_14201,caracteristica_14202,caracteristica_14203,caracteristica_14204,caracteristica_14205,caracteristica_14206,caracteristica_14207,caracteristica_14208,caracteristica_14209,caracteristica_14210,caracteristica_14211,caracteristica_14212,caracteristica_14213,caracteristica_14214,caracteristica_14215,caracteristica_14216,caracteristica_14217,caracteristica_14218,caracteristica_14219,caracteristica_14220,caracteristica_14221,caracteristica_14222,caracteristica_14223,caracteristica_14224,caracteristica_14225,caracteristica_14226,caracteristica_14227,caracteristica_14228,caracteristica_14229,caracteristica_14230,caracteristica_14231,caracteristica_14232,caracteristica_14233,caracteristica_14234,caracteristica_14235,caracteristica_14236,caracteristica_14237,caracteristica_14238,caracteristica_14239,caracteristica_14240,caracteristica_14241,caracteristica_14242,caracteristica_14243,caracteristica_14244,caracteristica_14245,caracteristica_14246,caracteristica_14247,caracteristica_14248,caracteristica_14249,caracteristica_14250,caracteristica_14251,caracteristica_14252,caracteristica_14253,caracteristica_14254,caracteristica_14255,caracteristica_14256,caracteristica_14257,caracteristica_14258,caracteristica_14259,caracteristica_14260,caracteristica_14261,caracteristica_14262,caracteristica_14263,caracteristica_14264,caracteristica_14265,caracteristica_14266,caracteristica_14267,caracteristica_14268,caracteristica_14269,caracteristica_14270,caracteristica_14271,caracteristica_14272,caracteristica_14273,caracteristica_14274,caracteristica_14275,caracteristica_14276,caracteristica_14277,caracteristica_14278,caracteristica_14279,caracteristica_14280,caracteristica_14281,caracteristica_14282,caracteristica_14283,caracteristica_14284,caracteristica_14285,caracteristica_14286,caracteristica_14287,caracteristica_14288,caracteristica_14289,caracteristica_14290,caracteristica_14291,caracteristica_14292,caracteristica_14293,caracteristica_14294,caracteristica_14295,caracteristica_14296,caracteristica_14297,caracteristica_14298,caracteristica_14299,caracteristica_14300,caracteristica_14301,caracteristica_14302,caracteristica_14303,caracteristica_14304,caracteristica_14305,caracteristica_14306,caracteristica_14307,caracteristica_14308,caracteristica_14309,caracteristica_14310,caracteristica_14311,caracteristica_14312,caracteristica_14313,caracteristica_14314,caracteristica_14315,caracteristica_14316,caracteristica_14317,caracteristica_14318,caracteristica_14319,caracteristica_14320,caracteristica_14321,caracteristica_14322,caracteristica_14323,caracteristica_14324,caracteristica_14325,caracteristica_14326,caracteristica_14327,caracteristica_14328,caracteristica_14329,caracteristica_14330,caracteristica_14331,caracteristica_14332,caracteristica_14333,caracteristica_14334,caracteristica_14335,caracteristica_14336,caracteristica_14337,caracteristica_14338,caracteristica_14339,caracteristica_14340,caracteristica_14341,caracteristica_14342,caracteristica_14343,caracteristica_14344,caracteristica_14345,caracteristica_14346,caracteristica_14347,caracteristica_14348,caracteristica_14349,caracteristica_14350,caracteristica_14351,caracteristica_14352,caracteristica_14353,caracteristica_14354,caracteristica_14355,caracteristica_14356,caracteristica_14357,caracteristica_14358,caracteristica_14359,caracteristica_14360,caracteristica_14361,caracteristica_14362,caracteristica_14363,caracteristica_14364,caracteristica_14365,caracteristica_14366,caracteristica_14367,caracteristica_14368,caracteristica_14369,caracteristica_14370,caracteristica_14371,caracteristica_14372,caracteristica_14373,caracteristica_14374,caracteristica_14375,caracteristica_14376,caracteristica_14377,caracteristica_14378,caracteristica_14379,caracteristica_14380,caracteristica_14381,caracteristica_14382,caracteristica_14383,caracteristica_14384,caracteristica_14385,caracteristica_14386,caracteristica_14387,caracteristica_14388,caracteristica_14389,caracteristica_14390,caracteristica_14391,caracteristica_14392,caracteristica_14393,caracteristica_14394,caracteristica_14395,caracteristica_14396,caracteristica_14397,caracteristica_14398,caracteristica_14399,caracteristica_14400,caracteristica_14401,caracteristica_14402,caracteristica_14403,caracteristica_14404,caracteristica_14405,caracteristica_14406,caracteristica_14407,caracteristica_14408,caracteristica_14409,caracteristica_14410,caracteristica_14411,caracteristica_14412,caracteristica_14413,caracteristica_14414,caracteristica_14415,caracteristica_14416,caracteristica_14417,caracteristica_14418,caracteristica_14419,caracteristica_14420,caracteristica_14421,caracteristica_14422,caracteristica_14423,caracteristica_14424,caracteristica_14425,caracteristica_14426,caracteristica_14427,caracteristica_14428,caracteristica_14429,caracteristica_14430,caracteristica_14431,caracteristica_14432,caracteristica_14433,caracteristica_14434,caracteristica_14435,caracteristica_14436,caracteristica_14437,caracteristica_14438,caracteristica_14439,caracteristica_14440,caracteristica_14441,caracteristica_14442,caracteristica_14443,caracteristica_14444,caracteristica_14445,caracteristica_14446,caracteristica_14447,caracteristica_14448,caracteristica_14449,caracteristica_14450,caracteristica_14451,caracteristica_14452,caracteristica_14453,caracteristica_14454,caracteristica_14455,caracteristica_14456,caracteristica_14457,caracteristica_14458,caracteristica_14459,caracteristica_14460,caracteristica_14461,caracteristica_14462,caracteristica_14463,caracteristica_14464,caracteristica_14465,caracteristica_14466,caracteristica_14467,caracteristica_14468,caracteristica_14469,caracteristica_14470,caracteristica_14471,caracteristica_14472,caracteristica_14473,caracteristica_14474,caracteristica_14475,caracteristica_14476,caracteristica_14477,caracteristica_14478,caracteristica_14479,caracteristica_14480,caracteristica_14481,caracteristica_14482,caracteristica_14483,caracteristica_14484,caracteristica_14485,caracteristica_14486,caracteristica_14487,caracteristica_14488,caracteristica_14489,caracteristica_14490,caracteristica_14491,caracteristica_14492,caracteristica_14493,caracteristica_14494,caracteristica_14495,caracteristica_14496,caracteristica_14497,caracteristica_14498,caracteristica_14499,caracteristica_14500,caracteristica_14501,caracteristica_14502,caracteristica_14503,caracteristica_14504,caracteristica_14505,caracteristica_14506,caracteristica_14507,caracteristica_14508,caracteristica_14509,caracteristica_14510,caracteristica_14511,caracteristica_14512,caracteristica_14513,caracteristica_14514,caracteristica_14515,caracteristica_14516,caracteristica_14517,caracteristica_14518,caracteristica_14519,caracteristica_14520,caracteristica_14521,caracteristica_14522,caracteristica_14523,caracteristica_14524,caracteristica_14525,caracteristica_14526,caracteristica_14527,caracteristica_14528,caracteristica_14529,caracteristica_14530,caracteristica_14531,caracteristica_14532,caracteristica_14533,caracteristica_14534,caracteristica_14535,caracteristica_14536,caracteristica_14537,caracteristica_14538,caracteristica_14539,caracteristica_14540,caracteristica_14541,caracteristica_14542,caracteristica_14543,caracteristica_14544,caracteristica_14545,caracteristica_14546,caracteristica_14547,caracteristica_14548,caracteristica_14549,caracteristica_14550,caracteristica_14551,caracteristica_14552,caracteristica_14553,caracteristica_14554,caracteristica_14555,caracteristica_14556,caracteristica_14557,caracteristica_14558,caracteristica_14559,caracteristica_14560,caracteristica_14561,caracteristica_14562,caracteristica_14563,caracteristica_14564,caracteristica_14565,caracteristica_14566,caracteristica_14567,caracteristica_14568,caracteristica_14569,caracteristica_14570,caracteristica_14571,caracteristica_14572,caracteristica_14573,caracteristica_14574,caracteristica_14575,caracteristica_14576,caracteristica_14577,caracteristica_14578,caracteristica_14579,caracteristica_14580,caracteristica_14581,caracteristica_14582,caracteristica_14583,caracteristica_14584,caracteristica_14585,caracteristica_14586,caracteristica_14587,caracteristica_14588,caracteristica_14589,caracteristica_14590,caracteristica_14591,caracteristica_14592,caracteristica_14593,caracteristica_14594,caracteristica_14595,caracteristica_14596,caracteristica_14597,caracteristica_14598,caracteristica_14599,caracteristica_14600,caracteristica_14601,caracteristica_14602,caracteristica_14603,caracteristica_14604,caracteristica_14605,caracteristica_14606,caracteristica_14607,caracteristica_14608,caracteristica_14609,caracteristica_14610,caracteristica_14611,caracteristica_14612,caracteristica_14613,caracteristica_14614,caracteristica_14615,caracteristica_14616,caracteristica_14617,caracteristica_14618,caracteristica_14619,caracteristica_14620,caracteristica_14621,caracteristica_14622,caracteristica_14623,caracteristica_14624,caracteristica_14625,caracteristica_14626,caracteristica_14627,caracteristica_14628,caracteristica_14629,caracteristica_14630,caracteristica_14631,caracteristica_14632,caracteristica_14633,caracteristica_14634,caracteristica_14635,caracteristica_14636,caracteristica_14637,caracteristica_14638,caracteristica_14639,caracteristica_14640,caracteristica_14641,caracteristica_14642,caracteristica_14643,caracteristica_14644,caracteristica_14645,caracteristica_14646,caracteristica_14647,caracteristica_14648,caracteristica_14649,caracteristica_14650,caracteristica_14651,caracteristica_14652,caracteristica_14653,caracteristica_14654,caracteristica_14655,caracteristica_14656,caracteristica_14657,caracteristica_14658,caracteristica_14659,caracteristica_14660,caracteristica_14661,caracteristica_14662,caracteristica_14663,caracteristica_14664,caracteristica_14665,caracteristica_14666,caracteristica_14667,caracteristica_14668,caracteristica_14669,caracteristica_14670,caracteristica_14671,caracteristica_14672,caracteristica_14673,caracteristica_14674,caracteristica_14675,caracteristica_14676,caracteristica_14677,caracteristica_14678,caracteristica_14679,caracteristica_14680,caracteristica_14681,caracteristica_14682,caracteristica_14683,caracteristica_14684,caracteristica_14685,caracteristica_14686,caracteristica_14687,caracteristica_14688,caracteristica_14689,caracteristica_14690,caracteristica_14691,caracteristica_14692,caracteristica_14693,caracteristica_14694,caracteristica_14695,caracteristica_14696,caracteristica_14697,caracteristica_14698,caracteristica_14699,caracteristica_14700,caracteristica_14701,caracteristica_14702,caracteristica_14703,caracteristica_14704,caracteristica_14705,caracteristica_14706,caracteristica_14707,caracteristica_14708,caracteristica_14709,caracteristica_14710,caracteristica_14711,caracteristica_14712,caracteristica_14713,caracteristica_14714,caracteristica_14715,caracteristica_14716,caracteristica_14717,caracteristica_14718,caracteristica_14719,caracteristica_14720,caracteristica_14721,caracteristica_14722,caracteristica_14723,caracteristica_14724,caracteristica_14725,caracteristica_14726,caracteristica_14727,caracteristica_14728,caracteristica_14729,caracteristica_14730,caracteristica_14731,caracteristica_14732,caracteristica_14733,caracteristica_14734,caracteristica_14735,caracteristica_14736,caracteristica_14737,caracteristica_14738,caracteristica_14739,caracteristica_14740,caracteristica_14741,caracteristica_14742,caracteristica_14743,caracteristica_14744,caracteristica_14745,caracteristica_14746,caracteristica_14747,caracteristica_14748,caracteristica_14749,caracteristica_14750,caracteristica_14751,caracteristica_14752,caracteristica_14753,caracteristica_14754,caracteristica_14755,caracteristica_14756,caracteristica_14757,caracteristica_14758,caracteristica_14759,caracteristica_14760,caracteristica_14761,caracteristica_14762,caracteristica_14763,caracteristica_14764,caracteristica_14765,caracteristica_14766,caracteristica_14767,caracteristica_14768,caracteristica_14769,caracteristica_14770,caracteristica_14771,caracteristica_14772,caracteristica_14773,caracteristica_14774,caracteristica_14775,caracteristica_14776,caracteristica_14777,caracteristica_14778,caracteristica_14779,caracteristica_14780,caracteristica_14781,caracteristica_14782,caracteristica_14783,caracteristica_14784,caracteristica_14785,caracteristica_14786,caracteristica_14787,caracteristica_14788,caracteristica_14789,caracteristica_14790,caracteristica_14791,caracteristica_14792,caracteristica_14793,caracteristica_14794,caracteristica_14795,caracteristica_14796,caracteristica_14797,caracteristica_14798,caracteristica_14799,caracteristica_14800,caracteristica_14801,caracteristica_14802,caracteristica_14803,caracteristica_14804,caracteristica_14805,caracteristica_14806,caracteristica_14807,caracteristica_14808,caracteristica_14809,caracteristica_14810,caracteristica_14811,caracteristica_14812,caracteristica_14813,caracteristica_14814,caracteristica_14815,caracteristica_14816,caracteristica_14817,caracteristica_14818,caracteristica_14819,caracteristica_14820,caracteristica_14821,caracteristica_14822,caracteristica_14823,caracteristica_14824,caracteristica_14825,caracteristica_14826,caracteristica_14827,caracteristica_14828,caracteristica_14829,caracteristica_14830,caracteristica_14831,caracteristica_14832,caracteristica_14833,caracteristica_14834,caracteristica_14835,caracteristica_14836,caracteristica_14837,caracteristica_14838,caracteristica_14839,caracteristica_14840,caracteristica_14841,caracteristica_14842,caracteristica_14843,caracteristica_14844,caracteristica_14845,caracteristica_14846,caracteristica_14847,caracteristica_14848,caracteristica_14849,caracteristica_14850,caracteristica_14851,caracteristica_14852,caracteristica_14853,caracteristica_14854,caracteristica_14855,caracteristica_14856,caracteristica_14857,caracteristica_14858,caracteristica_14859,caracteristica_14860,caracteristica_14861,caracteristica_14862,caracteristica_14863,caracteristica_14864,caracteristica_14865,caracteristica_14866,caracteristica_14867,caracteristica_14868,caracteristica_14869,caracteristica_14870,caracteristica_14871,caracteristica_14872,caracteristica_14873,caracteristica_14874,caracteristica_14875,caracteristica_14876,caracteristica_14877,caracteristica_14878,caracteristica_14879,caracteristica_14880,caracteristica_14881,caracteristica_14882,caracteristica_14883,caracteristica_14884,caracteristica_14885,caracteristica_14886,caracteristica_14887,caracteristica_14888,caracteristica_14889,caracteristica_14890,caracteristica_14891,caracteristica_14892,caracteristica_14893,caracteristica_14894,caracteristica_14895,caracteristica_14896,caracteristica_14897,caracteristica_14898,caracteristica_14899,caracteristica_14900,caracteristica_14901,caracteristica_14902,caracteristica_14903,caracteristica_14904,caracteristica_14905,caracteristica_14906,caracteristica_14907,caracteristica_14908,caracteristica_14909,caracteristica_14910,caracteristica_14911,caracteristica_14912,caracteristica_14913,caracteristica_14914,caracteristica_14915,caracteristica_14916,caracteristica_14917,caracteristica_14918,caracteristica_14919,caracteristica_14920,caracteristica_14921,caracteristica_14922,caracteristica_14923,caracteristica_14924,caracteristica_14925,caracteristica_14926,caracteristica_14927,caracteristica_14928,caracteristica_14929,caracteristica_14930,caracteristica_14931,caracteristica_14932,caracteristica_14933,caracteristica_14934,caracteristica_14935,caracteristica_14936,caracteristica_14937,caracteristica_14938,caracteristica_14939,caracteristica_14940,caracteristica_14941,caracteristica_14942,caracteristica_14943,caracteristica_14944,caracteristica_14945,caracteristica_14946,caracteristica_14947,caracteristica_14948,caracteristica_14949,caracteristica_14950,caracteristica_14951,caracteristica_14952,caracteristica_14953,caracteristica_14954,caracteristica_14955,caracteristica_14956,caracteristica_14957,caracteristica_14958,caracteristica_14959,caracteristica_14960,caracteristica_14961,caracteristica_14962,caracteristica_14963,caracteristica_14964,caracteristica_14965,caracteristica_14966,caracteristica_14967,caracteristica_14968,caracteristica_14969,caracteristica_14970,caracteristica_14971,caracteristica_14972,caracteristica_14973,caracteristica_14974,caracteristica_14975,caracteristica_14976,caracteristica_14977,caracteristica_14978,caracteristica_14979,caracteristica_14980,caracteristica_14981,caracteristica_14982,caracteristica_14983,caracteristica_14984,caracteristica_14985,caracteristica_14986,caracteristica_14987,caracteristica_14988,caracteristica_14989,caracteristica_14990,caracteristica_14991,caracteristica_14992,caracteristica_14993,caracteristica_14994,caracteristica_14995,caracteristica_14996,caracteristica_14997,caracteristica_14998,caracteristica_14999,caracteristica_15000,caracteristica_15001,caracteristica_15002,caracteristica_15003,caracteristica_15004,caracteristica_15005,caracteristica_15006,caracteristica_15007,caracteristica_15008,caracteristica_15009,caracteristica_15010,caracteristica_15011,caracteristica_15012,caracteristica_15013,caracteristica_15014,caracteristica_15015,caracteristica_15016,caracteristica_15017,caracteristica_15018,caracteristica_15019,caracteristica_15020,caracteristica_15021,caracteristica_15022,caracteristica_15023,caracteristica_15024,caracteristica_15025,caracteristica_15026,caracteristica_15027,caracteristica_15028,caracteristica_15029,caracteristica_15030,caracteristica_15031,caracteristica_15032,caracteristica_15033,caracteristica_15034,caracteristica_15035,caracteristica_15036,caracteristica_15037,caracteristica_15038,caracteristica_15039,caracteristica_15040,caracteristica_15041,caracteristica_15042,caracteristica_15043,caracteristica_15044,caracteristica_15045,caracteristica_15046,caracteristica_15047,caracteristica_15048,caracteristica_15049,caracteristica_15050,caracteristica_15051,caracteristica_15052,caracteristica_15053,caracteristica_15054,caracteristica_15055,caracteristica_15056,caracteristica_15057,caracteristica_15058,caracteristica_15059,caracteristica_15060,caracteristica_15061,caracteristica_15062,caracteristica_15063,caracteristica_15064,caracteristica_15065,caracteristica_15066,caracteristica_15067,caracteristica_15068,caracteristica_15069,caracteristica_15070,caracteristica_15071,caracteristica_15072,caracteristica_15073,caracteristica_15074,caracteristica_15075,caracteristica_15076,caracteristica_15077,caracteristica_15078,caracteristica_15079,caracteristica_15080,caracteristica_15081,caracteristica_15082,caracteristica_15083,caracteristica_15084,caracteristica_15085,caracteristica_15086,caracteristica_15087,caracteristica_15088,caracteristica_15089,caracteristica_15090,caracteristica_15091,caracteristica_15092,caracteristica_15093,caracteristica_15094,caracteristica_15095,caracteristica_15096,caracteristica_15097,caracteristica_15098,caracteristica_15099,caracteristica_15100,caracteristica_15101,caracteristica_15102,caracteristica_15103,caracteristica_15104,caracteristica_15105,caracteristica_15106,caracteristica_15107,caracteristica_15108,caracteristica_15109,caracteristica_15110,caracteristica_15111,caracteristica_15112,caracteristica_15113,caracteristica_15114,caracteristica_15115,caracteristica_15116,caracteristica_15117,caracteristica_15118,caracteristica_15119,caracteristica_15120,caracteristica_15121,caracteristica_15122,caracteristica_15123,caracteristica_15124,caracteristica_15125,caracteristica_15126,caracteristica_15127,caracteristica_15128,caracteristica_15129,caracteristica_15130,caracteristica_15131,caracteristica_15132,caracteristica_15133,caracteristica_15134,caracteristica_15135,caracteristica_15136,caracteristica_15137,caracteristica_15138,caracteristica_15139,caracteristica_15140,caracteristica_15141,caracteristica_15142,caracteristica_15143,caracteristica_15144,caracteristica_15145,caracteristica_15146,caracteristica_15147,caracteristica_15148,caracteristica_15149,caracteristica_15150,caracteristica_15151,caracteristica_15152,caracteristica_15153,caracteristica_15154,caracteristica_15155,caracteristica_15156,caracteristica_15157,caracteristica_15158,caracteristica_15159,caracteristica_15160,caracteristica_15161,caracteristica_15162,caracteristica_15163,caracteristica_15164,caracteristica_15165,caracteristica_15166,caracteristica_15167,caracteristica_15168,caracteristica_15169,caracteristica_15170,caracteristica_15171,caracteristica_15172,caracteristica_15173,caracteristica_15174,caracteristica_15175,caracteristica_15176,caracteristica_15177,caracteristica_15178,caracteristica_15179,caracteristica_15180,caracteristica_15181,caracteristica_15182,caracteristica_15183,caracteristica_15184,caracteristica_15185,caracteristica_15186,caracteristica_15187,caracteristica_15188,caracteristica_15189,caracteristica_15190,caracteristica_15191,caracteristica_15192,caracteristica_15193,caracteristica_15194,caracteristica_15195,caracteristica_15196,caracteristica_15197,caracteristica_15198,caracteristica_15199,caracteristica_15200,caracteristica_15201,caracteristica_15202,caracteristica_15203,caracteristica_15204,caracteristica_15205,caracteristica_15206,caracteristica_15207,caracteristica_15208,caracteristica_15209,caracteristica_15210,caracteristica_15211,caracteristica_15212,caracteristica_15213,caracteristica_15214,caracteristica_15215,caracteristica_15216,caracteristica_15217,caracteristica_15218,caracteristica_15219,caracteristica_15220,caracteristica_15221,caracteristica_15222,caracteristica_15223,caracteristica_15224,caracteristica_15225,caracteristica_15226,caracteristica_15227,caracteristica_15228,caracteristica_15229,caracteristica_15230,caracteristica_15231,caracteristica_15232,caracteristica_15233,caracteristica_15234,caracteristica_15235,caracteristica_15236,caracteristica_15237,caracteristica_15238,caracteristica_15239,caracteristica_15240,caracteristica_15241,caracteristica_15242,caracteristica_15243,caracteristica_15244,caracteristica_15245,caracteristica_15246,caracteristica_15247,caracteristica_15248,caracteristica_15249,caracteristica_15250,caracteristica_15251,caracteristica_15252,caracteristica_15253,caracteristica_15254,caracteristica_15255,caracteristica_15256,caracteristica_15257,caracteristica_15258,caracteristica_15259,caracteristica_15260,caracteristica_15261,caracteristica_15262,caracteristica_15263,caracteristica_15264,caracteristica_15265,caracteristica_15266,caracteristica_15267,caracteristica_15268,caracteristica_15269,caracteristica_15270,caracteristica_15271,caracteristica_15272,caracteristica_15273,caracteristica_15274,caracteristica_15275,caracteristica_15276,caracteristica_15277,caracteristica_15278,caracteristica_15279,caracteristica_15280,caracteristica_15281,caracteristica_15282,caracteristica_15283,caracteristica_15284,caracteristica_15285,caracteristica_15286,caracteristica_15287,caracteristica_15288,caracteristica_15289,caracteristica_15290,caracteristica_15291,caracteristica_15292,caracteristica_15293,caracteristica_15294,caracteristica_15295,caracteristica_15296,caracteristica_15297,caracteristica_15298,caracteristica_15299,caracteristica_15300,caracteristica_15301,caracteristica_15302,caracteristica_15303,caracteristica_15304,caracteristica_15305,caracteristica_15306,caracteristica_15307,caracteristica_15308,caracteristica_15309,caracteristica_15310,caracteristica_15311,caracteristica_15312,caracteristica_15313,caracteristica_15314,caracteristica_15315,caracteristica_15316,caracteristica_15317,caracteristica_15318,caracteristica_15319,caracteristica_15320,caracteristica_15321,caracteristica_15322,caracteristica_15323,caracteristica_15324,caracteristica_15325,caracteristica_15326,caracteristica_15327,caracteristica_15328,caracteristica_15329,caracteristica_15330,caracteristica_15331,caracteristica_15332,caracteristica_15333,caracteristica_15334,caracteristica_15335,caracteristica_15336,caracteristica_15337,caracteristica_15338,caracteristica_15339,caracteristica_15340,caracteristica_15341,caracteristica_15342,caracteristica_15343,caracteristica_15344,caracteristica_15345,caracteristica_15346,caracteristica_15347,caracteristica_15348,caracteristica_15349,caracteristica_15350,caracteristica_15351,caracteristica_15352,caracteristica_15353,caracteristica_15354,caracteristica_15355,caracteristica_15356,caracteristica_15357,caracteristica_15358,caracteristica_15359,caracteristica_15360,caracteristica_15361,caracteristica_15362,caracteristica_15363,caracteristica_15364,caracteristica_15365,caracteristica_15366,caracteristica_15367,caracteristica_15368,caracteristica_15369,caracteristica_15370,caracteristica_15371,caracteristica_15372,caracteristica_15373,caracteristica_15374,caracteristica_15375,caracteristica_15376,caracteristica_15377,caracteristica_15378,caracteristica_15379,caracteristica_15380,caracteristica_15381,caracteristica_15382,caracteristica_15383,caracteristica_15384,caracteristica_15385,caracteristica_15386,caracteristica_15387,caracteristica_15388,caracteristica_15389,caracteristica_15390,caracteristica_15391,caracteristica_15392,caracteristica_15393,caracteristica_15394,caracteristica_15395,caracteristica_15396,caracteristica_15397,caracteristica_15398,caracteristica_15399,caracteristica_15400,caracteristica_15401,caracteristica_15402,caracteristica_15403,caracteristica_15404,caracteristica_15405,caracteristica_15406,caracteristica_15407,caracteristica_15408,caracteristica_15409,caracteristica_15410,caracteristica_15411,caracteristica_15412,caracteristica_15413,caracteristica_15414,caracteristica_15415,caracteristica_15416,caracteristica_15417,caracteristica_15418,caracteristica_15419,caracteristica_15420,caracteristica_15421,caracteristica_15422,caracteristica_15423,caracteristica_15424,caracteristica_15425,caracteristica_15426,caracteristica_15427,caracteristica_15428,caracteristica_15429,caracteristica_15430,caracteristica_15431,caracteristica_15432,caracteristica_15433,caracteristica_15434,caracteristica_15435,caracteristica_15436,caracteristica_15437,caracteristica_15438,caracteristica_15439,caracteristica_15440,caracteristica_15441,caracteristica_15442,caracteristica_15443,caracteristica_15444,caracteristica_15445,caracteristica_15446,caracteristica_15447,caracteristica_15448,caracteristica_15449,caracteristica_15450,caracteristica_15451,caracteristica_15452,caracteristica_15453,caracteristica_15454,caracteristica_15455,caracteristica_15456,caracteristica_15457,caracteristica_15458,caracteristica_15459,caracteristica_15460,caracteristica_15461,caracteristica_15462,caracteristica_15463,caracteristica_15464,caracteristica_15465,caracteristica_15466,caracteristica_15467,caracteristica_15468,caracteristica_15469,caracteristica_15470,caracteristica_15471,caracteristica_15472,caracteristica_15473,caracteristica_15474,caracteristica_15475,caracteristica_15476,caracteristica_15477,caracteristica_15478,caracteristica_15479,caracteristica_15480,caracteristica_15481,caracteristica_15482,caracteristica_15483,caracteristica_15484,caracteristica_15485,caracteristica_15486,caracteristica_15487,caracteristica_15488,caracteristica_15489,caracteristica_15490,caracteristica_15491,caracteristica_15492,caracteristica_15493,caracteristica_15494,caracteristica_15495,caracteristica_15496,caracteristica_15497,caracteristica_15498,caracteristica_15499,caracteristica_15500,caracteristica_15501,caracteristica_15502,caracteristica_15503,caracteristica_15504,caracteristica_15505,caracteristica_15506,caracteristica_15507,caracteristica_15508,caracteristica_15509,caracteristica_15510,caracteristica_15511,caracteristica_15512,caracteristica_15513,caracteristica_15514,caracteristica_15515,caracteristica_15516,caracteristica_15517,caracteristica_15518,caracteristica_15519,caracteristica_15520,caracteristica_15521,caracteristica_15522,caracteristica_15523,caracteristica_15524,caracteristica_15525,caracteristica_15526,caracteristica_15527,caracteristica_15528,caracteristica_15529,caracteristica_15530,caracteristica_15531,caracteristica_15532,caracteristica_15533,caracteristica_15534,caracteristica_15535,caracteristica_15536,caracteristica_15537,caracteristica_15538,caracteristica_15539,caracteristica_15540,caracteristica_15541,caracteristica_15542,caracteristica_15543,caracteristica_15544,caracteristica_15545,caracteristica_15546,caracteristica_15547,caracteristica_15548,caracteristica_15549,caracteristica_15550,caracteristica_15551,caracteristica_15552,caracteristica_15553,caracteristica_15554,caracteristica_15555,caracteristica_15556,caracteristica_15557,caracteristica_15558,caracteristica_15559,caracteristica_15560,caracteristica_15561,caracteristica_15562,caracteristica_15563,caracteristica_15564,caracteristica_15565,caracteristica_15566,caracteristica_15567,caracteristica_15568,caracteristica_15569,caracteristica_15570,caracteristica_15571,caracteristica_15572,caracteristica_15573,caracteristica_15574,caracteristica_15575,caracteristica_15576,caracteristica_15577,caracteristica_15578,caracteristica_15579,caracteristica_15580,caracteristica_15581,caracteristica_15582,caracteristica_15583,caracteristica_15584,caracteristica_15585,caracteristica_15586,caracteristica_15587,caracteristica_15588,caracteristica_15589,caracteristica_15590,caracteristica_15591,caracteristica_15592,caracteristica_15593,caracteristica_15594,caracteristica_15595,caracteristica_15596,caracteristica_15597,caracteristica_15598,caracteristica_15599,caracteristica_15600,caracteristica_15601,caracteristica_15602,caracteristica_15603,caracteristica_15604,caracteristica_15605,caracteristica_15606,caracteristica_15607,caracteristica_15608,caracteristica_15609,caracteristica_15610,caracteristica_15611,caracteristica_15612,caracteristica_15613,caracteristica_15614,caracteristica_15615,caracteristica_15616,caracteristica_15617,caracteristica_15618,caracteristica_15619,caracteristica_15620,caracteristica_15621,caracteristica_15622,caracteristica_15623,caracteristica_15624,caracteristica_15625,caracteristica_15626,caracteristica_15627,caracteristica_15628,caracteristica_15629,caracteristica_15630,caracteristica_15631,caracteristica_15632,caracteristica_15633,caracteristica_15634,caracteristica_15635,caracteristica_15636,caracteristica_15637,caracteristica_15638,caracteristica_15639,caracteristica_15640,caracteristica_15641,caracteristica_15642,caracteristica_15643,caracteristica_15644,caracteristica_15645,caracteristica_15646,caracteristica_15647,caracteristica_15648,caracteristica_15649,caracteristica_15650,caracteristica_15651,caracteristica_15652,caracteristica_15653,caracteristica_15654,caracteristica_15655,caracteristica_15656,caracteristica_15657,caracteristica_15658,caracteristica_15659,caracteristica_15660,caracteristica_15661,caracteristica_15662,caracteristica_15663,caracteristica_15664,caracteristica_15665,caracteristica_15666,caracteristica_15667,caracteristica_15668,caracteristica_15669,caracteristica_15670,caracteristica_15671,caracteristica_15672,caracteristica_15673,caracteristica_15674,caracteristica_15675,caracteristica_15676,caracteristica_15677,caracteristica_15678,caracteristica_15679,caracteristica_15680,caracteristica_15681,caracteristica_15682,caracteristica_15683,caracteristica_15684,caracteristica_15685,caracteristica_15686,caracteristica_15687,caracteristica_15688,caracteristica_15689,caracteristica_15690,caracteristica_15691,caracteristica_15692,caracteristica_15693,caracteristica_15694,caracteristica_15695,caracteristica_15696,caracteristica_15697,caracteristica_15698,caracteristica_15699,caracteristica_15700,caracteristica_15701,caracteristica_15702,caracteristica_15703,caracteristica_15704,caracteristica_15705,caracteristica_15706,caracteristica_15707,caracteristica_15708,caracteristica_15709,caracteristica_15710,caracteristica_15711,caracteristica_15712,caracteristica_15713,caracteristica_15714,caracteristica_15715,caracteristica_15716,caracteristica_15717,caracteristica_15718,caracteristica_15719,caracteristica_15720,caracteristica_15721,caracteristica_15722,caracteristica_15723,caracteristica_15724,caracteristica_15725,caracteristica_15726,caracteristica_15727,caracteristica_15728,caracteristica_15729,caracteristica_15730,caracteristica_15731,caracteristica_15732,caracteristica_15733,caracteristica_15734,caracteristica_15735,caracteristica_15736,caracteristica_15737,caracteristica_15738,caracteristica_15739,caracteristica_15740,caracteristica_15741,caracteristica_15742,caracteristica_15743,caracteristica_15744,caracteristica_15745,caracteristica_15746,caracteristica_15747,caracteristica_15748,caracteristica_15749,caracteristica_15750,caracteristica_15751,caracteristica_15752,caracteristica_15753,caracteristica_15754,caracteristica_15755,caracteristica_15756,caracteristica_15757,caracteristica_15758,caracteristica_15759,caracteristica_15760,caracteristica_15761,caracteristica_15762,caracteristica_15763,caracteristica_15764,caracteristica_15765,caracteristica_15766,caracteristica_15767,caracteristica_15768,caracteristica_15769,caracteristica_15770,caracteristica_15771,caracteristica_15772,caracteristica_15773,caracteristica_15774,caracteristica_15775,caracteristica_15776,caracteristica_15777,caracteristica_15778,caracteristica_15779,caracteristica_15780,caracteristica_15781,caracteristica_15782,caracteristica_15783,caracteristica_15784,caracteristica_15785,caracteristica_15786,caracteristica_15787,caracteristica_15788,caracteristica_15789,caracteristica_15790,caracteristica_15791,caracteristica_15792,caracteristica_15793,caracteristica_15794,caracteristica_15795,caracteristica_15796,caracteristica_15797,caracteristica_15798,caracteristica_15799,caracteristica_15800,caracteristica_15801,caracteristica_15802,caracteristica_15803,caracteristica_15804,caracteristica_15805,caracteristica_15806,caracteristica_15807,caracteristica_15808,caracteristica_15809,caracteristica_15810,caracteristica_15811,caracteristica_15812,caracteristica_15813,caracteristica_15814,caracteristica_15815,caracteristica_15816,caracteristica_15817,caracteristica_15818,caracteristica_15819,caracteristica_15820,caracteristica_15821,caracteristica_15822,caracteristica_15823,caracteristica_15824,caracteristica_15825,caracteristica_15826,caracteristica_15827,caracteristica_15828,caracteristica_15829,caracteristica_15830,caracteristica_15831,caracteristica_15832,caracteristica_15833,caracteristica_15834,caracteristica_15835,caracteristica_15836,caracteristica_15837,caracteristica_15838,caracteristica_15839,caracteristica_15840,caracteristica_15841,caracteristica_15842,caracteristica_15843,caracteristica_15844,caracteristica_15845,caracteristica_15846,caracteristica_15847,caracteristica_15848,caracteristica_15849,caracteristica_15850,caracteristica_15851,caracteristica_15852,caracteristica_15853,caracteristica_15854,caracteristica_15855,caracteristica_15856,caracteristica_15857,caracteristica_15858,caracteristica_15859,caracteristica_15860,caracteristica_15861,caracteristica_15862,caracteristica_15863,caracteristica_15864,caracteristica_15865,caracteristica_15866,caracteristica_15867,caracteristica_15868,caracteristica_15869,caracteristica_15870,caracteristica_15871,caracteristica_15872,caracteristica_15873,caracteristica_15874,caracteristica_15875,caracteristica_15876,caracteristica_15877,caracteristica_15878,caracteristica_15879,caracteristica_15880,caracteristica_15881,caracteristica_15882,caracteristica_15883,caracteristica_15884,caracteristica_15885,caracteristica_15886,caracteristica_15887,caracteristica_15888,caracteristica_15889,caracteristica_15890,caracteristica_15891,caracteristica_15892,caracteristica_15893,caracteristica_15894,caracteristica_15895,caracteristica_15896,caracteristica_15897,caracteristica_15898,caracteristica_15899,caracteristica_15900,caracteristica_15901,caracteristica_15902,caracteristica_15903,caracteristica_15904,caracteristica_15905,caracteristica_15906,caracteristica_15907,caracteristica_15908,caracteristica_15909,caracteristica_15910,caracteristica_15911,caracteristica_15912,caracteristica_15913,caracteristica_15914,caracteristica_15915,caracteristica_15916,caracteristica_15917,caracteristica_15918,caracteristica_15919,caracteristica_15920,caracteristica_15921,caracteristica_15922,caracteristica_15923,caracteristica_15924,caracteristica_15925,caracteristica_15926,caracteristica_15927,caracteristica_15928,caracteristica_15929,caracteristica_15930,caracteristica_15931,caracteristica_15932,caracteristica_15933,caracteristica_15934,caracteristica_15935,caracteristica_15936,caracteristica_15937,caracteristica_15938,caracteristica_15939,caracteristica_15940,caracteristica_15941,caracteristica_15942,caracteristica_15943,caracteristica_15944,caracteristica_15945,caracteristica_15946,caracteristica_15947,caracteristica_15948,caracteristica_15949,caracteristica_15950,caracteristica_15951,caracteristica_15952,caracteristica_15953,caracteristica_15954,caracteristica_15955,caracteristica_15956,caracteristica_15957,caracteristica_15958,caracteristica_15959,caracteristica_15960,caracteristica_15961,caracteristica_15962,caracteristica_15963,caracteristica_15964,caracteristica_15965,caracteristica_15966,caracteristica_15967,caracteristica_15968,caracteristica_15969,caracteristica_15970,caracteristica_15971,caracteristica_15972,caracteristica_15973,caracteristica_15974,caracteristica_15975,caracteristica_15976,caracteristica_15977,caracteristica_15978,caracteristica_15979,caracteristica_15980,caracteristica_15981,caracteristica_15982,caracteristica_15983,caracteristica_15984,caracteristica_15985,caracteristica_15986,caracteristica_15987,caracteristica_15988,caracteristica_15989,caracteristica_15990,caracteristica_15991,caracteristica_15992,caracteristica_15993,caracteristica_15994,caracteristica_15995,caracteristica_15996,caracteristica_15997,caracteristica_15998,caracteristica_15999,caracteristica_16000,caracteristica_16001,caracteristica_16002,caracteristica_16003,caracteristica_16004,caracteristica_16005,caracteristica_16006,caracteristica_16007,caracteristica_16008,caracteristica_16009,caracteristica_16010,caracteristica_16011,caracteristica_16012,caracteristica_16013,caracteristica_16014,caracteristica_16015,caracteristica_16016,caracteristica_16017,caracteristica_16018,caracteristica_16019,caracteristica_16020,caracteristica_16021,caracteristica_16022,caracteristica_16023,caracteristica_16024,caracteristica_16025,caracteristica_16026,caracteristica_16027,caracteristica_16028,caracteristica_16029,caracteristica_16030,caracteristica_16031,caracteristica_16032,caracteristica_16033,caracteristica_16034,caracteristica_16035,caracteristica_16036,caracteristica_16037,caracteristica_16038,caracteristica_16039,caracteristica_16040,caracteristica_16041,caracteristica_16042,caracteristica_16043,caracteristica_16044,caracteristica_16045,caracteristica_16046,caracteristica_16047,caracteristica_16048,caracteristica_16049,caracteristica_16050,caracteristica_16051,caracteristica_16052,caracteristica_16053,caracteristica_16054,caracteristica_16055,caracteristica_16056,caracteristica_16057,caracteristica_16058,caracteristica_16059,caracteristica_16060,caracteristica_16061,caracteristica_16062,caracteristica_16063,caracteristica_16064,caracteristica_16065,caracteristica_16066,caracteristica_16067,caracteristica_16068,caracteristica_16069,caracteristica_16070,caracteristica_16071,caracteristica_16072,caracteristica_16073,caracteristica_16074,caracteristica_16075,caracteristica_16076,caracteristica_16077,caracteristica_16078,caracteristica_16079,caracteristica_16080,caracteristica_16081,caracteristica_16082,caracteristica_16083,caracteristica_16084,caracteristica_16085,caracteristica_16086,caracteristica_16087,caracteristica_16088,caracteristica_16089,caracteristica_16090,caracteristica_16091,caracteristica_16092,caracteristica_16093,caracteristica_16094,caracteristica_16095,caracteristica_16096,caracteristica_16097,caracteristica_16098,caracteristica_16099,caracteristica_16100,caracteristica_16101,caracteristica_16102,caracteristica_16103,caracteristica_16104,caracteristica_16105,caracteristica_16106,caracteristica_16107,caracteristica_16108,caracteristica_16109,caracteristica_16110,caracteristica_16111,caracteristica_16112,caracteristica_16113,caracteristica_16114,caracteristica_16115,caracteristica_16116,caracteristica_16117,caracteristica_16118,caracteristica_16119,caracteristica_16120,caracteristica_16121,caracteristica_16122,caracteristica_16123,caracteristica_16124,caracteristica_16125,caracteristica_16126,caracteristica_16127,caracteristica_16128,caracteristica_16129,caracteristica_16130,caracteristica_16131,caracteristica_16132,caracteristica_16133,caracteristica_16134,caracteristica_16135,caracteristica_16136,caracteristica_16137,caracteristica_16138,caracteristica_16139,caracteristica_16140,caracteristica_16141,caracteristica_16142,caracteristica_16143,caracteristica_16144,caracteristica_16145,caracteristica_16146,caracteristica_16147,caracteristica_16148,caracteristica_16149,caracteristica_16150,caracteristica_16151,caracteristica_16152,caracteristica_16153,caracteristica_16154,caracteristica_16155,caracteristica_16156,caracteristica_16157,caracteristica_16158,caracteristica_16159,caracteristica_16160,caracteristica_16161,caracteristica_16162,caracteristica_16163,caracteristica_16164,caracteristica_16165,caracteristica_16166,caracteristica_16167,caracteristica_16168,caracteristica_16169,caracteristica_16170,caracteristica_16171,caracteristica_16172,caracteristica_16173,caracteristica_16174,caracteristica_16175,caracteristica_16176,caracteristica_16177,caracteristica_16178,caracteristica_16179,caracteristica_16180,caracteristica_16181,caracteristica_16182,caracteristica_16183,caracteristica_16184,caracteristica_16185,caracteristica_16186,caracteristica_16187,caracteristica_16188,caracteristica_16189,caracteristica_16190,caracteristica_16191,caracteristica_16192,caracteristica_16193,caracteristica_16194,caracteristica_16195,caracteristica_16196,caracteristica_16197,caracteristica_16198,caracteristica_16199,caracteristica_16200,caracteristica_16201,caracteristica_16202,caracteristica_16203,caracteristica_16204,caracteristica_16205,caracteristica_16206,caracteristica_16207,caracteristica_16208,caracteristica_16209,caracteristica_16210,caracteristica_16211,caracteristica_16212,caracteristica_16213,caracteristica_16214,caracteristica_16215,caracteristica_16216,caracteristica_16217,caracteristica_16218,caracteristica_16219,caracteristica_16220,caracteristica_16221,caracteristica_16222,caracteristica_16223,caracteristica_16224,caracteristica_16225,caracteristica_16226,caracteristica_16227,caracteristica_16228,caracteristica_16229,caracteristica_16230,caracteristica_16231,caracteristica_16232,caracteristica_16233,caracteristica_16234,caracteristica_16235,caracteristica_16236,caracteristica_16237,caracteristica_16238,caracteristica_16239,caracteristica_16240,caracteristica_16241,caracteristica_16242,caracteristica_16243,caracteristica_16244,caracteristica_16245,caracteristica_16246,caracteristica_16247,caracteristica_16248,caracteristica_16249,caracteristica_16250,caracteristica_16251,caracteristica_16252,caracteristica_16253,caracteristica_16254,caracteristica_16255,caracteristica_16256,caracteristica_16257,caracteristica_16258,caracteristica_16259,caracteristica_16260,caracteristica_16261,caracteristica_16262,caracteristica_16263,caracteristica_16264,caracteristica_16265,caracteristica_16266,caracteristica_16267,caracteristica_16268,caracteristica_16269,caracteristica_16270,caracteristica_16271,caracteristica_16272,caracteristica_16273,caracteristica_16274,caracteristica_16275,caracteristica_16276,caracteristica_16277,caracteristica_16278,caracteristica_16279,caracteristica_16280,caracteristica_16281,caracteristica_16282,caracteristica_16283,caracteristica_16284,caracteristica_16285,caracteristica_16286,caracteristica_16287,caracteristica_16288,caracteristica_16289,caracteristica_16290,caracteristica_16291,caracteristica_16292,caracteristica_16293,caracteristica_16294,caracteristica_16295,caracteristica_16296,caracteristica_16297,caracteristica_16298,caracteristica_16299,caracteristica_16300,caracteristica_16301,caracteristica_16302,caracteristica_16303,caracteristica_16304,caracteristica_16305,caracteristica_16306,caracteristica_16307,caracteristica_16308,caracteristica_16309,caracteristica_16310,caracteristica_16311,caracteristica_16312,caracteristica_16313,caracteristica_16314,caracteristica_16315,caracteristica_16316,caracteristica_16317,caracteristica_16318,caracteristica_16319,caracteristica_16320,caracteristica_16321,caracteristica_16322,caracteristica_16323,caracteristica_16324,caracteristica_16325,caracteristica_16326,caracteristica_16327,caracteristica_16328,caracteristica_16329,caracteristica_16330,caracteristica_16331,caracteristica_16332,caracteristica_16333,caracteristica_16334,caracteristica_16335,caracteristica_16336,caracteristica_16337,caracteristica_16338,caracteristica_16339,caracteristica_16340,caracteristica_16341,caracteristica_16342,caracteristica_16343,caracteristica_16344,caracteristica_16345,caracteristica_16346,caracteristica_16347,caracteristica_16348,caracteristica_16349,caracteristica_16350,caracteristica_16351,caracteristica_16352,caracteristica_16353,caracteristica_16354,caracteristica_16355,caracteristica_16356,caracteristica_16357,caracteristica_16358,caracteristica_16359,caracteristica_16360,caracteristica_16361,caracteristica_16362,caracteristica_16363,caracteristica_16364,caracteristica_16365,caracteristica_16366,caracteristica_16367,caracteristica_16368,caracteristica_16369,caracteristica_16370,caracteristica_16371,caracteristica_16372,caracteristica_16373,caracteristica_16374,caracteristica_16375,caracteristica_16376,caracteristica_16377,caracteristica_16378,caracteristica_16379,caracteristica_16380,caracteristica_16381,caracteristica_16382,caracteristica_16383,caracteristica_16384,caracteristica_16385,caracteristica_16386,caracteristica_16387,caracteristica_16388,caracteristica_16389,caracteristica_16390,caracteristica_16391,caracteristica_16392,caracteristica_16393,caracteristica_16394,caracteristica_16395,caracteristica_16396,caracteristica_16397,caracteristica_16398,caracteristica_16399,caracteristica_16400,caracteristica_16401,caracteristica_16402,caracteristica_16403,caracteristica_16404,caracteristica_16405,caracteristica_16406,caracteristica_16407,caracteristica_16408,caracteristica_16409,caracteristica_16410,caracteristica_16411,caracteristica_16412,caracteristica_16413,caracteristica_16414,caracteristica_16415,caracteristica_16416,caracteristica_16417,caracteristica_16418,caracteristica_16419,caracteristica_16420,caracteristica_16421,caracteristica_16422,caracteristica_16423,caracteristica_16424,caracteristica_16425,caracteristica_16426,caracteristica_16427,caracteristica_16428,caracteristica_16429,caracteristica_16430,caracteristica_16431,caracteristica_16432,caracteristica_16433,caracteristica_16434,caracteristica_16435,caracteristica_16436,caracteristica_16437,caracteristica_16438,caracteristica_16439,caracteristica_16440,caracteristica_16441,caracteristica_16442,caracteristica_16443,caracteristica_16444,caracteristica_16445,caracteristica_16446,caracteristica_16447,caracteristica_16448,caracteristica_16449,caracteristica_16450,caracteristica_16451,caracteristica_16452,caracteristica_16453,caracteristica_16454,caracteristica_16455,caracteristica_16456,caracteristica_16457,caracteristica_16458,caracteristica_16459,caracteristica_16460,caracteristica_16461,caracteristica_16462,caracteristica_16463,caracteristica_16464,caracteristica_16465,caracteristica_16466,caracteristica_16467,caracteristica_16468,caracteristica_16469,caracteristica_16470,caracteristica_16471,caracteristica_16472,caracteristica_16473,caracteristica_16474,caracteristica_16475,caracteristica_16476,caracteristica_16477,caracteristica_16478,caracteristica_16479,caracteristica_16480,caracteristica_16481,caracteristica_16482,caracteristica_16483,caracteristica_16484,caracteristica_16485,caracteristica_16486,caracteristica_16487,caracteristica_16488,caracteristica_16489,caracteristica_16490,caracteristica_16491,caracteristica_16492,caracteristica_16493,caracteristica_16494,caracteristica_16495,caracteristica_16496,caracteristica_16497,caracteristica_16498,caracteristica_16499,caracteristica_16500,caracteristica_16501,caracteristica_16502,caracteristica_16503,caracteristica_16504,caracteristica_16505,caracteristica_16506,caracteristica_16507,caracteristica_16508,caracteristica_16509,caracteristica_16510,caracteristica_16511,caracteristica_16512,caracteristica_16513,caracteristica_16514,caracteristica_16515,caracteristica_16516,caracteristica_16517,caracteristica_16518,caracteristica_16519,caracteristica_16520,caracteristica_16521,caracteristica_16522,caracteristica_16523,caracteristica_16524,caracteristica_16525,caracteristica_16526,caracteristica_16527,caracteristica_16528,caracteristica_16529,caracteristica_16530,caracteristica_16531,caracteristica_16532,caracteristica_16533,caracteristica_16534,caracteristica_16535,caracteristica_16536,caracteristica_16537,caracteristica_16538,caracteristica_16539,caracteristica_16540,caracteristica_16541,caracteristica_16542,caracteristica_16543,caracteristica_16544,caracteristica_16545,caracteristica_16546,caracteristica_16547,caracteristica_16548,caracteristica_16549,caracteristica_16550,caracteristica_16551,caracteristica_16552,caracteristica_16553,caracteristica_16554,caracteristica_16555,caracteristica_16556,caracteristica_16557,caracteristica_16558,caracteristica_16559,caracteristica_16560,caracteristica_16561,caracteristica_16562,caracteristica_16563,caracteristica_16564,caracteristica_16565,caracteristica_16566,caracteristica_16567,caracteristica_16568,caracteristica_16569,caracteristica_16570,caracteristica_16571,caracteristica_16572,caracteristica_16573,caracteristica_16574,caracteristica_16575,caracteristica_16576,caracteristica_16577,caracteristica_16578,caracteristica_16579,caracteristica_16580,caracteristica_16581,caracteristica_16582,caracteristica_16583,caracteristica_16584,caracteristica_16585,caracteristica_16586,caracteristica_16587,caracteristica_16588,caracteristica_16589,caracteristica_16590,caracteristica_16591,caracteristica_16592,caracteristica_16593,caracteristica_16594,caracteristica_16595,caracteristica_16596,caracteristica_16597,caracteristica_16598,caracteristica_16599,caracteristica_16600,caracteristica_16601,caracteristica_16602,caracteristica_16603,caracteristica_16604,caracteristica_16605,caracteristica_16606,caracteristica_16607,caracteristica_16608,caracteristica_16609,caracteristica_16610,caracteristica_16611,caracteristica_16612,caracteristica_16613,caracteristica_16614,caracteristica_16615,caracteristica_16616,caracteristica_16617,caracteristica_16618,caracteristica_16619,caracteristica_16620,caracteristica_16621,caracteristica_16622,caracteristica_16623,caracteristica_16624,caracteristica_16625,caracteristica_16626,caracteristica_16627,caracteristica_16628,caracteristica_16629,caracteristica_16630,caracteristica_16631,caracteristica_16632,caracteristica_16633,caracteristica_16634,caracteristica_16635,caracteristica_16636,caracteristica_16637,caracteristica_16638,caracteristica_16639,caracteristica_16640,caracteristica_16641,caracteristica_16642,caracteristica_16643,caracteristica_16644,caracteristica_16645,caracteristica_16646,caracteristica_16647,caracteristica_16648,caracteristica_16649,caracteristica_16650,caracteristica_16651,caracteristica_16652,caracteristica_16653,caracteristica_16654,caracteristica_16655,caracteristica_16656,caracteristica_16657,caracteristica_16658,caracteristica_16659,caracteristica_16660,caracteristica_16661,caracteristica_16662,caracteristica_16663,caracteristica_16664,caracteristica_16665,caracteristica_16666,caracteristica_16667,caracteristica_16668,caracteristica_16669,caracteristica_16670,caracteristica_16671,caracteristica_16672,caracteristica_16673,caracteristica_16674,caracteristica_16675,caracteristica_16676,caracteristica_16677,caracteristica_16678,caracteristica_16679,caracteristica_16680,caracteristica_16681,caracteristica_16682,caracteristica_16683,caracteristica_16684,caracteristica_16685,caracteristica_16686,caracteristica_16687,caracteristica_16688,caracteristica_16689,caracteristica_16690,caracteristica_16691,caracteristica_16692,caracteristica_16693,caracteristica_16694,caracteristica_16695,caracteristica_16696,caracteristica_16697,caracteristica_16698,caracteristica_16699,caracteristica_16700,caracteristica_16701,caracteristica_16702,caracteristica_16703,caracteristica_16704,caracteristica_16705,caracteristica_16706,caracteristica_16707,caracteristica_16708,caracteristica_16709,caracteristica_16710,caracteristica_16711,caracteristica_16712,caracteristica_16713,caracteristica_16714,caracteristica_16715,caracteristica_16716,caracteristica_16717,caracteristica_16718,caracteristica_16719,caracteristica_16720,caracteristica_16721,caracteristica_16722,caracteristica_16723,caracteristica_16724,caracteristica_16725,caracteristica_16726,caracteristica_16727,caracteristica_16728,caracteristica_16729,caracteristica_16730,caracteristica_16731,caracteristica_16732,caracteristica_16733,caracteristica_16734,caracteristica_16735,caracteristica_16736,caracteristica_16737,caracteristica_16738,caracteristica_16739,caracteristica_16740,caracteristica_16741,caracteristica_16742,caracteristica_16743,caracteristica_16744,caracteristica_16745,caracteristica_16746,caracteristica_16747,caracteristica_16748,caracteristica_16749,caracteristica_16750,caracteristica_16751,caracteristica_16752,caracteristica_16753,caracteristica_16754,caracteristica_16755,caracteristica_16756,caracteristica_16757,caracteristica_16758,caracteristica_16759,caracteristica_16760,caracteristica_16761,caracteristica_16762,caracteristica_16763,caracteristica_16764,caracteristica_16765,caracteristica_16766,caracteristica_16767,caracteristica_16768,caracteristica_16769,caracteristica_16770,caracteristica_16771,caracteristica_16772,caracteristica_16773,caracteristica_16774,caracteristica_16775,caracteristica_16776,caracteristica_16777,caracteristica_16778,caracteristica_16779,caracteristica_16780,caracteristica_16781,caracteristica_16782,caracteristica_16783,caracteristica_16784,caracteristica_16785,caracteristica_16786,caracteristica_16787,caracteristica_16788,caracteristica_16789,caracteristica_16790,caracteristica_16791,caracteristica_16792,caracteristica_16793,caracteristica_16794,caracteristica_16795,caracteristica_16796,caracteristica_16797,caracteristica_16798,caracteristica_16799,caracteristica_16800,caracteristica_16801,caracteristica_16802,caracteristica_16803,caracteristica_16804,caracteristica_16805,caracteristica_16806,caracteristica_16807,caracteristica_16808,caracteristica_16809,caracteristica_16810,caracteristica_16811,caracteristica_16812,caracteristica_16813,caracteristica_16814,caracteristica_16815,caracteristica_16816,caracteristica_16817,caracteristica_16818,caracteristica_16819,caracteristica_16820,caracteristica_16821,caracteristica_16822,caracteristica_16823,caracteristica_16824,caracteristica_16825,caracteristica_16826,caracteristica_16827,caracteristica_16828,caracteristica_16829,caracteristica_16830,caracteristica_16831,caracteristica_16832,caracteristica_16833,caracteristica_16834,caracteristica_16835,caracteristica_16836,caracteristica_16837,caracteristica_16838,caracteristica_16839,caracteristica_16840,caracteristica_16841,caracteristica_16842,caracteristica_16843,caracteristica_16844,caracteristica_16845,caracteristica_16846,caracteristica_16847,caracteristica_16848,caracteristica_16849,caracteristica_16850,caracteristica_16851,caracteristica_16852,caracteristica_16853,caracteristica_16854,caracteristica_16855,caracteristica_16856,caracteristica_16857,caracteristica_16858,caracteristica_16859,caracteristica_16860,caracteristica_16861,caracteristica_16862,caracteristica_16863,caracteristica_16864,caracteristica_16865,caracteristica_16866,caracteristica_16867,caracteristica_16868,caracteristica_16869,caracteristica_16870,caracteristica_16871,caracteristica_16872,caracteristica_16873,caracteristica_16874,caracteristica_16875,caracteristica_16876,caracteristica_16877,caracteristica_16878,caracteristica_16879,caracteristica_16880,caracteristica_16881,caracteristica_16882,caracteristica_16883,caracteristica_16884,caracteristica_16885,caracteristica_16886,caracteristica_16887,caracteristica_16888,caracteristica_16889,caracteristica_16890,caracteristica_16891,caracteristica_16892,caracteristica_16893,caracteristica_16894,caracteristica_16895,caracteristica_16896,caracteristica_16897,caracteristica_16898,caracteristica_16899,caracteristica_16900,caracteristica_16901,caracteristica_16902,caracteristica_16903,caracteristica_16904,caracteristica_16905,caracteristica_16906,caracteristica_16907,caracteristica_16908,caracteristica_16909,caracteristica_16910,caracteristica_16911,caracteristica_16912,caracteristica_16913,caracteristica_16914,caracteristica_16915,caracteristica_16916,caracteristica_16917,caracteristica_16918,caracteristica_16919,caracteristica_16920,caracteristica_16921,caracteristica_16922,caracteristica_16923,caracteristica_16924,caracteristica_16925,caracteristica_16926,caracteristica_16927,caracteristica_16928,caracteristica_16929,caracteristica_16930,caracteristica_16931,caracteristica_16932,caracteristica_16933,caracteristica_16934,caracteristica_16935,caracteristica_16936,caracteristica_16937,caracteristica_16938,caracteristica_16939,caracteristica_16940,caracteristica_16941,caracteristica_16942,caracteristica_16943,caracteristica_16944,caracteristica_16945,caracteristica_16946,caracteristica_16947,caracteristica_16948,caracteristica_16949,caracteristica_16950,caracteristica_16951,caracteristica_16952,caracteristica_16953,caracteristica_16954,caracteristica_16955,caracteristica_16956,caracteristica_16957,caracteristica_16958,caracteristica_16959,caracteristica_16960,caracteristica_16961,caracteristica_16962,caracteristica_16963,caracteristica_16964,caracteristica_16965,caracteristica_16966,caracteristica_16967,caracteristica_16968,caracteristica_16969,caracteristica_16970,caracteristica_16971,caracteristica_16972,caracteristica_16973,caracteristica_16974,caracteristica_16975,caracteristica_16976,caracteristica_16977,caracteristica_16978,caracteristica_16979,caracteristica_16980,caracteristica_16981,caracteristica_16982,caracteristica_16983,caracteristica_16984,caracteristica_16985,caracteristica_16986,caracteristica_16987,caracteristica_16988,caracteristica_16989,caracteristica_16990,caracteristica_16991,caracteristica_16992,caracteristica_16993,caracteristica_16994,caracteristica_16995,caracteristica_16996,caracteristica_16997,caracteristica_16998,caracteristica_16999,caracteristica_17000,caracteristica_17001,caracteristica_17002,caracteristica_17003,caracteristica_17004,caracteristica_17005,caracteristica_17006,caracteristica_17007,caracteristica_17008,caracteristica_17009,caracteristica_17010,caracteristica_17011,caracteristica_17012,caracteristica_17013,caracteristica_17014,caracteristica_17015,caracteristica_17016,caracteristica_17017,caracteristica_17018,caracteristica_17019,caracteristica_17020,caracteristica_17021,caracteristica_17022,caracteristica_17023,caracteristica_17024,caracteristica_17025,caracteristica_17026,caracteristica_17027,caracteristica_17028,caracteristica_17029,caracteristica_17030,caracteristica_17031,caracteristica_17032,caracteristica_17033,caracteristica_17034,caracteristica_17035,caracteristica_17036,caracteristica_17037,caracteristica_17038,caracteristica_17039,caracteristica_17040,caracteristica_17041,caracteristica_17042,caracteristica_17043,caracteristica_17044,caracteristica_17045,caracteristica_17046,caracteristica_17047,caracteristica_17048,caracteristica_17049,caracteristica_17050,caracteristica_17051,caracteristica_17052,caracteristica_17053,caracteristica_17054,caracteristica_17055,caracteristica_17056,caracteristica_17057,caracteristica_17058,caracteristica_17059,caracteristica_17060,caracteristica_17061,caracteristica_17062,caracteristica_17063,caracteristica_17064,caracteristica_17065,caracteristica_17066,caracteristica_17067,caracteristica_17068,caracteristica_17069,caracteristica_17070,caracteristica_17071,caracteristica_17072,caracteristica_17073,caracteristica_17074,caracteristica_17075,caracteristica_17076,caracteristica_17077,caracteristica_17078,caracteristica_17079,caracteristica_17080,caracteristica_17081,caracteristica_17082,caracteristica_17083,caracteristica_17084,caracteristica_17085,caracteristica_17086,caracteristica_17087,caracteristica_17088,caracteristica_17089,caracteristica_17090,caracteristica_17091,caracteristica_17092,caracteristica_17093,caracteristica_17094,caracteristica_17095,caracteristica_17096,caracteristica_17097,caracteristica_17098,caracteristica_17099,caracteristica_17100,caracteristica_17101,caracteristica_17102,caracteristica_17103,caracteristica_17104,caracteristica_17105,caracteristica_17106,caracteristica_17107,caracteristica_17108,caracteristica_17109,caracteristica_17110,caracteristica_17111,caracteristica_17112,caracteristica_17113,caracteristica_17114,caracteristica_17115,caracteristica_17116,caracteristica_17117,caracteristica_17118,caracteristica_17119,caracteristica_17120,caracteristica_17121,caracteristica_17122,caracteristica_17123,caracteristica_17124,caracteristica_17125,caracteristica_17126,caracteristica_17127,caracteristica_17128,caracteristica_17129,caracteristica_17130,caracteristica_17131,caracteristica_17132,caracteristica_17133,caracteristica_17134,caracteristica_17135,caracteristica_17136,caracteristica_17137,caracteristica_17138,caracteristica_17139,caracteristica_17140,caracteristica_17141,caracteristica_17142,caracteristica_17143,caracteristica_17144,caracteristica_17145,caracteristica_17146,caracteristica_17147,caracteristica_17148,caracteristica_17149,caracteristica_17150,caracteristica_17151,caracteristica_17152,caracteristica_17153,caracteristica_17154,caracteristica_17155,caracteristica_17156,caracteristica_17157,caracteristica_17158,caracteristica_17159,caracteristica_17160,caracteristica_17161,caracteristica_17162,caracteristica_17163,caracteristica_17164,caracteristica_17165,caracteristica_17166,caracteristica_17167,caracteristica_17168,caracteristica_17169,caracteristica_17170,caracteristica_17171,caracteristica_17172,caracteristica_17173,caracteristica_17174,caracteristica_17175,caracteristica_17176,caracteristica_17177,caracteristica_17178,caracteristica_17179,caracteristica_17180,caracteristica_17181,caracteristica_17182,caracteristica_17183,caracteristica_17184,caracteristica_17185,caracteristica_17186,caracteristica_17187,caracteristica_17188,caracteristica_17189,caracteristica_17190,caracteristica_17191,caracteristica_17192,caracteristica_17193,caracteristica_17194,caracteristica_17195,caracteristica_17196,caracteristica_17197,caracteristica_17198,caracteristica_17199,caracteristica_17200,caracteristica_17201,caracteristica_17202,caracteristica_17203,caracteristica_17204,caracteristica_17205,caracteristica_17206,caracteristica_17207,caracteristica_17208,caracteristica_17209,caracteristica_17210,caracteristica_17211,caracteristica_17212,caracteristica_17213,caracteristica_17214,caracteristica_17215,caracteristica_17216,caracteristica_17217,caracteristica_17218,caracteristica_17219,caracteristica_17220,caracteristica_17221,caracteristica_17222,caracteristica_17223,caracteristica_17224,caracteristica_17225,caracteristica_17226,caracteristica_17227,caracteristica_17228,caracteristica_17229,caracteristica_17230,caracteristica_17231,caracteristica_17232,caracteristica_17233,caracteristica_17234,caracteristica_17235,caracteristica_17236,caracteristica_17237,caracteristica_17238,caracteristica_17239,caracteristica_17240,caracteristica_17241,caracteristica_17242,caracteristica_17243,caracteristica_17244,caracteristica_17245,caracteristica_17246,caracteristica_17247,caracteristica_17248,caracteristica_17249,caracteristica_17250,caracteristica_17251,caracteristica_17252,caracteristica_17253,caracteristica_17254,caracteristica_17255,caracteristica_17256,caracteristica_17257,caracteristica_17258,caracteristica_17259,caracteristica_17260,caracteristica_17261,caracteristica_17262,caracteristica_17263,caracteristica_17264,caracteristica_17265,caracteristica_17266,caracteristica_17267,caracteristica_17268,caracteristica_17269,caracteristica_17270,caracteristica_17271,caracteristica_17272,caracteristica_17273,caracteristica_17274,caracteristica_17275,caracteristica_17276,caracteristica_17277,caracteristica_17278,caracteristica_17279,caracteristica_17280,caracteristica_17281,caracteristica_17282,caracteristica_17283,caracteristica_17284,caracteristica_17285,caracteristica_17286,caracteristica_17287,caracteristica_17288,caracteristica_17289,caracteristica_17290,caracteristica_17291,caracteristica_17292,caracteristica_17293,caracteristica_17294,caracteristica_17295,caracteristica_17296,caracteristica_17297,caracteristica_17298,caracteristica_17299,caracteristica_17300,caracteristica_17301,caracteristica_17302,caracteristica_17303,caracteristica_17304,caracteristica_17305,caracteristica_17306,caracteristica_17307,caracteristica_17308,caracteristica_17309,caracteristica_17310,caracteristica_17311,caracteristica_17312,caracteristica_17313,caracteristica_17314,caracteristica_17315,caracteristica_17316,caracteristica_17317,caracteristica_17318,caracteristica_17319,caracteristica_17320,caracteristica_17321,caracteristica_17322,caracteristica_17323,caracteristica_17324,caracteristica_17325,caracteristica_17326,caracteristica_17327,caracteristica_17328,caracteristica_17329,caracteristica_17330,caracteristica_17331,caracteristica_17332,caracteristica_17333,caracteristica_17334,caracteristica_17335,caracteristica_17336,caracteristica_17337,caracteristica_17338,caracteristica_17339,caracteristica_17340,caracteristica_17341,caracteristica_17342,caracteristica_17343,caracteristica_17344,caracteristica_17345,caracteristica_17346,caracteristica_17347,caracteristica_17348,caracteristica_17349,caracteristica_17350,caracteristica_17351,caracteristica_17352,caracteristica_17353,caracteristica_17354,caracteristica_17355,caracteristica_17356,caracteristica_17357,caracteristica_17358,caracteristica_17359,caracteristica_17360,caracteristica_17361,caracteristica_17362,caracteristica_17363,caracteristica_17364,caracteristica_17365,caracteristica_17366,caracteristica_17367,caracteristica_17368,caracteristica_17369,caracteristica_17370,caracteristica_17371,caracteristica_17372,caracteristica_17373,caracteristica_17374,caracteristica_17375,caracteristica_17376,caracteristica_17377,caracteristica_17378,caracteristica_17379,caracteristica_17380,caracteristica_17381,caracteristica_17382,caracteristica_17383,caracteristica_17384,caracteristica_17385,caracteristica_17386,caracteristica_17387,caracteristica_17388,caracteristica_17389,caracteristica_17390,caracteristica_17391,caracteristica_17392,caracteristica_17393,caracteristica_17394,caracteristica_17395,caracteristica_17396,caracteristica_17397,caracteristica_17398,caracteristica_17399,caracteristica_17400,caracteristica_17401,caracteristica_17402,caracteristica_17403,caracteristica_17404,caracteristica_17405,caracteristica_17406,caracteristica_17407,caracteristica_17408,caracteristica_17409,caracteristica_17410,caracteristica_17411,caracteristica_17412,caracteristica_17413,caracteristica_17414,caracteristica_17415,caracteristica_17416,caracteristica_17417,caracteristica_17418,caracteristica_17419,caracteristica_17420,caracteristica_17421,caracteristica_17422,caracteristica_17423,caracteristica_17424,caracteristica_17425,caracteristica_17426,caracteristica_17427,caracteristica_17428,caracteristica_17429,caracteristica_17430,caracteristica_17431,caracteristica_17432,caracteristica_17433,caracteristica_17434,caracteristica_17435,caracteristica_17436,caracteristica_17437,caracteristica_17438,caracteristica_17439,caracteristica_17440,caracteristica_17441,caracteristica_17442,caracteristica_17443,caracteristica_17444,caracteristica_17445,caracteristica_17446,caracteristica_17447,caracteristica_17448,caracteristica_17449,caracteristica_17450,caracteristica_17451,caracteristica_17452,caracteristica_17453,caracteristica_17454,caracteristica_17455,caracteristica_17456,caracteristica_17457,caracteristica_17458,caracteristica_17459,caracteristica_17460,caracteristica_17461,caracteristica_17462,caracteristica_17463,caracteristica_17464,caracteristica_17465,caracteristica_17466,caracteristica_17467,caracteristica_17468,caracteristica_17469,caracteristica_17470,caracteristica_17471,caracteristica_17472,caracteristica_17473,caracteristica_17474,caracteristica_17475,caracteristica_17476,caracteristica_17477,caracteristica_17478,caracteristica_17479,caracteristica_17480,caracteristica_17481,caracteristica_17482,caracteristica_17483,caracteristica_17484,caracteristica_17485,caracteristica_17486,caracteristica_17487,caracteristica_17488,caracteristica_17489,caracteristica_17490,caracteristica_17491,caracteristica_17492,caracteristica_17493,caracteristica_17494,caracteristica_17495,caracteristica_17496,caracteristica_17497,caracteristica_17498,caracteristica_17499,caracteristica_17500,caracteristica_17501,caracteristica_17502,caracteristica_17503,caracteristica_17504,caracteristica_17505,caracteristica_17506,caracteristica_17507,caracteristica_17508,caracteristica_17509,caracteristica_17510,caracteristica_17511,caracteristica_17512,caracteristica_17513,caracteristica_17514,caracteristica_17515,caracteristica_17516,caracteristica_17517,caracteristica_17518,caracteristica_17519,caracteristica_17520,caracteristica_17521,caracteristica_17522,caracteristica_17523,caracteristica_17524,caracteristica_17525,caracteristica_17526,caracteristica_17527,caracteristica_17528,caracteristica_17529,caracteristica_17530,caracteristica_17531,caracteristica_17532,caracteristica_17533,caracteristica_17534,caracteristica_17535,caracteristica_17536,caracteristica_17537,caracteristica_17538,caracteristica_17539,caracteristica_17540,caracteristica_17541,caracteristica_17542,caracteristica_17543,caracteristica_17544,caracteristica_17545,caracteristica_17546,caracteristica_17547,caracteristica_17548,caracteristica_17549,caracteristica_17550,caracteristica_17551,caracteristica_17552,caracteristica_17553,caracteristica_17554,caracteristica_17555,caracteristica_17556,caracteristica_17557,caracteristica_17558,caracteristica_17559,caracteristica_17560,caracteristica_17561,caracteristica_17562,caracteristica_17563,caracteristica_17564,caracteristica_17565,caracteristica_17566,caracteristica_17567,caracteristica_17568,caracteristica_17569,caracteristica_17570,caracteristica_17571,caracteristica_17572,caracteristica_17573,caracteristica_17574,caracteristica_17575,caracteristica_17576,caracteristica_17577,caracteristica_17578,caracteristica_17579,caracteristica_17580,caracteristica_17581,caracteristica_17582,caracteristica_17583,caracteristica_17584,caracteristica_17585,caracteristica_17586,caracteristica_17587,caracteristica_17588,caracteristica_17589,caracteristica_17590,caracteristica_17591,caracteristica_17592,caracteristica_17593,caracteristica_17594,caracteristica_17595,caracteristica_17596,caracteristica_17597,caracteristica_17598,caracteristica_17599,caracteristica_17600,caracteristica_17601,caracteristica_17602,caracteristica_17603,caracteristica_17604,caracteristica_17605,caracteristica_17606,caracteristica_17607,caracteristica_17608,caracteristica_17609,caracteristica_17610,caracteristica_17611,caracteristica_17612,caracteristica_17613,caracteristica_17614,caracteristica_17615,caracteristica_17616,caracteristica_17617,caracteristica_17618,caracteristica_17619,caracteristica_17620,caracteristica_17621,caracteristica_17622,caracteristica_17623,caracteristica_17624,caracteristica_17625,caracteristica_17626,caracteristica_17627,caracteristica_17628,caracteristica_17629,caracteristica_17630,caracteristica_17631,caracteristica_17632,caracteristica_17633,caracteristica_17634,caracteristica_17635,caracteristica_17636,caracteristica_17637,caracteristica_17638,caracteristica_17639,caracteristica_17640,caracteristica_17641,caracteristica_17642,caracteristica_17643,caracteristica_17644,caracteristica_17645,caracteristica_17646,caracteristica_17647,caracteristica_17648,caracteristica_17649,caracteristica_17650,caracteristica_17651,caracteristica_17652,caracteristica_17653,caracteristica_17654,caracteristica_17655,caracteristica_17656,caracteristica_17657,caracteristica_17658,caracteristica_17659,caracteristica_17660,caracteristica_17661,caracteristica_17662,caracteristica_17663,caracteristica_17664,caracteristica_17665,caracteristica_17666,caracteristica_17667,caracteristica_17668,caracteristica_17669,caracteristica_17670,caracteristica_17671,caracteristica_17672,caracteristica_17673,caracteristica_17674,caracteristica_17675,caracteristica_17676,caracteristica_17677,caracteristica_17678,caracteristica_17679,caracteristica_17680,caracteristica_17681,caracteristica_17682,caracteristica_17683,caracteristica_17684,caracteristica_17685,caracteristica_17686,caracteristica_17687,caracteristica_17688,caracteristica_17689,caracteristica_17690,caracteristica_17691,caracteristica_17692,caracteristica_17693,caracteristica_17694,caracteristica_17695,caracteristica_17696,caracteristica_17697,caracteristica_17698,caracteristica_17699,caracteristica_17700,caracteristica_17701,caracteristica_17702,caracteristica_17703,caracteristica_17704,caracteristica_17705,caracteristica_17706,caracteristica_17707,caracteristica_17708,caracteristica_17709,caracteristica_17710,caracteristica_17711,caracteristica_17712,caracteristica_17713,caracteristica_17714,caracteristica_17715,caracteristica_17716,caracteristica_17717,caracteristica_17718,caracteristica_17719,caracteristica_17720,caracteristica_17721,caracteristica_17722,caracteristica_17723,caracteristica_17724,caracteristica_17725,caracteristica_17726,caracteristica_17727,caracteristica_17728,caracteristica_17729,caracteristica_17730,caracteristica_17731,caracteristica_17732,caracteristica_17733,caracteristica_17734,caracteristica_17735,caracteristica_17736,caracteristica_17737,caracteristica_17738,caracteristica_17739,caracteristica_17740,caracteristica_17741,caracteristica_17742,caracteristica_17743,caracteristica_17744,caracteristica_17745,caracteristica_17746,caracteristica_17747,caracteristica_17748,caracteristica_17749,caracteristica_17750,caracteristica_17751,caracteristica_17752,caracteristica_17753,caracteristica_17754,caracteristica_17755,caracteristica_17756,caracteristica_17757,caracteristica_17758,caracteristica_17759,caracteristica_17760,caracteristica_17761,caracteristica_17762,caracteristica_17763,caracteristica_17764,caracteristica_17765,caracteristica_17766,caracteristica_17767,caracteristica_17768,caracteristica_17769,caracteristica_17770,caracteristica_17771,caracteristica_17772,caracteristica_17773,caracteristica_17774,caracteristica_17775,caracteristica_17776,caracteristica_17777,caracteristica_17778,caracteristica_17779,caracteristica_17780,caracteristica_17781,caracteristica_17782,caracteristica_17783,caracteristica_17784,caracteristica_17785,caracteristica_17786,caracteristica_17787,caracteristica_17788,caracteristica_17789,caracteristica_17790,caracteristica_17791,caracteristica_17792,caracteristica_17793,caracteristica_17794,caracteristica_17795,caracteristica_17796,caracteristica_17797,caracteristica_17798,caracteristica_17799,caracteristica_17800,caracteristica_17801,caracteristica_17802,caracteristica_17803,caracteristica_17804,caracteristica_17805,caracteristica_17806,caracteristica_17807,caracteristica_17808,caracteristica_17809,caracteristica_17810,caracteristica_17811,caracteristica_17812,caracteristica_17813,caracteristica_17814,caracteristica_17815,caracteristica_17816,caracteristica_17817,caracteristica_17818,caracteristica_17819,caracteristica_17820,caracteristica_17821,caracteristica_17822,caracteristica_17823,caracteristica_17824,caracteristica_17825,caracteristica_17826,caracteristica_17827,caracteristica_17828,caracteristica_17829,caracteristica_17830,caracteristica_17831,caracteristica_17832,caracteristica_17833,caracteristica_17834,caracteristica_17835,caracteristica_17836,caracteristica_17837,caracteristica_17838,caracteristica_17839,caracteristica_17840,caracteristica_17841,caracteristica_17842,caracteristica_17843,caracteristica_17844,caracteristica_17845,caracteristica_17846,caracteristica_17847,caracteristica_17848,caracteristica_17849,caracteristica_17850,caracteristica_17851,caracteristica_17852,caracteristica_17853,caracteristica_17854,caracteristica_17855,caracteristica_17856,caracteristica_17857,caracteristica_17858,caracteristica_17859,caracteristica_17860,caracteristica_17861,caracteristica_17862,caracteristica_17863,caracteristica_17864,caracteristica_17865,caracteristica_17866,caracteristica_17867,caracteristica_17868,caracteristica_17869,caracteristica_17870,caracteristica_17871,caracteristica_17872,caracteristica_17873,caracteristica_17874,caracteristica_17875,caracteristica_17876,caracteristica_17877,caracteristica_17878,caracteristica_17879,caracteristica_17880,caracteristica_17881,caracteristica_17882,caracteristica_17883,caracteristica_17884,caracteristica_17885,caracteristica_17886,caracteristica_17887,caracteristica_17888,caracteristica_17889,caracteristica_17890,caracteristica_17891,caracteristica_17892,caracteristica_17893,caracteristica_17894,caracteristica_17895,caracteristica_17896,caracteristica_17897,caracteristica_17898,caracteristica_17899,caracteristica_17900,caracteristica_17901,caracteristica_17902,caracteristica_17903,caracteristica_17904,caracteristica_17905,caracteristica_17906,caracteristica_17907,caracteristica_17908,caracteristica_17909,caracteristica_17910,caracteristica_17911,caracteristica_17912,caracteristica_17913,caracteristica_17914,caracteristica_17915,caracteristica_17916,caracteristica_17917,caracteristica_17918,caracteristica_17919,caracteristica_17920,caracteristica_17921,caracteristica_17922,caracteristica_17923,caracteristica_17924,caracteristica_17925,caracteristica_17926,caracteristica_17927,caracteristica_17928,caracteristica_17929,caracteristica_17930,caracteristica_17931,caracteristica_17932,caracteristica_17933,caracteristica_17934,caracteristica_17935,caracteristica_17936,caracteristica_17937,caracteristica_17938,caracteristica_17939,caracteristica_17940,caracteristica_17941,caracteristica_17942,caracteristica_17943,caracteristica_17944,caracteristica_17945,caracteristica_17946,caracteristica_17947,caracteristica_17948,caracteristica_17949,caracteristica_17950,caracteristica_17951,caracteristica_17952,caracteristica_17953,caracteristica_17954,caracteristica_17955,caracteristica_17956,caracteristica_17957,caracteristica_17958,caracteristica_17959,caracteristica_17960,caracteristica_17961,caracteristica_17962,caracteristica_17963,caracteristica_17964,caracteristica_17965,caracteristica_17966,caracteristica_17967,caracteristica_17968,caracteristica_17969,caracteristica_17970,caracteristica_17971,caracteristica_17972,caracteristica_17973,caracteristica_17974,caracteristica_17975,caracteristica_17976,caracteristica_17977,caracteristica_17978,caracteristica_17979,caracteristica_17980,caracteristica_17981,caracteristica_17982,caracteristica_17983,caracteristica_17984,caracteristica_17985,caracteristica_17986,caracteristica_17987,caracteristica_17988,caracteristica_17989,caracteristica_17990,caracteristica_17991,caracteristica_17992,caracteristica_17993,caracteristica_17994,caracteristica_17995,caracteristica_17996,caracteristica_17997,caracteristica_17998,caracteristica_17999,caracteristica_18000,caracteristica_18001,caracteristica_18002,caracteristica_18003,caracteristica_18004,caracteristica_18005,caracteristica_18006,caracteristica_18007,caracteristica_18008,caracteristica_18009,caracteristica_18010,caracteristica_18011,caracteristica_18012,caracteristica_18013,caracteristica_18014,caracteristica_18015,caracteristica_18016,caracteristica_18017,caracteristica_18018,caracteristica_18019,caracteristica_18020,caracteristica_18021,caracteristica_18022,caracteristica_18023,caracteristica_18024,caracteristica_18025,caracteristica_18026,caracteristica_18027,caracteristica_18028,caracteristica_18029,caracteristica_18030,caracteristica_18031,caracteristica_18032,caracteristica_18033,caracteristica_18034,caracteristica_18035,caracteristica_18036,caracteristica_18037,caracteristica_18038,caracteristica_18039,caracteristica_18040,caracteristica_18041,caracteristica_18042,caracteristica_18043,caracteristica_18044,caracteristica_18045,caracteristica_18046,caracteristica_18047,caracteristica_18048,caracteristica_18049,caracteristica_18050,caracteristica_18051,caracteristica_18052,caracteristica_18053,caracteristica_18054,caracteristica_18055,caracteristica_18056,caracteristica_18057,caracteristica_18058,caracteristica_18059,caracteristica_18060,caracteristica_18061,caracteristica_18062,caracteristica_18063,caracteristica_18064,caracteristica_18065,caracteristica_18066,caracteristica_18067,caracteristica_18068,caracteristica_18069,caracteristica_18070,caracteristica_18071,caracteristica_18072,caracteristica_18073,caracteristica_18074,caracteristica_18075,caracteristica_18076,caracteristica_18077,caracteristica_18078,caracteristica_18079,caracteristica_18080,caracteristica_18081,caracteristica_18082,caracteristica_18083,caracteristica_18084,caracteristica_18085,caracteristica_18086,caracteristica_18087,caracteristica_18088,caracteristica_18089,caracteristica_18090,caracteristica_18091,caracteristica_18092,caracteristica_18093,caracteristica_18094,caracteristica_18095,caracteristica_18096,caracteristica_18097,caracteristica_18098,caracteristica_18099,caracteristica_18100,caracteristica_18101,caracteristica_18102,caracteristica_18103,caracteristica_18104,caracteristica_18105,caracteristica_18106,caracteristica_18107,caracteristica_18108,caracteristica_18109,caracteristica_18110,caracteristica_18111,caracteristica_18112,caracteristica_18113,caracteristica_18114,caracteristica_18115,caracteristica_18116,caracteristica_18117,caracteristica_18118,caracteristica_18119,caracteristica_18120,caracteristica_18121,caracteristica_18122,caracteristica_18123,caracteristica_18124,caracteristica_18125,caracteristica_18126,caracteristica_18127,caracteristica_18128,caracteristica_18129,caracteristica_18130,caracteristica_18131,caracteristica_18132,caracteristica_18133,caracteristica_18134,caracteristica_18135,caracteristica_18136,caracteristica_18137,caracteristica_18138,caracteristica_18139,caracteristica_18140,caracteristica_18141,caracteristica_18142,caracteristica_18143,caracteristica_18144,caracteristica_18145,caracteristica_18146,caracteristica_18147,caracteristica_18148,caracteristica_18149,caracteristica_18150,caracteristica_18151,caracteristica_18152,caracteristica_18153,caracteristica_18154,caracteristica_18155,caracteristica_18156,caracteristica_18157,caracteristica_18158,caracteristica_18159,caracteristica_18160,caracteristica_18161,caracteristica_18162,caracteristica_18163,caracteristica_18164,caracteristica_18165,caracteristica_18166,caracteristica_18167,caracteristica_18168,caracteristica_18169,caracteristica_18170,caracteristica_18171,caracteristica_18172,caracteristica_18173,caracteristica_18174,caracteristica_18175,caracteristica_18176,caracteristica_18177,caracteristica_18178,caracteristica_18179,caracteristica_18180,caracteristica_18181,caracteristica_18182,caracteristica_18183,caracteristica_18184,caracteristica_18185,caracteristica_18186,caracteristica_18187,caracteristica_18188,caracteristica_18189,caracteristica_18190,caracteristica_18191,caracteristica_18192,caracteristica_18193,caracteristica_18194,caracteristica_18195,caracteristica_18196,caracteristica_18197,caracteristica_18198,caracteristica_18199,caracteristica_18200,caracteristica_18201,caracteristica_18202,caracteristica_18203,caracteristica_18204,caracteristica_18205,caracteristica_18206,caracteristica_18207,caracteristica_18208,caracteristica_18209,caracteristica_18210,caracteristica_18211,caracteristica_18212,caracteristica_18213,caracteristica_18214,caracteristica_18215,caracteristica_18216,caracteristica_18217,caracteristica_18218,caracteristica_18219,caracteristica_18220,caracteristica_18221,caracteristica_18222,caracteristica_18223,caracteristica_18224,caracteristica_18225,caracteristica_18226,caracteristica_18227,caracteristica_18228,caracteristica_18229,caracteristica_18230,caracteristica_18231,caracteristica_18232,caracteristica_18233,caracteristica_18234,caracteristica_18235,caracteristica_18236,caracteristica_18237,caracteristica_18238,caracteristica_18239,caracteristica_18240,caracteristica_18241,caracteristica_18242,caracteristica_18243,caracteristica_18244,caracteristica_18245,caracteristica_18246,caracteristica_18247,caracteristica_18248,caracteristica_18249,caracteristica_18250,caracteristica_18251,caracteristica_18252,caracteristica_18253,caracteristica_18254,caracteristica_18255,caracteristica_18256,caracteristica_18257,caracteristica_18258,caracteristica_18259,caracteristica_18260,caracteristica_18261,caracteristica_18262,caracteristica_18263,caracteristica_18264,caracteristica_18265,caracteristica_18266,caracteristica_18267,caracteristica_18268,caracteristica_18269,caracteristica_18270,caracteristica_18271,caracteristica_18272,caracteristica_18273,caracteristica_18274,caracteristica_18275,caracteristica_18276,caracteristica_18277,caracteristica_18278,caracteristica_18279,caracteristica_18280,caracteristica_18281,caracteristica_18282,caracteristica_18283,caracteristica_18284,caracteristica_18285,caracteristica_18286,caracteristica_18287,caracteristica_18288,caracteristica_18289,caracteristica_18290,caracteristica_18291,caracteristica_18292,caracteristica_18293,caracteristica_18294,caracteristica_18295,caracteristica_18296,caracteristica_18297,caracteristica_18298,caracteristica_18299,caracteristica_18300,caracteristica_18301,caracteristica_18302,caracteristica_18303,caracteristica_18304,caracteristica_18305,caracteristica_18306,caracteristica_18307,caracteristica_18308,caracteristica_18309,caracteristica_18310,caracteristica_18311,caracteristica_18312,caracteristica_18313,caracteristica_18314,caracteristica_18315,caracteristica_18316,caracteristica_18317,caracteristica_18318,caracteristica_18319,caracteristica_18320,caracteristica_18321,caracteristica_18322,caracteristica_18323,caracteristica_18324,caracteristica_18325,caracteristica_18326,caracteristica_18327,caracteristica_18328,caracteristica_18329,caracteristica_18330,caracteristica_18331,caracteristica_18332,caracteristica_18333,caracteristica_18334,caracteristica_18335,caracteristica_18336,caracteristica_18337,caracteristica_18338,caracteristica_18339,caracteristica_18340,caracteristica_18341,caracteristica_18342,caracteristica_18343,caracteristica_18344,caracteristica_18345,caracteristica_18346,caracteristica_18347,caracteristica_18348,caracteristica_18349,caracteristica_18350,caracteristica_18351,caracteristica_18352,caracteristica_18353,caracteristica_18354,caracteristica_18355,caracteristica_18356,caracteristica_18357,caracteristica_18358,caracteristica_18359,caracteristica_18360,caracteristica_18361,caracteristica_18362,caracteristica_18363,caracteristica_18364,caracteristica_18365,caracteristica_18366,caracteristica_18367,caracteristica_18368,caracteristica_18369,caracteristica_18370,caracteristica_18371,caracteristica_18372,caracteristica_18373,caracteristica_18374,caracteristica_18375,caracteristica_18376,caracteristica_18377,caracteristica_18378,caracteristica_18379,caracteristica_18380,caracteristica_18381,caracteristica_18382,caracteristica_18383,caracteristica_18384,caracteristica_18385,caracteristica_18386,caracteristica_18387,caracteristica_18388,caracteristica_18389,caracteristica_18390,caracteristica_18391,caracteristica_18392,caracteristica_18393,caracteristica_18394,caracteristica_18395,caracteristica_18396,caracteristica_18397,caracteristica_18398,caracteristica_18399,caracteristica_18400,caracteristica_18401,caracteristica_18402,caracteristica_18403,caracteristica_18404,caracteristica_18405,caracteristica_18406,caracteristica_18407,caracteristica_18408,caracteristica_18409,caracteristica_18410,caracteristica_18411,caracteristica_18412,caracteristica_18413,caracteristica_18414,caracteristica_18415,caracteristica_18416,caracteristica_18417,caracteristica_18418,caracteristica_18419,caracteristica_18420,caracteristica_18421,caracteristica_18422,caracteristica_18423,caracteristica_18424,caracteristica_18425,caracteristica_18426,caracteristica_18427,caracteristica_18428,caracteristica_18429,caracteristica_18430,caracteristica_18431,caracteristica_18432,caracteristica_18433,caracteristica_18434,caracteristica_18435,caracteristica_18436,caracteristica_18437,caracteristica_18438,caracteristica_18439,caracteristica_18440,caracteristica_18441,caracteristica_18442,caracteristica_18443,caracteristica_18444,caracteristica_18445,caracteristica_18446,caracteristica_18447,caracteristica_18448,caracteristica_18449,caracteristica_18450,caracteristica_18451,caracteristica_18452,caracteristica_18453,caracteristica_18454,caracteristica_18455,caracteristica_18456,caracteristica_18457,caracteristica_18458,caracteristica_18459,caracteristica_18460,caracteristica_18461,caracteristica_18462,caracteristica_18463,caracteristica_18464,caracteristica_18465,caracteristica_18466,caracteristica_18467,caracteristica_18468,caracteristica_18469,caracteristica_18470,caracteristica_18471,caracteristica_18472,caracteristica_18473,caracteristica_18474,caracteristica_18475,caracteristica_18476,caracteristica_18477,caracteristica_18478,caracteristica_18479,caracteristica_18480,caracteristica_18481,caracteristica_18482,caracteristica_18483,caracteristica_18484,caracteristica_18485,caracteristica_18486,caracteristica_18487,caracteristica_18488,caracteristica_18489,caracteristica_18490,caracteristica_18491,caracteristica_18492,caracteristica_18493,caracteristica_18494,caracteristica_18495,caracteristica_18496,caracteristica_18497,caracteristica_18498,caracteristica_18499,caracteristica_18500,caracteristica_18501,caracteristica_18502,caracteristica_18503,caracteristica_18504,caracteristica_18505,caracteristica_18506,caracteristica_18507,caracteristica_18508,caracteristica_18509,caracteristica_18510,caracteristica_18511,caracteristica_18512,caracteristica_18513,caracteristica_18514,caracteristica_18515,caracteristica_18516,caracteristica_18517,caracteristica_18518,caracteristica_18519,caracteristica_18520,caracteristica_18521,caracteristica_18522,caracteristica_18523,caracteristica_18524,caracteristica_18525,caracteristica_18526,caracteristica_18527,caracteristica_18528,caracteristica_18529,caracteristica_18530,caracteristica_18531,caracteristica_18532,caracteristica_18533,caracteristica_18534,caracteristica_18535,caracteristica_18536,caracteristica_18537,caracteristica_18538,caracteristica_18539,caracteristica_18540,caracteristica_18541,caracteristica_18542,caracteristica_18543,caracteristica_18544,caracteristica_18545,caracteristica_18546,caracteristica_18547,caracteristica_18548,caracteristica_18549,caracteristica_18550,caracteristica_18551,caracteristica_18552,caracteristica_18553,caracteristica_18554,caracteristica_18555,caracteristica_18556,caracteristica_18557,caracteristica_18558,caracteristica_18559,caracteristica_18560,caracteristica_18561,caracteristica_18562,caracteristica_18563,caracteristica_18564,caracteristica_18565,caracteristica_18566,caracteristica_18567,caracteristica_18568,caracteristica_18569,caracteristica_18570,caracteristica_18571,caracteristica_18572,caracteristica_18573,caracteristica_18574,caracteristica_18575,caracteristica_18576,caracteristica_18577,caracteristica_18578,caracteristica_18579,caracteristica_18580,caracteristica_18581,caracteristica_18582,caracteristica_18583,caracteristica_18584,caracteristica_18585,caracteristica_18586,caracteristica_18587,caracteristica_18588,caracteristica_18589,caracteristica_18590,caracteristica_18591,caracteristica_18592,caracteristica_18593,caracteristica_18594,caracteristica_18595,caracteristica_18596,caracteristica_18597,caracteristica_18598,caracteristica_18599,caracteristica_18600,caracteristica_18601,caracteristica_18602,caracteristica_18603,caracteristica_18604,caracteristica_18605,caracteristica_18606,caracteristica_18607,caracteristica_18608,caracteristica_18609,caracteristica_18610,caracteristica_18611,caracteristica_18612,caracteristica_18613,caracteristica_18614,caracteristica_18615,caracteristica_18616,caracteristica_18617,caracteristica_18618,caracteristica_18619,caracteristica_18620,caracteristica_18621,caracteristica_18622,caracteristica_18623,caracteristica_18624,caracteristica_18625,caracteristica_18626,caracteristica_18627,caracteristica_18628,caracteristica_18629,caracteristica_18630,caracteristica_18631,caracteristica_18632,caracteristica_18633,caracteristica_18634,caracteristica_18635,caracteristica_18636,caracteristica_18637,caracteristica_18638,caracteristica_18639,caracteristica_18640,caracteristica_18641,caracteristica_18642,caracteristica_18643,caracteristica_18644,caracteristica_18645,caracteristica_18646,caracteristica_18647,caracteristica_18648,caracteristica_18649,caracteristica_18650,caracteristica_18651,caracteristica_18652,caracteristica_18653,caracteristica_18654,caracteristica_18655,caracteristica_18656,caracteristica_18657,caracteristica_18658,caracteristica_18659,caracteristica_18660,caracteristica_18661,caracteristica_18662,caracteristica_18663,caracteristica_18664,caracteristica_18665,caracteristica_18666,caracteristica_18667,caracteristica_18668,caracteristica_18669,caracteristica_18670,caracteristica_18671,caracteristica_18672,caracteristica_18673,caracteristica_18674,caracteristica_18675,caracteristica_18676,caracteristica_18677,caracteristica_18678,caracteristica_18679,caracteristica_18680,caracteristica_18681,caracteristica_18682,caracteristica_18683,caracteristica_18684,caracteristica_18685,caracteristica_18686,caracteristica_18687,caracteristica_18688,caracteristica_18689,caracteristica_18690,caracteristica_18691,caracteristica_18692,caracteristica_18693,caracteristica_18694,caracteristica_18695,caracteristica_18696,caracteristica_18697,caracteristica_18698,caracteristica_18699,caracteristica_18700,caracteristica_18701,caracteristica_18702,caracteristica_18703,caracteristica_18704,caracteristica_18705,caracteristica_18706,caracteristica_18707,caracteristica_18708,caracteristica_18709,caracteristica_18710,caracteristica_18711,caracteristica_18712,caracteristica_18713,caracteristica_18714,caracteristica_18715,caracteristica_18716,caracteristica_18717,caracteristica_18718,caracteristica_18719,caracteristica_18720,caracteristica_18721,caracteristica_18722,caracteristica_18723,caracteristica_18724,caracteristica_18725,caracteristica_18726,caracteristica_18727,caracteristica_18728,caracteristica_18729,caracteristica_18730,caracteristica_18731,caracteristica_18732,caracteristica_18733,caracteristica_18734,caracteristica_18735,caracteristica_18736,caracteristica_18737,caracteristica_18738,caracteristica_18739,caracteristica_18740,caracteristica_18741,caracteristica_18742,caracteristica_18743,caracteristica_18744,caracteristica_18745,caracteristica_18746,caracteristica_18747,caracteristica_18748,caracteristica_18749,caracteristica_18750,caracteristica_18751,caracteristica_18752,caracteristica_18753,caracteristica_18754,caracteristica_18755,caracteristica_18756,caracteristica_18757,caracteristica_18758,caracteristica_18759,caracteristica_18760,caracteristica_18761,caracteristica_18762,caracteristica_18763,caracteristica_18764,caracteristica_18765,caracteristica_18766,caracteristica_18767,caracteristica_18768,caracteristica_18769,caracteristica_18770,caracteristica_18771,caracteristica_18772,caracteristica_18773,caracteristica_18774,caracteristica_18775,caracteristica_18776,caracteristica_18777,caracteristica_18778,caracteristica_18779,caracteristica_18780,caracteristica_18781,caracteristica_18782,caracteristica_18783,caracteristica_18784,caracteristica_18785,caracteristica_18786,caracteristica_18787,caracteristica_18788,caracteristica_18789,caracteristica_18790,caracteristica_18791,caracteristica_18792,caracteristica_18793,caracteristica_18794,caracteristica_18795,caracteristica_18796,caracteristica_18797,caracteristica_18798,caracteristica_18799,caracteristica_18800,caracteristica_18801,caracteristica_18802,caracteristica_18803,caracteristica_18804,caracteristica_18805,caracteristica_18806,caracteristica_18807,caracteristica_18808,caracteristica_18809,caracteristica_18810,caracteristica_18811,caracteristica_18812,caracteristica_18813,caracteristica_18814,caracteristica_18815,caracteristica_18816,caracteristica_18817,caracteristica_18818,caracteristica_18819,caracteristica_18820,caracteristica_18821,caracteristica_18822,caracteristica_18823,caracteristica_18824,caracteristica_18825,caracteristica_18826,caracteristica_18827,caracteristica_18828,caracteristica_18829,caracteristica_18830,caracteristica_18831,caracteristica_18832,caracteristica_18833,caracteristica_18834,caracteristica_18835,caracteristica_18836,caracteristica_18837,caracteristica_18838,caracteristica_18839,caracteristica_18840,caracteristica_18841,caracteristica_18842,caracteristica_18843,caracteristica_18844,caracteristica_18845,caracteristica_18846,caracteristica_18847,caracteristica_18848,caracteristica_18849,caracteristica_18850,caracteristica_18851,caracteristica_18852,caracteristica_18853,caracteristica_18854,caracteristica_18855,caracteristica_18856,caracteristica_18857,caracteristica_18858,caracteristica_18859,caracteristica_18860,caracteristica_18861,caracteristica_18862,caracteristica_18863,caracteristica_18864,caracteristica_18865,caracteristica_18866,caracteristica_18867,caracteristica_18868,caracteristica_18869,caracteristica_18870,caracteristica_18871,caracteristica_18872,caracteristica_18873,caracteristica_18874,caracteristica_18875,caracteristica_18876,caracteristica_18877,caracteristica_18878,caracteristica_18879,caracteristica_18880,caracteristica_18881,caracteristica_18882,caracteristica_18883,caracteristica_18884,caracteristica_18885,caracteristica_18886,caracteristica_18887,caracteristica_18888,caracteristica_18889,caracteristica_18890,caracteristica_18891,caracteristica_18892,caracteristica_18893,caracteristica_18894,caracteristica_18895,caracteristica_18896,caracteristica_18897,caracteristica_18898,caracteristica_18899,caracteristica_18900,caracteristica_18901,caracteristica_18902,caracteristica_18903,caracteristica_18904,caracteristica_18905,caracteristica_18906,caracteristica_18907,caracteristica_18908,caracteristica_18909,caracteristica_18910,caracteristica_18911,caracteristica_18912,caracteristica_18913,caracteristica_18914,caracteristica_18915,caracteristica_18916,caracteristica_18917,caracteristica_18918,caracteristica_18919,caracteristica_18920,caracteristica_18921,caracteristica_18922,caracteristica_18923,caracteristica_18924,caracteristica_18925,caracteristica_18926,caracteristica_18927,caracteristica_18928,caracteristica_18929,caracteristica_18930,caracteristica_18931,caracteristica_18932,caracteristica_18933,caracteristica_18934,caracteristica_18935,caracteristica_18936,caracteristica_18937,caracteristica_18938,caracteristica_18939,caracteristica_18940,caracteristica_18941,caracteristica_18942,caracteristica_18943,caracteristica_18944,caracteristica_18945,caracteristica_18946,caracteristica_18947,caracteristica_18948,caracteristica_18949,caracteristica_18950,caracteristica_18951,caracteristica_18952,caracteristica_18953,caracteristica_18954,caracteristica_18955,caracteristica_18956,caracteristica_18957,caracteristica_18958,caracteristica_18959,caracteristica_18960,caracteristica_18961,caracteristica_18962,caracteristica_18963,caracteristica_18964,caracteristica_18965,caracteristica_18966,caracteristica_18967,caracteristica_18968,caracteristica_18969,caracteristica_18970,caracteristica_18971,caracteristica_18972,caracteristica_18973,caracteristica_18974,caracteristica_18975,caracteristica_18976,caracteristica_18977,caracteristica_18978,caracteristica_18979,caracteristica_18980,caracteristica_18981,caracteristica_18982,caracteristica_18983,caracteristica_18984,caracteristica_18985,caracteristica_18986,caracteristica_18987,caracteristica_18988,caracteristica_18989,caracteristica_18990,caracteristica_18991,caracteristica_18992,caracteristica_18993,caracteristica_18994,caracteristica_18995,caracteristica_18996,caracteristica_18997,caracteristica_18998,caracteristica_18999,caracteristica_19000,caracteristica_19001,caracteristica_19002,caracteristica_19003,caracteristica_19004,caracteristica_19005,caracteristica_19006,caracteristica_19007,caracteristica_19008,caracteristica_19009,caracteristica_19010,caracteristica_19011,caracteristica_19012,caracteristica_19013,caracteristica_19014,caracteristica_19015,caracteristica_19016,caracteristica_19017,caracteristica_19018,caracteristica_19019,caracteristica_19020,caracteristica_19021,caracteristica_19022,caracteristica_19023,caracteristica_19024,caracteristica_19025,caracteristica_19026,caracteristica_19027,caracteristica_19028,caracteristica_19029,caracteristica_19030,caracteristica_19031,caracteristica_19032,caracteristica_19033,caracteristica_19034,caracteristica_19035,caracteristica_19036,caracteristica_19037,caracteristica_19038,caracteristica_19039,caracteristica_19040,caracteristica_19041,caracteristica_19042,caracteristica_19043,caracteristica_19044,caracteristica_19045,caracteristica_19046,caracteristica_19047,caracteristica_19048,caracteristica_19049,caracteristica_19050,caracteristica_19051,caracteristica_19052,caracteristica_19053,caracteristica_19054,caracteristica_19055,caracteristica_19056,caracteristica_19057,caracteristica_19058,caracteristica_19059,caracteristica_19060,caracteristica_19061,caracteristica_19062,caracteristica_19063,caracteristica_19064,caracteristica_19065,caracteristica_19066,caracteristica_19067,caracteristica_19068,caracteristica_19069,caracteristica_19070,caracteristica_19071,caracteristica_19072,caracteristica_19073,caracteristica_19074,caracteristica_19075,caracteristica_19076,caracteristica_19077,caracteristica_19078,caracteristica_19079,caracteristica_19080,caracteristica_19081,caracteristica_19082,caracteristica_19083,caracteristica_19084,caracteristica_19085,caracteristica_19086,caracteristica_19087,caracteristica_19088,caracteristica_19089,caracteristica_19090,caracteristica_19091,caracteristica_19092,caracteristica_19093,caracteristica_19094,caracteristica_19095,caracteristica_19096,caracteristica_19097,caracteristica_19098,caracteristica_19099,caracteristica_19100,caracteristica_19101,caracteristica_19102,caracteristica_19103,caracteristica_19104,caracteristica_19105,caracteristica_19106,caracteristica_19107,caracteristica_19108,caracteristica_19109,caracteristica_19110,caracteristica_19111,caracteristica_19112,caracteristica_19113,caracteristica_19114,caracteristica_19115,caracteristica_19116,caracteristica_19117,caracteristica_19118,caracteristica_19119,caracteristica_19120,caracteristica_19121,caracteristica_19122,caracteristica_19123,caracteristica_19124,caracteristica_19125,caracteristica_19126,caracteristica_19127,caracteristica_19128,caracteristica_19129,caracteristica_19130,caracteristica_19131,caracteristica_19132,caracteristica_19133,caracteristica_19134,caracteristica_19135,caracteristica_19136,caracteristica_19137,caracteristica_19138,caracteristica_19139,caracteristica_19140,caracteristica_19141,caracteristica_19142,caracteristica_19143,caracteristica_19144,caracteristica_19145,caracteristica_19146,caracteristica_19147,caracteristica_19148,caracteristica_19149,caracteristica_19150,caracteristica_19151,caracteristica_19152,caracteristica_19153,caracteristica_19154,caracteristica_19155,caracteristica_19156,caracteristica_19157,caracteristica_19158,caracteristica_19159,caracteristica_19160,caracteristica_19161,caracteristica_19162,caracteristica_19163,caracteristica_19164,caracteristica_19165,caracteristica_19166,caracteristica_19167,caracteristica_19168,caracteristica_19169,caracteristica_19170,caracteristica_19171,caracteristica_19172,caracteristica_19173,caracteristica_19174,caracteristica_19175,caracteristica_19176,caracteristica_19177,caracteristica_19178,caracteristica_19179,caracteristica_19180,caracteristica_19181,caracteristica_19182,caracteristica_19183,caracteristica_19184,caracteristica_19185,caracteristica_19186,caracteristica_19187,caracteristica_19188,caracteristica_19189,caracteristica_19190,caracteristica_19191,caracteristica_19192,caracteristica_19193,caracteristica_19194,caracteristica_19195,caracteristica_19196,caracteristica_19197,caracteristica_19198,caracteristica_19199,caracteristica_19200,caracteristica_19201,caracteristica_19202,caracteristica_19203,caracteristica_19204,caracteristica_19205,caracteristica_19206,caracteristica_19207,caracteristica_19208,caracteristica_19209,caracteristica_19210,caracteristica_19211,caracteristica_19212,caracteristica_19213,caracteristica_19214,caracteristica_19215,caracteristica_19216,caracteristica_19217,caracteristica_19218,caracteristica_19219,caracteristica_19220,caracteristica_19221,caracteristica_19222,caracteristica_19223,caracteristica_19224,caracteristica_19225,caracteristica_19226,caracteristica_19227,caracteristica_19228,caracteristica_19229,caracteristica_19230,caracteristica_19231,caracteristica_19232,caracteristica_19233,caracteristica_19234,caracteristica_19235,caracteristica_19236,caracteristica_19237,caracteristica_19238,caracteristica_19239,caracteristica_19240,caracteristica_19241,caracteristica_19242,caracteristica_19243,caracteristica_19244,caracteristica_19245,caracteristica_19246,caracteristica_19247,caracteristica_19248,caracteristica_19249,caracteristica_19250,caracteristica_19251,caracteristica_19252,caracteristica_19253,caracteristica_19254,caracteristica_19255,caracteristica_19256,caracteristica_19257,caracteristica_19258,caracteristica_19259,caracteristica_19260,caracteristica_19261,caracteristica_19262,caracteristica_19263,caracteristica_19264,caracteristica_19265,caracteristica_19266,caracteristica_19267,caracteristica_19268,caracteristica_19269,caracteristica_19270,caracteristica_19271,caracteristica_19272,caracteristica_19273,caracteristica_19274,caracteristica_19275,caracteristica_19276,caracteristica_19277,caracteristica_19278,caracteristica_19279,caracteristica_19280,caracteristica_19281,caracteristica_19282,caracteristica_19283,caracteristica_19284,caracteristica_19285,caracteristica_19286,caracteristica_19287,caracteristica_19288,caracteristica_19289,caracteristica_19290,caracteristica_19291,caracteristica_19292,caracteristica_19293,caracteristica_19294,caracteristica_19295,caracteristica_19296,caracteristica_19297,caracteristica_19298,caracteristica_19299,caracteristica_19300,caracteristica_19301,caracteristica_19302,caracteristica_19303,caracteristica_19304,caracteristica_19305,caracteristica_19306,caracteristica_19307,caracteristica_19308,caracteristica_19309,caracteristica_19310,caracteristica_19311,caracteristica_19312,caracteristica_19313,caracteristica_19314,caracteristica_19315,caracteristica_19316,caracteristica_19317,caracteristica_19318,caracteristica_19319,caracteristica_19320,caracteristica_19321,caracteristica_19322,caracteristica_19323,caracteristica_19324,caracteristica_19325,caracteristica_19326,caracteristica_19327,caracteristica_19328,caracteristica_19329,caracteristica_19330,caracteristica_19331,caracteristica_19332,caracteristica_19333,caracteristica_19334,caracteristica_19335,caracteristica_19336,caracteristica_19337,caracteristica_19338,caracteristica_19339,caracteristica_19340,caracteristica_19341,caracteristica_19342,caracteristica_19343,caracteristica_19344,caracteristica_19345,caracteristica_19346,caracteristica_19347,caracteristica_19348,caracteristica_19349,caracteristica_19350,caracteristica_19351,caracteristica_19352,caracteristica_19353,caracteristica_19354,caracteristica_19355,caracteristica_19356,caracteristica_19357,caracteristica_19358,caracteristica_19359,caracteristica_19360,caracteristica_19361,caracteristica_19362,caracteristica_19363,caracteristica_19364,caracteristica_19365,caracteristica_19366,caracteristica_19367,caracteristica_19368,caracteristica_19369,caracteristica_19370,caracteristica_19371,caracteristica_19372,caracteristica_19373,caracteristica_19374,caracteristica_19375,caracteristica_19376,caracteristica_19377,caracteristica_19378,caracteristica_19379,caracteristica_19380,caracteristica_19381,caracteristica_19382,caracteristica_19383,caracteristica_19384,caracteristica_19385,caracteristica_19386,caracteristica_19387,caracteristica_19388,caracteristica_19389,caracteristica_19390,caracteristica_19391,caracteristica_19392,caracteristica_19393,caracteristica_19394,caracteristica_19395,caracteristica_19396,caracteristica_19397,caracteristica_19398,caracteristica_19399,caracteristica_19400,caracteristica_19401,caracteristica_19402,caracteristica_19403,caracteristica_19404,caracteristica_19405,caracteristica_19406,caracteristica_19407,caracteristica_19408,caracteristica_19409,caracteristica_19410,caracteristica_19411,caracteristica_19412,caracteristica_19413,caracteristica_19414,caracteristica_19415,caracteristica_19416,caracteristica_19417,caracteristica_19418,caracteristica_19419,caracteristica_19420,caracteristica_19421,caracteristica_19422,caracteristica_19423,caracteristica_19424,caracteristica_19425,caracteristica_19426,caracteristica_19427,caracteristica_19428,caracteristica_19429,caracteristica_19430,caracteristica_19431,caracteristica_19432,caracteristica_19433,caracteristica_19434,caracteristica_19435,caracteristica_19436,caracteristica_19437,caracteristica_19438,caracteristica_19439,caracteristica_19440,caracteristica_19441,caracteristica_19442,caracteristica_19443,caracteristica_19444,caracteristica_19445,caracteristica_19446,caracteristica_19447,caracteristica_19448,caracteristica_19449,caracteristica_19450,caracteristica_19451,caracteristica_19452,caracteristica_19453,caracteristica_19454,caracteristica_19455,caracteristica_19456,caracteristica_19457,caracteristica_19458,caracteristica_19459,caracteristica_19460,caracteristica_19461,caracteristica_19462,caracteristica_19463,caracteristica_19464,caracteristica_19465,caracteristica_19466,caracteristica_19467,caracteristica_19468,caracteristica_19469,caracteristica_19470,caracteristica_19471,caracteristica_19472,caracteristica_19473,caracteristica_19474,caracteristica_19475,caracteristica_19476,caracteristica_19477,caracteristica_19478,caracteristica_19479,caracteristica_19480,caracteristica_19481,caracteristica_19482,caracteristica_19483,caracteristica_19484,caracteristica_19485,caracteristica_19486,caracteristica_19487,caracteristica_19488,caracteristica_19489,caracteristica_19490,caracteristica_19491,caracteristica_19492,caracteristica_19493,caracteristica_19494,caracteristica_19495,caracteristica_19496,caracteristica_19497,caracteristica_19498,caracteristica_19499,caracteristica_19500,caracteristica_19501,caracteristica_19502,caracteristica_19503,caracteristica_19504,caracteristica_19505,caracteristica_19506,caracteristica_19507,caracteristica_19508,caracteristica_19509,caracteristica_19510,caracteristica_19511,caracteristica_19512,caracteristica_19513,caracteristica_19514,caracteristica_19515,caracteristica_19516,caracteristica_19517,caracteristica_19518,caracteristica_19519,caracteristica_19520,caracteristica_19521,caracteristica_19522,caracteristica_19523,caracteristica_19524,caracteristica_19525,caracteristica_19526,caracteristica_19527,caracteristica_19528,caracteristica_19529,caracteristica_19530,caracteristica_19531,caracteristica_19532,caracteristica_19533,caracteristica_19534,caracteristica_19535,caracteristica_19536,caracteristica_19537,caracteristica_19538,caracteristica_19539,caracteristica_19540,caracteristica_19541,caracteristica_19542,caracteristica_19543,caracteristica_19544,caracteristica_19545,caracteristica_19546,caracteristica_19547,caracteristica_19548,caracteristica_19549,caracteristica_19550,caracteristica_19551,caracteristica_19552,caracteristica_19553,caracteristica_19554,caracteristica_19555,caracteristica_19556,caracteristica_19557,caracteristica_19558,caracteristica_19559,caracteristica_19560,caracteristica_19561,caracteristica_19562,caracteristica_19563,caracteristica_19564,caracteristica_19565,caracteristica_19566,caracteristica_19567,caracteristica_19568,caracteristica_19569,caracteristica_19570,caracteristica_19571,caracteristica_19572,caracteristica_19573,caracteristica_19574,caracteristica_19575,caracteristica_19576,caracteristica_19577,caracteristica_19578,caracteristica_19579,caracteristica_19580,caracteristica_19581,caracteristica_19582,caracteristica_19583,caracteristica_19584,caracteristica_19585,caracteristica_19586,caracteristica_19587,caracteristica_19588,caracteristica_19589,caracteristica_19590,caracteristica_19591,caracteristica_19592,caracteristica_19593,caracteristica_19594,caracteristica_19595,caracteristica_19596,caracteristica_19597,caracteristica_19598,caracteristica_19599,caracteristica_19600,caracteristica_19601,caracteristica_19602,caracteristica_19603,caracteristica_19604,caracteristica_19605,caracteristica_19606,caracteristica_19607,caracteristica_19608,caracteristica_19609,caracteristica_19610,caracteristica_19611,caracteristica_19612,caracteristica_19613,caracteristica_19614,caracteristica_19615,caracteristica_19616,caracteristica_19617,caracteristica_19618,caracteristica_19619,caracteristica_19620,caracteristica_19621,caracteristica_19622,caracteristica_19623,caracteristica_19624,caracteristica_19625,caracteristica_19626,caracteristica_19627,caracteristica_19628,caracteristica_19629,caracteristica_19630,caracteristica_19631,caracteristica_19632,caracteristica_19633,caracteristica_19634,caracteristica_19635,caracteristica_19636,caracteristica_19637,caracteristica_19638,caracteristica_19639,caracteristica_19640,caracteristica_19641,caracteristica_19642,caracteristica_19643,caracteristica_19644,caracteristica_19645,caracteristica_19646,caracteristica_19647,caracteristica_19648,caracteristica_19649,caracteristica_19650,caracteristica_19651,caracteristica_19652,caracteristica_19653,caracteristica_19654,caracteristica_19655,caracteristica_19656,caracteristica_19657,caracteristica_19658,caracteristica_19659,caracteristica_19660,caracteristica_19661,caracteristica_19662,caracteristica_19663,caracteristica_19664,caracteristica_19665,caracteristica_19666,caracteristica_19667,caracteristica_19668,caracteristica_19669,caracteristica_19670,caracteristica_19671,caracteristica_19672,caracteristica_19673,caracteristica_19674,caracteristica_19675,caracteristica_19676,caracteristica_19677,caracteristica_19678,caracteristica_19679,caracteristica_19680,caracteristica_19681,caracteristica_19682,caracteristica_19683,caracteristica_19684,caracteristica_19685,caracteristica_19686,caracteristica_19687,caracteristica_19688,caracteristica_19689,caracteristica_19690,caracteristica_19691,caracteristica_19692,caracteristica_19693,caracteristica_19694,caracteristica_19695,caracteristica_19696,caracteristica_19697,caracteristica_19698,caracteristica_19699,caracteristica_19700,caracteristica_19701,caracteristica_19702,caracteristica_19703,caracteristica_19704,caracteristica_19705,caracteristica_19706,caracteristica_19707,caracteristica_19708,caracteristica_19709,caracteristica_19710,caracteristica_19711,caracteristica_19712,caracteristica_19713,caracteristica_19714,caracteristica_19715,caracteristica_19716,caracteristica_19717,caracteristica_19718,caracteristica_19719,caracteristica_19720,caracteristica_19721,caracteristica_19722,caracteristica_19723,caracteristica_19724,caracteristica_19725,caracteristica_19726,caracteristica_19727,caracteristica_19728,caracteristica_19729,caracteristica_19730,caracteristica_19731,caracteristica_19732,caracteristica_19733,caracteristica_19734,caracteristica_19735,caracteristica_19736,caracteristica_19737,caracteristica_19738,caracteristica_19739,caracteristica_19740,caracteristica_19741,caracteristica_19742,caracteristica_19743,caracteristica_19744,caracteristica_19745,caracteristica_19746,caracteristica_19747,caracteristica_19748,caracteristica_19749,caracteristica_19750,caracteristica_19751,caracteristica_19752,caracteristica_19753,caracteristica_19754,caracteristica_19755,caracteristica_19756,caracteristica_19757,caracteristica_19758,caracteristica_19759,caracteristica_19760,caracteristica_19761,caracteristica_19762,caracteristica_19763,caracteristica_19764,caracteristica_19765,caracteristica_19766,caracteristica_19767,caracteristica_19768,caracteristica_19769,caracteristica_19770,caracteristica_19771,caracteristica_19772,caracteristica_19773,caracteristica_19774,caracteristica_19775,caracteristica_19776,caracteristica_19777,caracteristica_19778,caracteristica_19779,caracteristica_19780,caracteristica_19781,caracteristica_19782,caracteristica_19783,caracteristica_19784,caracteristica_19785,caracteristica_19786,caracteristica_19787,caracteristica_19788,caracteristica_19789,caracteristica_19790,caracteristica_19791,caracteristica_19792,caracteristica_19793,caracteristica_19794,caracteristica_19795,caracteristica_19796,caracteristica_19797,caracteristica_19798,caracteristica_19799,caracteristica_19800,caracteristica_19801,caracteristica_19802,caracteristica_19803,caracteristica_19804,caracteristica_19805,caracteristica_19806,caracteristica_19807,caracteristica_19808,caracteristica_19809,caracteristica_19810,caracteristica_19811,caracteristica_19812,caracteristica_19813,caracteristica_19814,caracteristica_19815,caracteristica_19816,caracteristica_19817,caracteristica_19818,caracteristica_19819,caracteristica_19820,caracteristica_19821,caracteristica_19822,caracteristica_19823,caracteristica_19824,caracteristica_19825,caracteristica_19826,caracteristica_19827,caracteristica_19828,caracteristica_19829,caracteristica_19830,caracteristica_19831,caracteristica_19832,caracteristica_19833,caracteristica_19834,caracteristica_19835,caracteristica_19836,caracteristica_19837,caracteristica_19838,caracteristica_19839,caracteristica_19840,caracteristica_19841,caracteristica_19842,caracteristica_19843,caracteristica_19844,caracteristica_19845,caracteristica_19846,caracteristica_19847,caracteristica_19848,caracteristica_19849,caracteristica_19850,caracteristica_19851,caracteristica_19852,caracteristica_19853,caracteristica_19854,caracteristica_19855,caracteristica_19856,caracteristica_19857,caracteristica_19858,caracteristica_19859,caracteristica_19860,caracteristica_19861,caracteristica_19862,caracteristica_19863,caracteristica_19864,caracteristica_19865,caracteristica_19866,caracteristica_19867,caracteristica_19868,caracteristica_19869,caracteristica_19870,caracteristica_19871,caracteristica_19872,caracteristica_19873,caracteristica_19874,caracteristica_19875,caracteristica_19876,caracteristica_19877,caracteristica_19878,caracteristica_19879,caracteristica_19880,caracteristica_19881,caracteristica_19882,caracteristica_19883,caracteristica_19884,caracteristica_19885,caracteristica_19886,caracteristica_19887,caracteristica_19888,caracteristica_19889,caracteristica_19890,caracteristica_19891,caracteristica_19892,caracteristica_19893,caracteristica_19894,caracteristica_19895,caracteristica_19896,caracteristica_19897,caracteristica_19898,caracteristica_19899,caracteristica_19900,caracteristica_19901,caracteristica_19902,caracteristica_19903,caracteristica_19904,caracteristica_19905,caracteristica_19906,caracteristica_19907,caracteristica_19908,caracteristica_19909,caracteristica_19910,caracteristica_19911,caracteristica_19912,caracteristica_19913,caracteristica_19914,caracteristica_19915,caracteristica_19916,caracteristica_19917,caracteristica_19918,caracteristica_19919,caracteristica_19920,caracteristica_19921,caracteristica_19922,caracteristica_19923,caracteristica_19924,caracteristica_19925,caracteristica_19926,caracteristica_19927,caracteristica_19928,caracteristica_19929,caracteristica_19930,caracteristica_19931,caracteristica_19932,caracteristica_19933,caracteristica_19934,caracteristica_19935,caracteristica_19936,caracteristica_19937,caracteristica_19938,caracteristica_19939,caracteristica_19940,caracteristica_19941,caracteristica_19942,caracteristica_19943,caracteristica_19944,caracteristica_19945,caracteristica_19946,caracteristica_19947,caracteristica_19948,caracteristica_19949,caracteristica_19950,caracteristica_19951,caracteristica_19952,caracteristica_19953,caracteristica_19954,caracteristica_19955,caracteristica_19956,caracteristica_19957,caracteristica_19958,caracteristica_19959,caracteristica_19960,caracteristica_19961,caracteristica_19962,caracteristica_19963,caracteristica_19964,caracteristica_19965,caracteristica_19966,caracteristica_19967,caracteristica_19968,caracteristica_19969,caracteristica_19970,caracteristica_19971,caracteristica_19972,caracteristica_19973,caracteristica_19974,caracteristica_19975,caracteristica_19976,caracteristica_19977,caracteristica_19978,caracteristica_19979,caracteristica_19980,caracteristica_19981,caracteristica_19982,caracteristica_19983,caracteristica_19984,caracteristica_19985,caracteristica_19986,caracteristica_19987,caracteristica_19988,caracteristica_19989,caracteristica_19990,caracteristica_19991,caracteristica_19992,caracteristica_19993,caracteristica_19994,caracteristica_19995,caracteristica_19996,caracteristica_19997,caracteristica_19998,caracteristica_19999,caracteristica_20000,caracteristica_20001,caracteristica_20002,caracteristica_20003,caracteristica_20004,caracteristica_20005,caracteristica_20006,caracteristica_20007,caracteristica_20008,caracteristica_20009,caracteristica_20010,caracteristica_20011,caracteristica_20012,caracteristica_20013,caracteristica_20014,caracteristica_20015,caracteristica_20016,caracteristica_20017,caracteristica_20018,caracteristica_20019,caracteristica_20020,caracteristica_20021,caracteristica_20022,caracteristica_20023,caracteristica_20024,caracteristica_20025,caracteristica_20026,caracteristica_20027,caracteristica_20028,caracteristica_20029,caracteristica_20030,caracteristica_20031,caracteristica_20032,caracteristica_20033,caracteristica_20034,caracteristica_20035,caracteristica_20036,caracteristica_20037,caracteristica_20038,caracteristica_20039,caracteristica_20040,caracteristica_20041,caracteristica_20042,caracteristica_20043,caracteristica_20044,caracteristica_20045,caracteristica_20046,caracteristica_20047,caracteristica_20048,caracteristica_20049,caracteristica_20050,caracteristica_20051,caracteristica_20052,caracteristica_20053,caracteristica_20054,caracteristica_20055,caracteristica_20056,caracteristica_20057,caracteristica_20058,caracteristica_20059,caracteristica_20060,caracteristica_20061,caracteristica_20062,caracteristica_20063,caracteristica_20064,caracteristica_20065,caracteristica_20066,caracteristica_20067,caracteristica_20068,caracteristica_20069,caracteristica_20070,caracteristica_20071,caracteristica_20072,caracteristica_20073,caracteristica_20074,caracteristica_20075,caracteristica_20076,caracteristica_20077,caracteristica_20078,caracteristica_20079,caracteristica_20080,caracteristica_20081,caracteristica_20082,caracteristica_20083,caracteristica_20084,caracteristica_20085,caracteristica_20086,caracteristica_20087,caracteristica_20088,caracteristica_20089,caracteristica_20090,caracteristica_20091,caracteristica_20092,caracteristica_20093,caracteristica_20094,caracteristica_20095,caracteristica_20096,caracteristica_20097,caracteristica_20098,caracteristica_20099,caracteristica_20100,caracteristica_20101,caracteristica_20102,caracteristica_20103,caracteristica_20104,caracteristica_20105,caracteristica_20106,caracteristica_20107,caracteristica_20108,caracteristica_20109,caracteristica_20110,caracteristica_20111,caracteristica_20112,caracteristica_20113,caracteristica_20114,caracteristica_20115,caracteristica_20116,caracteristica_20117,caracteristica_20118,caracteristica_20119,caracteristica_20120,caracteristica_20121,caracteristica_20122,caracteristica_20123,caracteristica_20124,caracteristica_20125,caracteristica_20126,caracteristica_20127,caracteristica_20128,caracteristica_20129,caracteristica_20130,caracteristica_20131,caracteristica_20132,caracteristica_20133,caracteristica_20134,caracteristica_20135,caracteristica_20136,caracteristica_20137,caracteristica_20138,caracteristica_20139,caracteristica_20140,caracteristica_20141,caracteristica_20142,caracteristica_20143,caracteristica_20144,caracteristica_20145,caracteristica_20146,caracteristica_20147,caracteristica_20148,caracteristica_20149,caracteristica_20150,caracteristica_20151,caracteristica_20152,caracteristica_20153,caracteristica_20154,caracteristica_20155,caracteristica_20156,caracteristica_20157,caracteristica_20158,caracteristica_20159,caracteristica_20160,caracteristica_20161,caracteristica_20162,caracteristica_20163,caracteristica_20164,caracteristica_20165,caracteristica_20166,caracteristica_20167,caracteristica_20168,caracteristica_20169,caracteristica_20170,caracteristica_20171,caracteristica_20172,caracteristica_20173,caracteristica_20174,caracteristica_20175,caracteristica_20176,caracteristica_20177,caracteristica_20178,caracteristica_20179,caracteristica_20180,caracteristica_20181,caracteristica_20182,caracteristica_20183,caracteristica_20184,caracteristica_20185,caracteristica_20186,caracteristica_20187,caracteristica_20188,caracteristica_20189,caracteristica_20190,caracteristica_20191,caracteristica_20192,caracteristica_20193,caracteristica_20194,caracteristica_20195,caracteristica_20196,caracteristica_20197,caracteristica_20198,caracteristica_20199,caracteristica_20200,caracteristica_20201,caracteristica_20202,caracteristica_20203,caracteristica_20204,caracteristica_20205,caracteristica_20206,caracteristica_20207,caracteristica_20208,caracteristica_20209,caracteristica_20210,caracteristica_20211,caracteristica_20212,caracteristica_20213,caracteristica_20214,caracteristica_20215,caracteristica_20216,caracteristica_20217,caracteristica_20218,caracteristica_20219,caracteristica_20220,caracteristica_20221,caracteristica_20222,caracteristica_20223,caracteristica_20224,caracteristica_20225,caracteristica_20226,caracteristica_20227,caracteristica_20228,caracteristica_20229,caracteristica_20230,caracteristica_20231,caracteristica_20232,caracteristica_20233,caracteristica_20234,caracteristica_20235,caracteristica_20236,caracteristica_20237,caracteristica_20238,caracteristica_20239,caracteristica_20240,caracteristica_20241,caracteristica_20242,caracteristica_20243,caracteristica_20244,caracteristica_20245,caracteristica_20246,caracteristica_20247,caracteristica_20248,caracteristica_20249,caracteristica_20250,caracteristica_20251,caracteristica_20252,caracteristica_20253,caracteristica_20254,caracteristica_20255,caracteristica_20256,caracteristica_20257,caracteristica_20258,caracteristica_20259,caracteristica_20260,caracteristica_20261,caracteristica_20262,caracteristica_20263,caracteristica_20264,caracteristica_20265,caracteristica_20266,caracteristica_20267,caracteristica_20268,caracteristica_20269,caracteristica_20270,caracteristica_20271,caracteristica_20272,caracteristica_20273,caracteristica_20274,caracteristica_20275,caracteristica_20276,caracteristica_20277,caracteristica_20278,caracteristica_20279,caracteristica_20280,caracteristica_20281,caracteristica_20282,caracteristica_20283,caracteristica_20284,caracteristica_20285,caracteristica_20286,caracteristica_20287,caracteristica_20288,caracteristica_20289,caracteristica_20290,caracteristica_20291,caracteristica_20292,caracteristica_20293,caracteristica_20294,caracteristica_20295,caracteristica_20296,caracteristica_20297,caracteristica_20298,caracteristica_20299,caracteristica_20300,caracteristica_20301,caracteristica_20302,caracteristica_20303,caracteristica_20304,caracteristica_20305,caracteristica_20306,caracteristica_20307,caracteristica_20308,caracteristica_20309,caracteristica_20310,caracteristica_20311,caracteristica_20312,caracteristica_20313,caracteristica_20314,caracteristica_20315,caracteristica_20316,caracteristica_20317,caracteristica_20318,caracteristica_20319,caracteristica_20320,caracteristica_20321,caracteristica_20322,caracteristica_20323,caracteristica_20324,caracteristica_20325,caracteristica_20326,caracteristica_20327,caracteristica_20328,caracteristica_20329,caracteristica_20330,caracteristica_20331,caracteristica_20332,caracteristica_20333,caracteristica_20334,caracteristica_20335,caracteristica_20336,caracteristica_20337,caracteristica_20338,caracteristica_20339,caracteristica_20340,caracteristica_20341,caracteristica_20342,caracteristica_20343,caracteristica_20344,caracteristica_20345,caracteristica_20346,caracteristica_20347,caracteristica_20348,caracteristica_20349,caracteristica_20350,caracteristica_20351,caracteristica_20352,caracteristica_20353,caracteristica_20354,caracteristica_20355,caracteristica_20356,caracteristica_20357,caracteristica_20358,caracteristica_20359,caracteristica_20360,caracteristica_20361,caracteristica_20362,caracteristica_20363,caracteristica_20364,caracteristica_20365,caracteristica_20366,caracteristica_20367,caracteristica_20368,caracteristica_20369,caracteristica_20370,caracteristica_20371,caracteristica_20372,caracteristica_20373,caracteristica_20374,caracteristica_20375,caracteristica_20376,caracteristica_20377,caracteristica_20378,caracteristica_20379,caracteristica_20380,caracteristica_20381,caracteristica_20382,caracteristica_20383,caracteristica_20384,caracteristica_20385,caracteristica_20386,caracteristica_20387,caracteristica_20388,caracteristica_20389,caracteristica_20390,caracteristica_20391,caracteristica_20392,caracteristica_20393,caracteristica_20394,caracteristica_20395,caracteristica_20396,caracteristica_20397,caracteristica_20398,caracteristica_20399,caracteristica_20400,caracteristica_20401,caracteristica_20402,caracteristica_20403,caracteristica_20404,caracteristica_20405,caracteristica_20406,caracteristica_20407,caracteristica_20408,caracteristica_20409,caracteristica_20410,caracteristica_20411,caracteristica_20412,caracteristica_20413,caracteristica_20414,caracteristica_20415,caracteristica_20416,caracteristica_20417,caracteristica_20418,caracteristica_20419,caracteristica_20420,caracteristica_20421,caracteristica_20422,caracteristica_20423,caracteristica_20424,caracteristica_20425,caracteristica_20426,caracteristica_20427,caracteristica_20428,caracteristica_20429,caracteristica_20430,caracteristica_20431,caracteristica_20432,caracteristica_20433,caracteristica_20434,caracteristica_20435,caracteristica_20436,caracteristica_20437,caracteristica_20438,caracteristica_20439,caracteristica_20440,caracteristica_20441,caracteristica_20442,caracteristica_20443,caracteristica_20444,caracteristica_20445,caracteristica_20446,caracteristica_20447,caracteristica_20448,caracteristica_20449,caracteristica_20450,caracteristica_20451,caracteristica_20452,caracteristica_20453,caracteristica_20454,caracteristica_20455,caracteristica_20456,caracteristica_20457,caracteristica_20458,caracteristica_20459,caracteristica_20460,caracteristica_20461,caracteristica_20462,caracteristica_20463,caracteristica_20464,caracteristica_20465,caracteristica_20466,caracteristica_20467,caracteristica_20468,caracteristica_20469,caracteristica_20470,caracteristica_20471,caracteristica_20472,caracteristica_20473,caracteristica_20474,caracteristica_20475,caracteristica_20476,caracteristica_20477,caracteristica_20478,caracteristica_20479,caracteristica_20480,caracteristica_20481,caracteristica_20482,caracteristica_20483,caracteristica_20484,caracteristica_20485,caracteristica_20486,caracteristica_20487,caracteristica_20488,caracteristica_20489,caracteristica_20490,caracteristica_20491,caracteristica_20492,caracteristica_20493,caracteristica_20494,caracteristica_20495,caracteristica_20496,caracteristica_20497,caracteristica_20498,caracteristica_20499,caracteristica_20500,caracteristica_20501,caracteristica_20502,caracteristica_20503,caracteristica_20504,caracteristica_20505,caracteristica_20506,caracteristica_20507,caracteristica_20508,caracteristica_20509,caracteristica_20510,caracteristica_20511,caracteristica_20512,caracteristica_20513,caracteristica_20514,caracteristica_20515,caracteristica_20516,caracteristica_20517,caracteristica_20518,caracteristica_20519,caracteristica_20520,caracteristica_20521,caracteristica_20522,caracteristica_20523,caracteristica_20524,caracteristica_20525,caracteristica_20526,caracteristica_20527,caracteristica_20528,caracteristica_20529,caracteristica_20530,caracteristica_20531,caracteristica_20532,caracteristica_20533,caracteristica_20534,caracteristica_20535,caracteristica_20536,caracteristica_20537,caracteristica_20538,caracteristica_20539,caracteristica_20540,caracteristica_20541,caracteristica_20542,caracteristica_20543,caracteristica_20544,caracteristica_20545,caracteristica_20546,caracteristica_20547,caracteristica_20548,caracteristica_20549,caracteristica_20550,caracteristica_20551,caracteristica_20552,caracteristica_20553,caracteristica_20554,caracteristica_20555,caracteristica_20556,caracteristica_20557,caracteristica_20558,caracteristica_20559,caracteristica_20560,caracteristica_20561,caracteristica_20562,caracteristica_20563,caracteristica_20564,caracteristica_20565,caracteristica_20566,caracteristica_20567,caracteristica_20568,caracteristica_20569,caracteristica_20570,caracteristica_20571,caracteristica_20572,caracteristica_20573,caracteristica_20574,caracteristica_20575,caracteristica_20576,caracteristica_20577,caracteristica_20578,caracteristica_20579,caracteristica_20580,caracteristica_20581,caracteristica_20582,caracteristica_20583,caracteristica_20584,caracteristica_20585,caracteristica_20586,caracteristica_20587,caracteristica_20588,caracteristica_20589,caracteristica_20590,caracteristica_20591,caracteristica_20592,caracteristica_20593,caracteristica_20594,caracteristica_20595,caracteristica_20596,caracteristica_20597,caracteristica_20598,caracteristica_20599,caracteristica_20600,caracteristica_20601,caracteristica_20602,caracteristica_20603,caracteristica_20604,caracteristica_20605,caracteristica_20606,caracteristica_20607,caracteristica_20608,caracteristica_20609,caracteristica_20610,caracteristica_20611,caracteristica_20612,caracteristica_20613,caracteristica_20614,caracteristica_20615,caracteristica_20616,caracteristica_20617,caracteristica_20618,caracteristica_20619,caracteristica_20620,caracteristica_20621,caracteristica_20622,caracteristica_20623,caracteristica_20624,caracteristica_20625,caracteristica_20626,caracteristica_20627,caracteristica_20628,caracteristica_20629,caracteristica_20630,caracteristica_20631,caracteristica_20632,caracteristica_20633,caracteristica_20634,caracteristica_20635,caracteristica_20636,caracteristica_20637,caracteristica_20638,caracteristica_20639,caracteristica_20640,caracteristica_20641,caracteristica_20642,caracteristica_20643,caracteristica_20644,caracteristica_20645,caracteristica_20646,caracteristica_20647,caracteristica_20648,caracteristica_20649,caracteristica_20650,caracteristica_20651,caracteristica_20652,caracteristica_20653,caracteristica_20654,caracteristica_20655,caracteristica_20656,caracteristica_20657,caracteristica_20658,caracteristica_20659,caracteristica_20660,caracteristica_20661,caracteristica_20662,caracteristica_20663,caracteristica_20664,caracteristica_20665,caracteristica_20666,caracteristica_20667,caracteristica_20668,caracteristica_20669,caracteristica_20670,caracteristica_20671,caracteristica_20672,caracteristica_20673,caracteristica_20674,caracteristica_20675,caracteristica_20676,caracteristica_20677,caracteristica_20678,caracteristica_20679,caracteristica_20680,caracteristica_20681,caracteristica_20682,caracteristica_20683,caracteristica_20684,caracteristica_20685,caracteristica_20686,caracteristica_20687,caracteristica_20688,caracteristica_20689,caracteristica_20690,caracteristica_20691,caracteristica_20692,caracteristica_20693,caracteristica_20694,caracteristica_20695,caracteristica_20696,caracteristica_20697,caracteristica_20698,caracteristica_20699,caracteristica_20700,caracteristica_20701,caracteristica_20702,caracteristica_20703,caracteristica_20704,caracteristica_20705,caracteristica_20706,caracteristica_20707,caracteristica_20708,caracteristica_20709,caracteristica_20710,caracteristica_20711,caracteristica_20712,caracteristica_20713,caracteristica_20714,caracteristica_20715,caracteristica_20716,caracteristica_20717,caracteristica_20718,caracteristica_20719,caracteristica_20720,caracteristica_20721,caracteristica_20722,caracteristica_20723,caracteristica_20724,caracteristica_20725,caracteristica_20726,caracteristica_20727,caracteristica_20728,caracteristica_20729,caracteristica_20730,caracteristica_20731,caracteristica_20732,caracteristica_20733,caracteristica_20734,caracteristica_20735,caracteristica_20736,caracteristica_20737,caracteristica_20738,caracteristica_20739,caracteristica_20740,caracteristica_20741,caracteristica_20742,caracteristica_20743,caracteristica_20744,caracteristica_20745,caracteristica_20746,caracteristica_20747,caracteristica_20748,caracteristica_20749,caracteristica_20750,caracteristica_20751,caracteristica_20752,caracteristica_20753,caracteristica_20754,caracteristica_20755,caracteristica_20756,caracteristica_20757,caracteristica_20758,caracteristica_20759,caracteristica_20760,caracteristica_20761,caracteristica_20762,caracteristica_20763,caracteristica_20764,caracteristica_20765,caracteristica_20766,caracteristica_20767,caracteristica_20768,caracteristica_20769,caracteristica_20770,caracteristica_20771,caracteristica_20772,caracteristica_20773,caracteristica_20774,caracteristica_20775,caracteristica_20776,caracteristica_20777,caracteristica_20778,caracteristica_20779,caracteristica_20780,caracteristica_20781,caracteristica_20782,caracteristica_20783,caracteristica_20784,caracteristica_20785,caracteristica_20786,caracteristica_20787,caracteristica_20788,caracteristica_20789,caracteristica_20790,caracteristica_20791,caracteristica_20792,caracteristica_20793,caracteristica_20794,caracteristica_20795,caracteristica_20796,caracteristica_20797,caracteristica_20798,caracteristica_20799,caracteristica_20800,caracteristica_20801,caracteristica_20802,caracteristica_20803,caracteristica_20804,caracteristica_20805,caracteristica_20806,caracteristica_20807,caracteristica_20808,caracteristica_20809,caracteristica_20810,caracteristica_20811,caracteristica_20812,caracteristica_20813,caracteristica_20814,caracteristica_20815,caracteristica_20816,caracteristica_20817,caracteristica_20818,caracteristica_20819,caracteristica_20820,caracteristica_20821,caracteristica_20822,caracteristica_20823,caracteristica_20824,caracteristica_20825,caracteristica_20826,caracteristica_20827,caracteristica_20828,caracteristica_20829,caracteristica_20830,caracteristica_20831,caracteristica_20832,caracteristica_20833,caracteristica_20834,caracteristica_20835,caracteristica_20836,caracteristica_20837,caracteristica_20838,caracteristica_20839,caracteristica_20840,caracteristica_20841,caracteristica_20842,caracteristica_20843,caracteristica_20844,caracteristica_20845,caracteristica_20846,caracteristica_20847,caracteristica_20848,caracteristica_20849,caracteristica_20850,caracteristica_20851,caracteristica_20852,caracteristica_20853,caracteristica_20854,caracteristica_20855,caracteristica_20856,caracteristica_20857,caracteristica_20858,caracteristica_20859,caracteristica_20860,caracteristica_20861,caracteristica_20862,caracteristica_20863,caracteristica_20864,caracteristica_20865,caracteristica_20866,caracteristica_20867,caracteristica_20868,caracteristica_20869,caracteristica_20870,caracteristica_20871,caracteristica_20872,caracteristica_20873,caracteristica_20874,caracteristica_20875,caracteristica_20876,caracteristica_20877,caracteristica_20878,caracteristica_20879,caracteristica_20880,caracteristica_20881,caracteristica_20882,caracteristica_20883,caracteristica_20884,caracteristica_20885,caracteristica_20886,caracteristica_20887,caracteristica_20888,caracteristica_20889,caracteristica_20890,caracteristica_20891,caracteristica_20892,caracteristica_20893,caracteristica_20894,caracteristica_20895,caracteristica_20896,caracteristica_20897,caracteristica_20898,caracteristica_20899,caracteristica_20900,caracteristica_20901,caracteristica_20902,caracteristica_20903,caracteristica_20904,caracteristica_20905,caracteristica_20906,caracteristica_20907,caracteristica_20908,caracteristica_20909,caracteristica_20910,caracteristica_20911,caracteristica_20912,caracteristica_20913,caracteristica_20914,caracteristica_20915,caracteristica_20916,caracteristica_20917,caracteristica_20918,caracteristica_20919,caracteristica_20920,caracteristica_20921,caracteristica_20922,caracteristica_20923,caracteristica_20924,caracteristica_20925,caracteristica_20926,caracteristica_20927,caracteristica_20928,caracteristica_20929,caracteristica_20930,caracteristica_20931,caracteristica_20932,caracteristica_20933,caracteristica_20934,caracteristica_20935,caracteristica_20936,caracteristica_20937,caracteristica_20938,caracteristica_20939,caracteristica_20940,caracteristica_20941,caracteristica_20942,caracteristica_20943,caracteristica_20944,caracteristica_20945,caracteristica_20946,caracteristica_20947,caracteristica_20948,caracteristica_20949,caracteristica_20950,caracteristica_20951,caracteristica_20952,caracteristica_20953,caracteristica_20954,caracteristica_20955,caracteristica_20956,caracteristica_20957,caracteristica_20958,caracteristica_20959,caracteristica_20960,caracteristica_20961,caracteristica_20962,caracteristica_20963,caracteristica_20964,caracteristica_20965,caracteristica_20966,caracteristica_20967,caracteristica_20968,caracteristica_20969,caracteristica_20970,caracteristica_20971,caracteristica_20972,caracteristica_20973,caracteristica_20974,caracteristica_20975,caracteristica_20976,caracteristica_20977,caracteristica_20978,caracteristica_20979,caracteristica_20980,caracteristica_20981,caracteristica_20982,caracteristica_20983,caracteristica_20984,caracteristica_20985,caracteristica_20986,caracteristica_20987,caracteristica_20988,caracteristica_20989,caracteristica_20990,caracteristica_20991,caracteristica_20992,caracteristica_20993,caracteristica_20994,caracteristica_20995,caracteristica_20996,caracteristica_20997,caracteristica_20998,caracteristica_20999,caracteristica_21000,caracteristica_21001,caracteristica_21002,caracteristica_21003,caracteristica_21004,caracteristica_21005,caracteristica_21006,caracteristica_21007,caracteristica_21008,caracteristica_21009,caracteristica_21010,caracteristica_21011,caracteristica_21012,caracteristica_21013,caracteristica_21014,caracteristica_21015,caracteristica_21016,caracteristica_21017,caracteristica_21018,caracteristica_21019,caracteristica_21020,caracteristica_21021,caracteristica_21022,caracteristica_21023,caracteristica_21024,caracteristica_21025,caracteristica_21026,caracteristica_21027,caracteristica_21028,caracteristica_21029,caracteristica_21030,caracteristica_21031,caracteristica_21032,caracteristica_21033,caracteristica_21034,caracteristica_21035,caracteristica_21036,caracteristica_21037,caracteristica_21038,caracteristica_21039,caracteristica_21040,caracteristica_21041,caracteristica_21042,caracteristica_21043,caracteristica_21044,caracteristica_21045,caracteristica_21046,caracteristica_21047,caracteristica_21048,caracteristica_21049,caracteristica_21050,caracteristica_21051,caracteristica_21052,caracteristica_21053,caracteristica_21054,caracteristica_21055,caracteristica_21056,caracteristica_21057,caracteristica_21058,caracteristica_21059,caracteristica_21060,caracteristica_21061,caracteristica_21062,caracteristica_21063,caracteristica_21064,caracteristica_21065,caracteristica_21066,caracteristica_21067,caracteristica_21068,caracteristica_21069,caracteristica_21070,caracteristica_21071,caracteristica_21072,caracteristica_21073,caracteristica_21074,caracteristica_21075,caracteristica_21076,caracteristica_21077,caracteristica_21078,caracteristica_21079,caracteristica_21080,caracteristica_21081,caracteristica_21082,caracteristica_21083,caracteristica_21084,caracteristica_21085,caracteristica_21086,caracteristica_21087,caracteristica_21088,caracteristica_21089,caracteristica_21090,caracteristica_21091,caracteristica_21092,caracteristica_21093,caracteristica_21094,caracteristica_21095,caracteristica_21096,caracteristica_21097,caracteristica_21098,caracteristica_21099,caracteristica_21100,caracteristica_21101,caracteristica_21102,caracteristica_21103,caracteristica_21104,caracteristica_21105,caracteristica_21106,caracteristica_21107,caracteristica_21108,caracteristica_21109,caracteristica_21110,caracteristica_21111,caracteristica_21112,caracteristica_21113,caracteristica_21114,caracteristica_21115,caracteristica_21116,caracteristica_21117,caracteristica_21118,caracteristica_21119,caracteristica_21120,caracteristica_21121,caracteristica_21122,caracteristica_21123,caracteristica_21124,caracteristica_21125,caracteristica_21126,caracteristica_21127,caracteristica_21128,caracteristica_21129,caracteristica_21130,caracteristica_21131,caracteristica_21132,caracteristica_21133,caracteristica_21134,caracteristica_21135,caracteristica_21136,caracteristica_21137,caracteristica_21138,caracteristica_21139,caracteristica_21140,caracteristica_21141,caracteristica_21142,caracteristica_21143,caracteristica_21144,caracteristica_21145,caracteristica_21146,caracteristica_21147,caracteristica_21148,caracteristica_21149,caracteristica_21150,caracteristica_21151,caracteristica_21152,caracteristica_21153,caracteristica_21154,caracteristica_21155,caracteristica_21156,caracteristica_21157,caracteristica_21158,caracteristica_21159,caracteristica_21160,caracteristica_21161,caracteristica_21162,caracteristica_21163,caracteristica_21164,caracteristica_21165,caracteristica_21166,caracteristica_21167,caracteristica_21168,caracteristica_21169,caracteristica_21170,caracteristica_21171,caracteristica_21172,caracteristica_21173,caracteristica_21174,caracteristica_21175,caracteristica_21176,caracteristica_21177,caracteristica_21178,caracteristica_21179,caracteristica_21180,caracteristica_21181,caracteristica_21182,caracteristica_21183,caracteristica_21184,caracteristica_21185,caracteristica_21186,caracteristica_21187,caracteristica_21188,caracteristica_21189,caracteristica_21190,caracteristica_21191,caracteristica_21192,caracteristica_21193,caracteristica_21194,caracteristica_21195,caracteristica_21196,caracteristica_21197,caracteristica_21198,caracteristica_21199,caracteristica_21200,caracteristica_21201,caracteristica_21202,caracteristica_21203,caracteristica_21204,caracteristica_21205,caracteristica_21206,caracteristica_21207,caracteristica_21208,caracteristica_21209,caracteristica_21210,caracteristica_21211,caracteristica_21212,caracteristica_21213,caracteristica_21214,caracteristica_21215,caracteristica_21216,caracteristica_21217,caracteristica_21218,caracteristica_21219,caracteristica_21220,caracteristica_21221,caracteristica_21222,caracteristica_21223,caracteristica_21224,caracteristica_21225,caracteristica_21226,caracteristica_21227,caracteristica_21228,caracteristica_21229,caracteristica_21230,caracteristica_21231,caracteristica_21232,caracteristica_21233,caracteristica_21234,caracteristica_21235,caracteristica_21236,caracteristica_21237,caracteristica_21238,caracteristica_21239,caracteristica_21240,caracteristica_21241,caracteristica_21242,caracteristica_21243,caracteristica_21244,caracteristica_21245,caracteristica_21246,caracteristica_21247,caracteristica_21248,caracteristica_21249,caracteristica_21250,caracteristica_21251,caracteristica_21252,caracteristica_21253,caracteristica_21254,caracteristica_21255,caracteristica_21256,caracteristica_21257,caracteristica_21258,caracteristica_21259,caracteristica_21260,caracteristica_21261,caracteristica_21262,caracteristica_21263,caracteristica_21264,caracteristica_21265,caracteristica_21266,caracteristica_21267,caracteristica_21268,caracteristica_21269,caracteristica_21270,caracteristica_21271,caracteristica_21272,caracteristica_21273,caracteristica_21274,caracteristica_21275,caracteristica_21276,caracteristica_21277,caracteristica_21278,caracteristica_21279,caracteristica_21280,caracteristica_21281,caracteristica_21282,caracteristica_21283,caracteristica_21284,caracteristica_21285,caracteristica_21286,caracteristica_21287,caracteristica_21288,caracteristica_21289,caracteristica_21290,caracteristica_21291,caracteristica_21292,caracteristica_21293,caracteristica_21294,caracteristica_21295,caracteristica_21296,caracteristica_21297,caracteristica_21298,caracteristica_21299,caracteristica_21300,caracteristica_21301,caracteristica_21302,caracteristica_21303,caracteristica_21304,caracteristica_21305,caracteristica_21306,caracteristica_21307,caracteristica_21308,caracteristica_21309,caracteristica_21310,caracteristica_21311,caracteristica_21312,caracteristica_21313,caracteristica_21314,caracteristica_21315,caracteristica_21316,caracteristica_21317,caracteristica_21318,caracteristica_21319,caracteristica_21320,caracteristica_21321,caracteristica_21322,caracteristica_21323,caracteristica_21324,caracteristica_21325,caracteristica_21326,caracteristica_21327,caracteristica_21328,caracteristica_21329,caracteristica_21330,caracteristica_21331,caracteristica_21332,caracteristica_21333,caracteristica_21334,caracteristica_21335,caracteristica_21336,caracteristica_21337,caracteristica_21338,caracteristica_21339,caracteristica_21340,caracteristica_21341,caracteristica_21342,caracteristica_21343,caracteristica_21344,caracteristica_21345,caracteristica_21346,caracteristica_21347,caracteristica_21348,caracteristica_21349,caracteristica_21350,caracteristica_21351,caracteristica_21352,caracteristica_21353,caracteristica_21354,caracteristica_21355,caracteristica_21356,caracteristica_21357,caracteristica_21358,caracteristica_21359,caracteristica_21360,caracteristica_21361,caracteristica_21362,caracteristica_21363,caracteristica_21364,caracteristica_21365,caracteristica_21366,caracteristica_21367,caracteristica_21368,caracteristica_21369,caracteristica_21370,caracteristica_21371,caracteristica_21372,caracteristica_21373,caracteristica_21374,caracteristica_21375,caracteristica_21376,caracteristica_21377,caracteristica_21378,caracteristica_21379,caracteristica_21380,caracteristica_21381,caracteristica_21382,caracteristica_21383,caracteristica_21384,caracteristica_21385,caracteristica_21386,caracteristica_21387,caracteristica_21388,caracteristica_21389,caracteristica_21390,caracteristica_21391,caracteristica_21392,caracteristica_21393,caracteristica_21394,caracteristica_21395,caracteristica_21396,caracteristica_21397,caracteristica_21398,caracteristica_21399,caracteristica_21400,caracteristica_21401,caracteristica_21402,caracteristica_21403,caracteristica_21404,caracteristica_21405,caracteristica_21406,caracteristica_21407,caracteristica_21408,caracteristica_21409,caracteristica_21410,caracteristica_21411,caracteristica_21412,caracteristica_21413,caracteristica_21414,caracteristica_21415,caracteristica_21416,caracteristica_21417,caracteristica_21418,caracteristica_21419,caracteristica_21420,caracteristica_21421,caracteristica_21422,caracteristica_21423,caracteristica_21424,caracteristica_21425,caracteristica_21426,caracteristica_21427,caracteristica_21428,caracteristica_21429,caracteristica_21430,caracteristica_21431,caracteristica_21432,caracteristica_21433,caracteristica_21434,caracteristica_21435,caracteristica_21436,caracteristica_21437,caracteristica_21438,caracteristica_21439,caracteristica_21440,caracteristica_21441,caracteristica_21442,caracteristica_21443,caracteristica_21444,caracteristica_21445,caracteristica_21446,caracteristica_21447,caracteristica_21448,caracteristica_21449,caracteristica_21450,caracteristica_21451,caracteristica_21452,caracteristica_21453,caracteristica_21454,caracteristica_21455,caracteristica_21456,caracteristica_21457,caracteristica_21458,caracteristica_21459,caracteristica_21460,caracteristica_21461,caracteristica_21462,caracteristica_21463,caracteristica_21464,caracteristica_21465,caracteristica_21466,caracteristica_21467,caracteristica_21468,caracteristica_21469,caracteristica_21470,caracteristica_21471,caracteristica_21472,caracteristica_21473,caracteristica_21474,caracteristica_21475,caracteristica_21476,caracteristica_21477,caracteristica_21478,caracteristica_21479,caracteristica_21480,caracteristica_21481,caracteristica_21482,caracteristica_21483,caracteristica_21484,caracteristica_21485,caracteristica_21486,caracteristica_21487,caracteristica_21488,caracteristica_21489,caracteristica_21490,caracteristica_21491,caracteristica_21492,caracteristica_21493,caracteristica_21494,caracteristica_21495,caracteristica_21496,caracteristica_21497,caracteristica_21498,caracteristica_21499,caracteristica_21500,caracteristica_21501,caracteristica_21502,caracteristica_21503,caracteristica_21504,caracteristica_21505,caracteristica_21506,caracteristica_21507,caracteristica_21508,caracteristica_21509,caracteristica_21510,caracteristica_21511,caracteristica_21512,caracteristica_21513,caracteristica_21514,caracteristica_21515,caracteristica_21516,caracteristica_21517,caracteristica_21518,caracteristica_21519,caracteristica_21520,caracteristica_21521,caracteristica_21522,caracteristica_21523,caracteristica_21524,caracteristica_21525,caracteristica_21526,caracteristica_21527,caracteristica_21528,caracteristica_21529,caracteristica_21530,caracteristica_21531,caracteristica_21532,caracteristica_21533,caracteristica_21534,caracteristica_21535,caracteristica_21536,caracteristica_21537,caracteristica_21538,caracteristica_21539,caracteristica_21540,caracteristica_21541,caracteristica_21542,caracteristica_21543,caracteristica_21544,caracteristica_21545,caracteristica_21546,caracteristica_21547,caracteristica_21548,caracteristica_21549,caracteristica_21550,caracteristica_21551,caracteristica_21552,caracteristica_21553,caracteristica_21554,caracteristica_21555,caracteristica_21556,caracteristica_21557,caracteristica_21558,caracteristica_21559,caracteristica_21560,caracteristica_21561,caracteristica_21562,caracteristica_21563,caracteristica_21564,caracteristica_21565,caracteristica_21566,caracteristica_21567,caracteristica_21568,caracteristica_21569,caracteristica_21570,caracteristica_21571,caracteristica_21572,caracteristica_21573,caracteristica_21574,caracteristica_21575,caracteristica_21576,caracteristica_21577,caracteristica_21578,caracteristica_21579,caracteristica_21580,caracteristica_21581,caracteristica_21582,caracteristica_21583,caracteristica_21584,caracteristica_21585,caracteristica_21586,caracteristica_21587,caracteristica_21588,caracteristica_21589,caracteristica_21590,caracteristica_21591,caracteristica_21592,caracteristica_21593,caracteristica_21594,caracteristica_21595,caracteristica_21596,caracteristica_21597,caracteristica_21598,caracteristica_21599,caracteristica_21600,caracteristica_21601,caracteristica_21602,caracteristica_21603,caracteristica_21604,caracteristica_21605,caracteristica_21606,caracteristica_21607,caracteristica_21608,caracteristica_21609,caracteristica_21610,caracteristica_21611,caracteristica_21612,caracteristica_21613,caracteristica_21614,caracteristica_21615,caracteristica_21616,caracteristica_21617,caracteristica_21618,caracteristica_21619,caracteristica_21620,caracteristica_21621,caracteristica_21622,caracteristica_21623,caracteristica_21624,caracteristica_21625,caracteristica_21626,caracteristica_21627,caracteristica_21628,caracteristica_21629,caracteristica_21630,caracteristica_21631,caracteristica_21632,caracteristica_21633,caracteristica_21634,caracteristica_21635,caracteristica_21636,caracteristica_21637,caracteristica_21638,caracteristica_21639,caracteristica_21640,caracteristica_21641,caracteristica_21642,caracteristica_21643,caracteristica_21644,caracteristica_21645,caracteristica_21646,caracteristica_21647,caracteristica_21648,caracteristica_21649,caracteristica_21650,caracteristica_21651,caracteristica_21652,caracteristica_21653,caracteristica_21654,caracteristica_21655,caracteristica_21656,caracteristica_21657,caracteristica_21658,caracteristica_21659,caracteristica_21660,caracteristica_21661,caracteristica_21662,caracteristica_21663,caracteristica_21664,caracteristica_21665,caracteristica_21666,caracteristica_21667,caracteristica_21668,caracteristica_21669,caracteristica_21670,caracteristica_21671,caracteristica_21672,caracteristica_21673,caracteristica_21674,caracteristica_21675,caracteristica_21676,caracteristica_21677,caracteristica_21678,caracteristica_21679,caracteristica_21680,caracteristica_21681,caracteristica_21682,caracteristica_21683,caracteristica_21684,caracteristica_21685,caracteristica_21686,caracteristica_21687,caracteristica_21688,caracteristica_21689,caracteristica_21690,caracteristica_21691,caracteristica_21692,caracteristica_21693,caracteristica_21694,caracteristica_21695,caracteristica_21696,caracteristica_21697,caracteristica_21698,caracteristica_21699,caracteristica_21700,caracteristica_21701,caracteristica_21702,caracteristica_21703,caracteristica_21704,caracteristica_21705,caracteristica_21706,caracteristica_21707,caracteristica_21708,caracteristica_21709,caracteristica_21710,caracteristica_21711,caracteristica_21712,caracteristica_21713,caracteristica_21714,caracteristica_21715,caracteristica_21716,caracteristica_21717,caracteristica_21718,caracteristica_21719,caracteristica_21720,caracteristica_21721,caracteristica_21722,caracteristica_21723,caracteristica_21724,caracteristica_21725,caracteristica_21726,caracteristica_21727,caracteristica_21728,caracteristica_21729,caracteristica_21730,caracteristica_21731,caracteristica_21732,caracteristica_21733,caracteristica_21734,caracteristica_21735,caracteristica_21736,caracteristica_21737,caracteristica_21738,caracteristica_21739,caracteristica_21740,caracteristica_21741,caracteristica_21742,caracteristica_21743,caracteristica_21744,caracteristica_21745,caracteristica_21746,caracteristica_21747,caracteristica_21748,caracteristica_21749,caracteristica_21750,caracteristica_21751,caracteristica_21752,caracteristica_21753,caracteristica_21754,caracteristica_21755,caracteristica_21756,caracteristica_21757,caracteristica_21758,caracteristica_21759,caracteristica_21760,caracteristica_21761,caracteristica_21762,caracteristica_21763,caracteristica_21764,caracteristica_21765,caracteristica_21766,caracteristica_21767,caracteristica_21768,caracteristica_21769,caracteristica_21770,caracteristica_21771,caracteristica_21772,caracteristica_21773,caracteristica_21774,caracteristica_21775,caracteristica_21776,caracteristica_21777,caracteristica_21778,caracteristica_21779,caracteristica_21780,caracteristica_21781,caracteristica_21782,caracteristica_21783,caracteristica_21784,caracteristica_21785,caracteristica_21786,caracteristica_21787,caracteristica_21788,caracteristica_21789,caracteristica_21790,caracteristica_21791,caracteristica_21792,caracteristica_21793,caracteristica_21794,caracteristica_21795,caracteristica_21796,caracteristica_21797,caracteristica_21798,caracteristica_21799,caracteristica_21800,caracteristica_21801,caracteristica_21802,caracteristica_21803,caracteristica_21804,caracteristica_21805,caracteristica_21806,caracteristica_21807,caracteristica_21808,caracteristica_21809,caracteristica_21810,caracteristica_21811,caracteristica_21812,caracteristica_21813,caracteristica_21814,caracteristica_21815,caracteristica_21816,caracteristica_21817,caracteristica_21818,caracteristica_21819,caracteristica_21820,caracteristica_21821,caracteristica_21822,caracteristica_21823,caracteristica_21824,caracteristica_21825,caracteristica_21826,caracteristica_21827,caracteristica_21828,caracteristica_21829,caracteristica_21830,caracteristica_21831,caracteristica_21832,caracteristica_21833,caracteristica_21834,caracteristica_21835,caracteristica_21836,caracteristica_21837,caracteristica_21838,caracteristica_21839,caracteristica_21840,caracteristica_21841,caracteristica_21842,caracteristica_21843,caracteristica_21844,caracteristica_21845,caracteristica_21846,caracteristica_21847,caracteristica_21848,caracteristica_21849,caracteristica_21850,caracteristica_21851,caracteristica_21852,caracteristica_21853,caracteristica_21854,caracteristica_21855,caracteristica_21856,caracteristica_21857,caracteristica_21858,caracteristica_21859,caracteristica_21860,caracteristica_21861,caracteristica_21862,caracteristica_21863,caracteristica_21864,caracteristica_21865,caracteristica_21866,caracteristica_21867,caracteristica_21868,caracteristica_21869,caracteristica_21870,caracteristica_21871,caracteristica_21872,caracteristica_21873,caracteristica_21874,caracteristica_21875,caracteristica_21876,caracteristica_21877,caracteristica_21878,caracteristica_21879,caracteristica_21880,caracteristica_21881,caracteristica_21882,caracteristica_21883,caracteristica_21884,caracteristica_21885,caracteristica_21886,caracteristica_21887,caracteristica_21888,caracteristica_21889,caracteristica_21890,caracteristica_21891,caracteristica_21892,caracteristica_21893,caracteristica_21894,caracteristica_21895,caracteristica_21896,caracteristica_21897,caracteristica_21898,caracteristica_21899,caracteristica_21900,caracteristica_21901,caracteristica_21902,caracteristica_21903,caracteristica_21904,caracteristica_21905,caracteristica_21906,caracteristica_21907,caracteristica_21908,caracteristica_21909,caracteristica_21910,caracteristica_21911,caracteristica_21912,caracteristica_21913,caracteristica_21914,caracteristica_21915,caracteristica_21916,caracteristica_21917,caracteristica_21918,caracteristica_21919,caracteristica_21920,caracteristica_21921,caracteristica_21922,caracteristica_21923,caracteristica_21924,caracteristica_21925,caracteristica_21926,caracteristica_21927,caracteristica_21928,caracteristica_21929,caracteristica_21930,caracteristica_21931,caracteristica_21932,caracteristica_21933,caracteristica_21934,caracteristica_21935,caracteristica_21936,caracteristica_21937,caracteristica_21938,caracteristica_21939,caracteristica_21940,caracteristica_21941,caracteristica_21942,caracteristica_21943,caracteristica_21944,caracteristica_21945,caracteristica_21946,caracteristica_21947,caracteristica_21948,caracteristica_21949,caracteristica_21950,caracteristica_21951,caracteristica_21952,caracteristica_21953,caracteristica_21954,caracteristica_21955,caracteristica_21956,caracteristica_21957,caracteristica_21958,caracteristica_21959,caracteristica_21960,caracteristica_21961,caracteristica_21962,caracteristica_21963,caracteristica_21964,caracteristica_21965,caracteristica_21966,caracteristica_21967,caracteristica_21968,caracteristica_21969,caracteristica_21970,caracteristica_21971,caracteristica_21972,caracteristica_21973,caracteristica_21974,caracteristica_21975,caracteristica_21976,caracteristica_21977,caracteristica_21978,caracteristica_21979,caracteristica_21980,caracteristica_21981,caracteristica_21982,caracteristica_21983,caracteristica_21984,caracteristica_21985,caracteristica_21986,caracteristica_21987,caracteristica_21988,caracteristica_21989,caracteristica_21990,caracteristica_21991,caracteristica_21992,caracteristica_21993,caracteristica_21994,caracteristica_21995,caracteristica_21996,caracteristica_21997,caracteristica_21998,caracteristica_21999,caracteristica_22000,caracteristica_22001,caracteristica_22002,caracteristica_22003,caracteristica_22004,caracteristica_22005,caracteristica_22006,caracteristica_22007,caracteristica_22008,caracteristica_22009,caracteristica_22010,caracteristica_22011,caracteristica_22012,caracteristica_22013,caracteristica_22014,caracteristica_22015,caracteristica_22016,caracteristica_22017,caracteristica_22018,caracteristica_22019,caracteristica_22020,caracteristica_22021,caracteristica_22022,caracteristica_22023,caracteristica_22024,caracteristica_22025,caracteristica_22026,caracteristica_22027,caracteristica_22028,caracteristica_22029,caracteristica_22030,caracteristica_22031,caracteristica_22032,caracteristica_22033,caracteristica_22034,caracteristica_22035,caracteristica_22036,caracteristica_22037,caracteristica_22038,caracteristica_22039,caracteristica_22040,caracteristica_22041,caracteristica_22042,caracteristica_22043,caracteristica_22044,caracteristica_22045,caracteristica_22046,caracteristica_22047,caracteristica_22048,caracteristica_22049,caracteristica_22050,caracteristica_22051,caracteristica_22052,caracteristica_22053,caracteristica_22054,caracteristica_22055,caracteristica_22056,caracteristica_22057,caracteristica_22058,caracteristica_22059,caracteristica_22060,caracteristica_22061,caracteristica_22062,caracteristica_22063,caracteristica_22064,caracteristica_22065,caracteristica_22066,caracteristica_22067,caracteristica_22068,caracteristica_22069,caracteristica_22070,caracteristica_22071,caracteristica_22072,caracteristica_22073,caracteristica_22074,caracteristica_22075,caracteristica_22076,caracteristica_22077,caracteristica_22078,caracteristica_22079,caracteristica_22080,caracteristica_22081,caracteristica_22082,caracteristica_22083,caracteristica_22084,caracteristica_22085,caracteristica_22086,caracteristica_22087,caracteristica_22088,caracteristica_22089,caracteristica_22090,caracteristica_22091,caracteristica_22092,caracteristica_22093,caracteristica_22094,caracteristica_22095,caracteristica_22096,caracteristica_22097,caracteristica_22098,caracteristica_22099,caracteristica_22100,caracteristica_22101,caracteristica_22102,caracteristica_22103,caracteristica_22104,caracteristica_22105,caracteristica_22106,caracteristica_22107,caracteristica_22108,caracteristica_22109,caracteristica_22110,caracteristica_22111,caracteristica_22112,caracteristica_22113,caracteristica_22114,caracteristica_22115,caracteristica_22116,caracteristica_22117,caracteristica_22118,caracteristica_22119,caracteristica_22120,caracteristica_22121,caracteristica_22122,caracteristica_22123,caracteristica_22124,caracteristica_22125,caracteristica_22126,caracteristica_22127,caracteristica_22128,caracteristica_22129,caracteristica_22130,caracteristica_22131,caracteristica_22132,caracteristica_22133,caracteristica_22134,caracteristica_22135,caracteristica_22136,caracteristica_22137,caracteristica_22138,caracteristica_22139,caracteristica_22140,caracteristica_22141,caracteristica_22142,caracteristica_22143,caracteristica_22144,caracteristica_22145,caracteristica_22146,caracteristica_22147,caracteristica_22148,caracteristica_22149,caracteristica_22150,caracteristica_22151,caracteristica_22152,caracteristica_22153,caracteristica_22154,caracteristica_22155,caracteristica_22156,caracteristica_22157,caracteristica_22158,caracteristica_22159,caracteristica_22160,caracteristica_22161,caracteristica_22162,caracteristica_22163,caracteristica_22164,caracteristica_22165,caracteristica_22166,caracteristica_22167,caracteristica_22168,caracteristica_22169,caracteristica_22170,caracteristica_22171,caracteristica_22172,caracteristica_22173,caracteristica_22174,caracteristica_22175,caracteristica_22176,caracteristica_22177,caracteristica_22178,caracteristica_22179,caracteristica_22180,caracteristica_22181,caracteristica_22182,caracteristica_22183,caracteristica_22184,caracteristica_22185,caracteristica_22186,caracteristica_22187,caracteristica_22188,caracteristica_22189,caracteristica_22190,caracteristica_22191,caracteristica_22192,caracteristica_22193,caracteristica_22194,caracteristica_22195,caracteristica_22196,caracteristica_22197,caracteristica_22198,caracteristica_22199,caracteristica_22200,caracteristica_22201,caracteristica_22202,caracteristica_22203,caracteristica_22204,caracteristica_22205,caracteristica_22206,caracteristica_22207,caracteristica_22208,caracteristica_22209,caracteristica_22210,caracteristica_22211,caracteristica_22212,caracteristica_22213,caracteristica_22214,caracteristica_22215,caracteristica_22216,caracteristica_22217,caracteristica_22218,caracteristica_22219,caracteristica_22220,caracteristica_22221,caracteristica_22222,caracteristica_22223,caracteristica_22224,caracteristica_22225,caracteristica_22226,caracteristica_22227,caracteristica_22228,caracteristica_22229,caracteristica_22230,caracteristica_22231,caracteristica_22232,caracteristica_22233,caracteristica_22234,caracteristica_22235,caracteristica_22236,caracteristica_22237,caracteristica_22238,caracteristica_22239,caracteristica_22240,caracteristica_22241,caracteristica_22242,caracteristica_22243,caracteristica_22244,caracteristica_22245,caracteristica_22246,caracteristica_22247,caracteristica_22248,caracteristica_22249,caracteristica_22250,caracteristica_22251,caracteristica_22252,caracteristica_22253,caracteristica_22254,caracteristica_22255,caracteristica_22256,caracteristica_22257,caracteristica_22258,caracteristica_22259,caracteristica_22260,caracteristica_22261,caracteristica_22262,caracteristica_22263,caracteristica_22264,caracteristica_22265,caracteristica_22266,caracteristica_22267,caracteristica_22268,caracteristica_22269,caracteristica_22270,caracteristica_22271,caracteristica_22272,caracteristica_22273,caracteristica_22274,caracteristica_22275,caracteristica_22276,caracteristica_22277,caracteristica_22278,caracteristica_22279,caracteristica_22280,caracteristica_22281,caracteristica_22282,caracteristica_22283,caracteristica_22284,caracteristica_22285,caracteristica_22286,caracteristica_22287,caracteristica_22288,caracteristica_22289,caracteristica_22290,caracteristica_22291,caracteristica_22292,caracteristica_22293,caracteristica_22294,caracteristica_22295,caracteristica_22296,caracteristica_22297,caracteristica_22298,caracteristica_22299,caracteristica_22300,caracteristica_22301,caracteristica_22302,caracteristica_22303,caracteristica_22304,caracteristica_22305,caracteristica_22306,caracteristica_22307,caracteristica_22308,caracteristica_22309,caracteristica_22310,caracteristica_22311,caracteristica_22312,caracteristica_22313,caracteristica_22314,caracteristica_22315,caracteristica_22316,caracteristica_22317,caracteristica_22318,caracteristica_22319,caracteristica_22320,caracteristica_22321,caracteristica_22322,caracteristica_22323,caracteristica_22324,caracteristica_22325,caracteristica_22326,caracteristica_22327,caracteristica_22328,caracteristica_22329,caracteristica_22330,caracteristica_22331,caracteristica_22332,caracteristica_22333,caracteristica_22334,caracteristica_22335,caracteristica_22336,caracteristica_22337,caracteristica_22338,caracteristica_22339,caracteristica_22340,caracteristica_22341,caracteristica_22342,caracteristica_22343,caracteristica_22344,caracteristica_22345,caracteristica_22346,caracteristica_22347,caracteristica_22348,caracteristica_22349,caracteristica_22350,caracteristica_22351,caracteristica_22352,caracteristica_22353,caracteristica_22354,caracteristica_22355,caracteristica_22356,caracteristica_22357,caracteristica_22358,caracteristica_22359,caracteristica_22360,caracteristica_22361,caracteristica_22362,caracteristica_22363,caracteristica_22364,caracteristica_22365,caracteristica_22366,caracteristica_22367,caracteristica_22368,caracteristica_22369,caracteristica_22370,caracteristica_22371,caracteristica_22372,caracteristica_22373,caracteristica_22374,caracteristica_22375,caracteristica_22376,caracteristica_22377,caracteristica_22378,caracteristica_22379,caracteristica_22380,caracteristica_22381,caracteristica_22382,caracteristica_22383,caracteristica_22384,caracteristica_22385,caracteristica_22386,caracteristica_22387,caracteristica_22388,caracteristica_22389,caracteristica_22390,caracteristica_22391,caracteristica_22392,caracteristica_22393,caracteristica_22394,caracteristica_22395,caracteristica_22396,caracteristica_22397,caracteristica_22398,caracteristica_22399,caracteristica_22400,caracteristica_22401,caracteristica_22402,caracteristica_22403,caracteristica_22404,caracteristica_22405,caracteristica_22406,caracteristica_22407,caracteristica_22408,caracteristica_22409,caracteristica_22410,caracteristica_22411,caracteristica_22412,caracteristica_22413,caracteristica_22414,caracteristica_22415,caracteristica_22416,caracteristica_22417,caracteristica_22418,caracteristica_22419,caracteristica_22420,caracteristica_22421,caracteristica_22422,caracteristica_22423,caracteristica_22424,caracteristica_22425,caracteristica_22426,caracteristica_22427,caracteristica_22428,caracteristica_22429,caracteristica_22430,caracteristica_22431,caracteristica_22432,caracteristica_22433,caracteristica_22434,caracteristica_22435,caracteristica_22436,caracteristica_22437,caracteristica_22438,caracteristica_22439,caracteristica_22440,caracteristica_22441,caracteristica_22442,caracteristica_22443,caracteristica_22444,caracteristica_22445,caracteristica_22446,caracteristica_22447,caracteristica_22448,caracteristica_22449,caracteristica_22450,caracteristica_22451,caracteristica_22452,caracteristica_22453,caracteristica_22454,caracteristica_22455,caracteristica_22456,caracteristica_22457,caracteristica_22458,caracteristica_22459,caracteristica_22460,caracteristica_22461,caracteristica_22462,caracteristica_22463,caracteristica_22464,caracteristica_22465,caracteristica_22466,caracteristica_22467,caracteristica_22468,caracteristica_22469,caracteristica_22470,caracteristica_22471,caracteristica_22472,caracteristica_22473,caracteristica_22474,caracteristica_22475,caracteristica_22476,caracteristica_22477,caracteristica_22478,caracteristica_22479,caracteristica_22480,caracteristica_22481,caracteristica_22482,caracteristica_22483,caracteristica_22484,caracteristica_22485,caracteristica_22486,caracteristica_22487,caracteristica_22488,caracteristica_22489,caracteristica_22490,caracteristica_22491,caracteristica_22492,caracteristica_22493,caracteristica_22494,caracteristica_22495,caracteristica_22496,caracteristica_22497,caracteristica_22498,caracteristica_22499,caracteristica_22500,caracteristica_22501,caracteristica_22502,caracteristica_22503,caracteristica_22504,caracteristica_22505,caracteristica_22506,caracteristica_22507,caracteristica_22508,caracteristica_22509,caracteristica_22510,caracteristica_22511,caracteristica_22512,caracteristica_22513,caracteristica_22514,caracteristica_22515,caracteristica_22516,caracteristica_22517,caracteristica_22518,caracteristica_22519,caracteristica_22520,caracteristica_22521,caracteristica_22522,caracteristica_22523,caracteristica_22524,caracteristica_22525,caracteristica_22526,caracteristica_22527,caracteristica_22528,caracteristica_22529,caracteristica_22530,caracteristica_22531,caracteristica_22532,caracteristica_22533,caracteristica_22534,caracteristica_22535,caracteristica_22536,caracteristica_22537,caracteristica_22538,caracteristica_22539,caracteristica_22540,caracteristica_22541,caracteristica_22542,caracteristica_22543,caracteristica_22544,caracteristica_22545,caracteristica_22546,caracteristica_22547,caracteristica_22548,caracteristica_22549,caracteristica_22550,caracteristica_22551,caracteristica_22552,caracteristica_22553,caracteristica_22554,caracteristica_22555,caracteristica_22556,caracteristica_22557,caracteristica_22558,caracteristica_22559,caracteristica_22560,caracteristica_22561,caracteristica_22562,caracteristica_22563,caracteristica_22564,caracteristica_22565,caracteristica_22566,caracteristica_22567,caracteristica_22568,caracteristica_22569,caracteristica_22570,caracteristica_22571,caracteristica_22572,caracteristica_22573,caracteristica_22574,caracteristica_22575,caracteristica_22576,caracteristica_22577,caracteristica_22578,caracteristica_22579,caracteristica_22580,caracteristica_22581,caracteristica_22582,caracteristica_22583,caracteristica_22584,caracteristica_22585,caracteristica_22586,caracteristica_22587,caracteristica_22588,caracteristica_22589,caracteristica_22590,caracteristica_22591,caracteristica_22592,caracteristica_22593,caracteristica_22594,caracteristica_22595,caracteristica_22596,caracteristica_22597,caracteristica_22598,caracteristica_22599,caracteristica_22600,caracteristica_22601,caracteristica_22602,caracteristica_22603,caracteristica_22604,caracteristica_22605,caracteristica_22606,caracteristica_22607,caracteristica_22608,caracteristica_22609,caracteristica_22610,caracteristica_22611,caracteristica_22612,caracteristica_22613,caracteristica_22614,caracteristica_22615,caracteristica_22616,caracteristica_22617,caracteristica_22618,caracteristica_22619,caracteristica_22620,caracteristica_22621,caracteristica_22622,caracteristica_22623,caracteristica_22624,caracteristica_22625,caracteristica_22626,caracteristica_22627,caracteristica_22628,caracteristica_22629,caracteristica_22630,caracteristica_22631,caracteristica_22632,caracteristica_22633,caracteristica_22634,caracteristica_22635,caracteristica_22636,caracteristica_22637,caracteristica_22638,caracteristica_22639,caracteristica_22640,caracteristica_22641,caracteristica_22642,caracteristica_22643,caracteristica_22644,caracteristica_22645,caracteristica_22646,caracteristica_22647,caracteristica_22648,caracteristica_22649,caracteristica_22650,caracteristica_22651,caracteristica_22652,caracteristica_22653,caracteristica_22654,caracteristica_22655,caracteristica_22656,caracteristica_22657,caracteristica_22658,caracteristica_22659,caracteristica_22660,caracteristica_22661,caracteristica_22662,caracteristica_22663,caracteristica_22664,caracteristica_22665,caracteristica_22666,caracteristica_22667,caracteristica_22668,caracteristica_22669,caracteristica_22670,caracteristica_22671,caracteristica_22672,caracteristica_22673,caracteristica_22674,caracteristica_22675,caracteristica_22676,caracteristica_22677,caracteristica_22678,caracteristica_22679,caracteristica_22680,caracteristica_22681,caracteristica_22682,caracteristica_22683,caracteristica_22684,caracteristica_22685,caracteristica_22686,caracteristica_22687,caracteristica_22688,caracteristica_22689,caracteristica_22690,caracteristica_22691,caracteristica_22692,caracteristica_22693,caracteristica_22694,caracteristica_22695,caracteristica_22696,caracteristica_22697,caracteristica_22698,caracteristica_22699,caracteristica_22700,caracteristica_22701,caracteristica_22702,caracteristica_22703,caracteristica_22704,caracteristica_22705,caracteristica_22706,caracteristica_22707,caracteristica_22708,caracteristica_22709,caracteristica_22710,caracteristica_22711,caracteristica_22712,caracteristica_22713,caracteristica_22714,caracteristica_22715,caracteristica_22716,caracteristica_22717,caracteristica_22718,caracteristica_22719,caracteristica_22720,caracteristica_22721,caracteristica_22722,caracteristica_22723,caracteristica_22724,caracteristica_22725,caracteristica_22726,caracteristica_22727,caracteristica_22728,caracteristica_22729,caracteristica_22730,caracteristica_22731,caracteristica_22732,caracteristica_22733,caracteristica_22734,caracteristica_22735,caracteristica_22736,caracteristica_22737,caracteristica_22738,caracteristica_22739,caracteristica_22740,caracteristica_22741,caracteristica_22742,caracteristica_22743,caracteristica_22744,caracteristica_22745,caracteristica_22746,caracteristica_22747,caracteristica_22748,caracteristica_22749,caracteristica_22750,caracteristica_22751,caracteristica_22752,caracteristica_22753,caracteristica_22754,caracteristica_22755,caracteristica_22756,caracteristica_22757,caracteristica_22758,caracteristica_22759,caracteristica_22760,caracteristica_22761,caracteristica_22762,caracteristica_22763,caracteristica_22764,caracteristica_22765,caracteristica_22766,caracteristica_22767,caracteristica_22768,caracteristica_22769,caracteristica_22770,caracteristica_22771,caracteristica_22772,caracteristica_22773,caracteristica_22774,caracteristica_22775,caracteristica_22776,caracteristica_22777,caracteristica_22778,caracteristica_22779,caracteristica_22780,caracteristica_22781,caracteristica_22782,caracteristica_22783,caracteristica_22784,caracteristica_22785,caracteristica_22786,caracteristica_22787,caracteristica_22788,caracteristica_22789,caracteristica_22790,caracteristica_22791,caracteristica_22792,caracteristica_22793,caracteristica_22794,caracteristica_22795,caracteristica_22796,caracteristica_22797,caracteristica_22798,caracteristica_22799,caracteristica_22800,caracteristica_22801,caracteristica_22802,caracteristica_22803,caracteristica_22804,caracteristica_22805,caracteristica_22806,caracteristica_22807,caracteristica_22808,caracteristica_22809,caracteristica_22810,caracteristica_22811,caracteristica_22812,caracteristica_22813,caracteristica_22814,caracteristica_22815,caracteristica_22816,caracteristica_22817,caracteristica_22818,caracteristica_22819,caracteristica_22820,caracteristica_22821,caracteristica_22822,caracteristica_22823,caracteristica_22824,caracteristica_22825,caracteristica_22826,caracteristica_22827,caracteristica_22828,caracteristica_22829,caracteristica_22830,caracteristica_22831,caracteristica_22832,caracteristica_22833,caracteristica_22834,caracteristica_22835,caracteristica_22836,caracteristica_22837,caracteristica_22838,caracteristica_22839,caracteristica_22840,caracteristica_22841,caracteristica_22842,caracteristica_22843,caracteristica_22844,caracteristica_22845,caracteristica_22846,caracteristica_22847,caracteristica_22848,caracteristica_22849,caracteristica_22850,caracteristica_22851,caracteristica_22852,caracteristica_22853,caracteristica_22854,caracteristica_22855,caracteristica_22856,caracteristica_22857,caracteristica_22858,caracteristica_22859,caracteristica_22860,caracteristica_22861,caracteristica_22862,caracteristica_22863,caracteristica_22864,caracteristica_22865,caracteristica_22866,caracteristica_22867,caracteristica_22868,caracteristica_22869,caracteristica_22870,caracteristica_22871,caracteristica_22872,caracteristica_22873,caracteristica_22874,caracteristica_22875,caracteristica_22876,caracteristica_22877,caracteristica_22878,caracteristica_22879,caracteristica_22880,caracteristica_22881,caracteristica_22882,caracteristica_22883,caracteristica_22884,caracteristica_22885,caracteristica_22886,caracteristica_22887,caracteristica_22888,caracteristica_22889,caracteristica_22890,caracteristica_22891,caracteristica_22892,caracteristica_22893,caracteristica_22894,caracteristica_22895,caracteristica_22896,caracteristica_22897,caracteristica_22898,caracteristica_22899,caracteristica_22900,caracteristica_22901,caracteristica_22902,caracteristica_22903,caracteristica_22904,caracteristica_22905,caracteristica_22906,caracteristica_22907,caracteristica_22908,caracteristica_22909,caracteristica_22910,caracteristica_22911,caracteristica_22912,caracteristica_22913,caracteristica_22914,caracteristica_22915,caracteristica_22916,caracteristica_22917,caracteristica_22918,caracteristica_22919,caracteristica_22920,caracteristica_22921,caracteristica_22922,caracteristica_22923,caracteristica_22924,caracteristica_22925,caracteristica_22926,caracteristica_22927,caracteristica_22928,caracteristica_22929,caracteristica_22930,caracteristica_22931,caracteristica_22932,caracteristica_22933,caracteristica_22934,caracteristica_22935,caracteristica_22936,caracteristica_22937,caracteristica_22938,caracteristica_22939,caracteristica_22940,caracteristica_22941,caracteristica_22942,caracteristica_22943,caracteristica_22944,caracteristica_22945,caracteristica_22946,caracteristica_22947,caracteristica_22948,caracteristica_22949,caracteristica_22950,caracteristica_22951,caracteristica_22952,caracteristica_22953,caracteristica_22954,caracteristica_22955,caracteristica_22956,caracteristica_22957,caracteristica_22958,caracteristica_22959,caracteristica_22960,caracteristica_22961,caracteristica_22962,caracteristica_22963,caracteristica_22964,caracteristica_22965,caracteristica_22966,caracteristica_22967,caracteristica_22968,caracteristica_22969,caracteristica_22970,caracteristica_22971,caracteristica_22972,caracteristica_22973,caracteristica_22974,caracteristica_22975,caracteristica_22976,caracteristica_22977,caracteristica_22978,caracteristica_22979,caracteristica_22980,caracteristica_22981,caracteristica_22982,caracteristica_22983,caracteristica_22984,caracteristica_22985,caracteristica_22986,caracteristica_22987,caracteristica_22988,caracteristica_22989,caracteristica_22990,caracteristica_22991,caracteristica_22992,caracteristica_22993,caracteristica_22994,caracteristica_22995,caracteristica_22996,caracteristica_22997,caracteristica_22998,caracteristica_22999,caracteristica_23000,caracteristica_23001,caracteristica_23002,caracteristica_23003,caracteristica_23004,caracteristica_23005,caracteristica_23006,caracteristica_23007,caracteristica_23008,caracteristica_23009,caracteristica_23010,caracteristica_23011,caracteristica_23012,caracteristica_23013,caracteristica_23014,caracteristica_23015,caracteristica_23016,caracteristica_23017,caracteristica_23018,caracteristica_23019,caracteristica_23020,caracteristica_23021,caracteristica_23022,caracteristica_23023,caracteristica_23024,caracteristica_23025,caracteristica_23026,caracteristica_23027,caracteristica_23028,caracteristica_23029,caracteristica_23030,caracteristica_23031,caracteristica_23032,caracteristica_23033,caracteristica_23034,caracteristica_23035,caracteristica_23036,caracteristica_23037,caracteristica_23038,caracteristica_23039,caracteristica_23040,caracteristica_23041,caracteristica_23042,caracteristica_23043,caracteristica_23044,caracteristica_23045,caracteristica_23046,caracteristica_23047,caracteristica_23048,caracteristica_23049,caracteristica_23050,caracteristica_23051,caracteristica_23052,caracteristica_23053,caracteristica_23054,caracteristica_23055,caracteristica_23056,caracteristica_23057,caracteristica_23058,caracteristica_23059,caracteristica_23060,caracteristica_23061,caracteristica_23062,caracteristica_23063,caracteristica_23064,caracteristica_23065,caracteristica_23066,caracteristica_23067,caracteristica_23068,caracteristica_23069,caracteristica_23070,caracteristica_23071,caracteristica_23072,caracteristica_23073,caracteristica_23074,caracteristica_23075,caracteristica_23076,caracteristica_23077,caracteristica_23078,caracteristica_23079,caracteristica_23080,caracteristica_23081,caracteristica_23082,caracteristica_23083,caracteristica_23084,caracteristica_23085,caracteristica_23086,caracteristica_23087,caracteristica_23088,caracteristica_23089,caracteristica_23090,caracteristica_23091,caracteristica_23092,caracteristica_23093,caracteristica_23094,caracteristica_23095,caracteristica_23096,caracteristica_23097,caracteristica_23098,caracteristica_23099,caracteristica_23100,caracteristica_23101,caracteristica_23102,caracteristica_23103,caracteristica_23104,caracteristica_23105,caracteristica_23106,caracteristica_23107,caracteristica_23108,caracteristica_23109,caracteristica_23110,caracteristica_23111,caracteristica_23112,caracteristica_23113,caracteristica_23114,caracteristica_23115,caracteristica_23116,caracteristica_23117,caracteristica_23118,caracteristica_23119,caracteristica_23120,caracteristica_23121,caracteristica_23122,caracteristica_23123,caracteristica_23124,caracteristica_23125,caracteristica_23126,caracteristica_23127,caracteristica_23128,caracteristica_23129,caracteristica_23130,caracteristica_23131,caracteristica_23132,caracteristica_23133,caracteristica_23134,caracteristica_23135,caracteristica_23136,caracteristica_23137,caracteristica_23138,caracteristica_23139,caracteristica_23140,caracteristica_23141,caracteristica_23142,caracteristica_23143,caracteristica_23144,caracteristica_23145,caracteristica_23146,caracteristica_23147,caracteristica_23148,caracteristica_23149,caracteristica_23150,caracteristica_23151,caracteristica_23152,caracteristica_23153,caracteristica_23154,caracteristica_23155,caracteristica_23156,caracteristica_23157,caracteristica_23158,caracteristica_23159,caracteristica_23160,caracteristica_23161,caracteristica_23162,caracteristica_23163,caracteristica_23164,caracteristica_23165,caracteristica_23166,caracteristica_23167,caracteristica_23168,caracteristica_23169,caracteristica_23170,caracteristica_23171,caracteristica_23172,caracteristica_23173,caracteristica_23174,caracteristica_23175,caracteristica_23176,caracteristica_23177,caracteristica_23178,caracteristica_23179,caracteristica_23180,caracteristica_23181,caracteristica_23182,caracteristica_23183,caracteristica_23184,caracteristica_23185,caracteristica_23186,caracteristica_23187,caracteristica_23188,caracteristica_23189,caracteristica_23190,caracteristica_23191,caracteristica_23192,caracteristica_23193,caracteristica_23194,caracteristica_23195,caracteristica_23196,caracteristica_23197,caracteristica_23198,caracteristica_23199,caracteristica_23200,caracteristica_23201,caracteristica_23202,caracteristica_23203,caracteristica_23204,caracteristica_23205,caracteristica_23206,caracteristica_23207,caracteristica_23208,caracteristica_23209,caracteristica_23210,caracteristica_23211,caracteristica_23212,caracteristica_23213,caracteristica_23214,caracteristica_23215,caracteristica_23216,caracteristica_23217,caracteristica_23218,caracteristica_23219,caracteristica_23220,caracteristica_23221,caracteristica_23222,caracteristica_23223,caracteristica_23224,caracteristica_23225,caracteristica_23226,caracteristica_23227,caracteristica_23228,caracteristica_23229,caracteristica_23230,caracteristica_23231,caracteristica_23232,caracteristica_23233,caracteristica_23234,caracteristica_23235,caracteristica_23236,caracteristica_23237,caracteristica_23238,caracteristica_23239,caracteristica_23240,caracteristica_23241,caracteristica_23242,caracteristica_23243,caracteristica_23244,caracteristica_23245,caracteristica_23246,caracteristica_23247,caracteristica_23248,caracteristica_23249,caracteristica_23250,caracteristica_23251,caracteristica_23252,caracteristica_23253,caracteristica_23254,caracteristica_23255,caracteristica_23256,caracteristica_23257,caracteristica_23258,caracteristica_23259,caracteristica_23260,caracteristica_23261,caracteristica_23262,caracteristica_23263,caracteristica_23264,caracteristica_23265,caracteristica_23266,caracteristica_23267,caracteristica_23268,caracteristica_23269,caracteristica_23270,caracteristica_23271,caracteristica_23272,caracteristica_23273,caracteristica_23274,caracteristica_23275,caracteristica_23276,caracteristica_23277,caracteristica_23278,caracteristica_23279,caracteristica_23280,caracteristica_23281,caracteristica_23282,caracteristica_23283,caracteristica_23284,caracteristica_23285,caracteristica_23286,caracteristica_23287,caracteristica_23288,caracteristica_23289,caracteristica_23290,caracteristica_23291,caracteristica_23292,caracteristica_23293,caracteristica_23294,caracteristica_23295,caracteristica_23296,caracteristica_23297,caracteristica_23298,caracteristica_23299,caracteristica_23300,caracteristica_23301,caracteristica_23302,caracteristica_23303,caracteristica_23304,caracteristica_23305,caracteristica_23306,caracteristica_23307,caracteristica_23308,caracteristica_23309,caracteristica_23310,caracteristica_23311,caracteristica_23312,caracteristica_23313,caracteristica_23314,caracteristica_23315,caracteristica_23316,caracteristica_23317,caracteristica_23318,caracteristica_23319,caracteristica_23320,caracteristica_23321,caracteristica_23322,caracteristica_23323,caracteristica_23324,caracteristica_23325,caracteristica_23326,caracteristica_23327,caracteristica_23328,caracteristica_23329,caracteristica_23330,caracteristica_23331,caracteristica_23332,caracteristica_23333,caracteristica_23334,caracteristica_23335,caracteristica_23336,caracteristica_23337,caracteristica_23338,caracteristica_23339,caracteristica_23340,caracteristica_23341,caracteristica_23342,caracteristica_23343,caracteristica_23344,caracteristica_23345,caracteristica_23346,caracteristica_23347,caracteristica_23348,caracteristica_23349,caracteristica_23350,caracteristica_23351,caracteristica_23352,caracteristica_23353,caracteristica_23354,caracteristica_23355,caracteristica_23356,caracteristica_23357,caracteristica_23358,caracteristica_23359,caracteristica_23360,caracteristica_23361,caracteristica_23362,caracteristica_23363,caracteristica_23364,caracteristica_23365,caracteristica_23366,caracteristica_23367,caracteristica_23368,caracteristica_23369,caracteristica_23370,caracteristica_23371,caracteristica_23372,caracteristica_23373,caracteristica_23374,caracteristica_23375,caracteristica_23376,caracteristica_23377,caracteristica_23378,caracteristica_23379,caracteristica_23380,caracteristica_23381,caracteristica_23382,caracteristica_23383,caracteristica_23384,caracteristica_23385,caracteristica_23386,caracteristica_23387,caracteristica_23388,caracteristica_23389,caracteristica_23390,caracteristica_23391,caracteristica_23392,caracteristica_23393,caracteristica_23394,caracteristica_23395,caracteristica_23396,caracteristica_23397,caracteristica_23398,caracteristica_23399,caracteristica_23400,caracteristica_23401,caracteristica_23402,caracteristica_23403,caracteristica_23404,caracteristica_23405,caracteristica_23406,caracteristica_23407,caracteristica_23408,caracteristica_23409,caracteristica_23410,caracteristica_23411,caracteristica_23412,caracteristica_23413,caracteristica_23414,caracteristica_23415,caracteristica_23416,caracteristica_23417,caracteristica_23418,caracteristica_23419,caracteristica_23420,caracteristica_23421,caracteristica_23422,caracteristica_23423,caracteristica_23424,caracteristica_23425,caracteristica_23426,caracteristica_23427,caracteristica_23428,caracteristica_23429,caracteristica_23430,caracteristica_23431,caracteristica_23432,caracteristica_23433,caracteristica_23434,caracteristica_23435,caracteristica_23436,caracteristica_23437,caracteristica_23438,caracteristica_23439,caracteristica_23440,caracteristica_23441,caracteristica_23442,caracteristica_23443,caracteristica_23444,caracteristica_23445,caracteristica_23446,caracteristica_23447,caracteristica_23448,caracteristica_23449,caracteristica_23450,caracteristica_23451,caracteristica_23452,caracteristica_23453,caracteristica_23454,caracteristica_23455,caracteristica_23456,caracteristica_23457,caracteristica_23458,caracteristica_23459,caracteristica_23460,caracteristica_23461,caracteristica_23462,caracteristica_23463,caracteristica_23464,caracteristica_23465,caracteristica_23466,caracteristica_23467,caracteristica_23468,caracteristica_23469,caracteristica_23470,caracteristica_23471,caracteristica_23472,caracteristica_23473,caracteristica_23474,caracteristica_23475,caracteristica_23476,caracteristica_23477,caracteristica_23478,caracteristica_23479,caracteristica_23480,caracteristica_23481,caracteristica_23482,caracteristica_23483,caracteristica_23484,caracteristica_23485,caracteristica_23486,caracteristica_23487,caracteristica_23488,caracteristica_23489,caracteristica_23490,caracteristica_23491,caracteristica_23492,caracteristica_23493,caracteristica_23494,caracteristica_23495,caracteristica_23496,caracteristica_23497,caracteristica_23498,caracteristica_23499,caracteristica_23500,caracteristica_23501,caracteristica_23502,caracteristica_23503,caracteristica_23504,caracteristica_23505,caracteristica_23506,caracteristica_23507,caracteristica_23508,caracteristica_23509,caracteristica_23510,caracteristica_23511,caracteristica_23512,caracteristica_23513,caracteristica_23514,caracteristica_23515,caracteristica_23516,caracteristica_23517,caracteristica_23518,caracteristica_23519,caracteristica_23520,caracteristica_23521,caracteristica_23522,caracteristica_23523,caracteristica_23524,caracteristica_23525,caracteristica_23526,caracteristica_23527,caracteristica_23528,caracteristica_23529,caracteristica_23530,caracteristica_23531,caracteristica_23532,caracteristica_23533,caracteristica_23534,caracteristica_23535,caracteristica_23536,caracteristica_23537,caracteristica_23538,caracteristica_23539,caracteristica_23540,caracteristica_23541,caracteristica_23542,caracteristica_23543,caracteristica_23544,caracteristica_23545,caracteristica_23546,caracteristica_23547,caracteristica_23548,caracteristica_23549,caracteristica_23550,caracteristica_23551,caracteristica_23552,caracteristica_23553,caracteristica_23554,caracteristica_23555,caracteristica_23556,caracteristica_23557,caracteristica_23558,caracteristica_23559,caracteristica_23560,caracteristica_23561,caracteristica_23562,caracteristica_23563,caracteristica_23564,caracteristica_23565,caracteristica_23566,caracteristica_23567,caracteristica_23568,caracteristica_23569,caracteristica_23570,caracteristica_23571,caracteristica_23572,caracteristica_23573,caracteristica_23574,caracteristica_23575,caracteristica_23576,caracteristica_23577,caracteristica_23578,caracteristica_23579,caracteristica_23580,caracteristica_23581,caracteristica_23582,caracteristica_23583,caracteristica_23584,caracteristica_23585,caracteristica_23586,caracteristica_23587,caracteristica_23588,caracteristica_23589,caracteristica_23590,caracteristica_23591,caracteristica_23592,caracteristica_23593,caracteristica_23594,caracteristica_23595,caracteristica_23596,caracteristica_23597,caracteristica_23598,caracteristica_23599,caracteristica_23600,caracteristica_23601,caracteristica_23602,caracteristica_23603,caracteristica_23604,caracteristica_23605,caracteristica_23606,caracteristica_23607,caracteristica_23608,caracteristica_23609,caracteristica_23610,caracteristica_23611,caracteristica_23612,caracteristica_23613,caracteristica_23614,caracteristica_23615,caracteristica_23616,caracteristica_23617,caracteristica_23618,caracteristica_23619,caracteristica_23620,caracteristica_23621,caracteristica_23622,caracteristica_23623,caracteristica_23624,caracteristica_23625,caracteristica_23626,caracteristica_23627,caracteristica_23628,caracteristica_23629,caracteristica_23630,caracteristica_23631,caracteristica_23632,caracteristica_23633,caracteristica_23634,caracteristica_23635,caracteristica_23636,caracteristica_23637,caracteristica_23638,caracteristica_23639,caracteristica_23640,caracteristica_23641,caracteristica_23642,caracteristica_23643,caracteristica_23644,caracteristica_23645,caracteristica_23646,caracteristica_23647,caracteristica_23648,caracteristica_23649,caracteristica_23650,caracteristica_23651,caracteristica_23652,caracteristica_23653,caracteristica_23654,caracteristica_23655,caracteristica_23656,caracteristica_23657,caracteristica_23658,caracteristica_23659,caracteristica_23660,caracteristica_23661,caracteristica_23662,caracteristica_23663,caracteristica_23664,caracteristica_23665,caracteristica_23666,caracteristica_23667,caracteristica_23668,caracteristica_23669,caracteristica_23670,caracteristica_23671,caracteristica_23672,caracteristica_23673,caracteristica_23674,caracteristica_23675,caracteristica_23676,caracteristica_23677,caracteristica_23678,caracteristica_23679,caracteristica_23680,caracteristica_23681,caracteristica_23682,caracteristica_23683,caracteristica_23684,caracteristica_23685,caracteristica_23686,caracteristica_23687,caracteristica_23688,caracteristica_23689,caracteristica_23690,caracteristica_23691,caracteristica_23692,caracteristica_23693,caracteristica_23694,caracteristica_23695,caracteristica_23696,caracteristica_23697,caracteristica_23698,caracteristica_23699,caracteristica_23700,caracteristica_23701,caracteristica_23702,caracteristica_23703,caracteristica_23704,caracteristica_23705,caracteristica_23706,caracteristica_23707,caracteristica_23708,caracteristica_23709,caracteristica_23710,caracteristica_23711,caracteristica_23712,caracteristica_23713,caracteristica_23714,caracteristica_23715,caracteristica_23716,caracteristica_23717,caracteristica_23718,caracteristica_23719,caracteristica_23720,caracteristica_23721,caracteristica_23722,caracteristica_23723,caracteristica_23724,caracteristica_23725,caracteristica_23726,caracteristica_23727,caracteristica_23728,caracteristica_23729,caracteristica_23730,caracteristica_23731,caracteristica_23732,caracteristica_23733,caracteristica_23734,caracteristica_23735,caracteristica_23736,caracteristica_23737,caracteristica_23738,caracteristica_23739,caracteristica_23740,caracteristica_23741,caracteristica_23742,caracteristica_23743,caracteristica_23744,caracteristica_23745,caracteristica_23746,caracteristica_23747,caracteristica_23748,caracteristica_23749,caracteristica_23750,caracteristica_23751,caracteristica_23752,caracteristica_23753,caracteristica_23754,caracteristica_23755,caracteristica_23756,caracteristica_23757,caracteristica_23758,caracteristica_23759,caracteristica_23760,caracteristica_23761,caracteristica_23762,caracteristica_23763,caracteristica_23764,caracteristica_23765,caracteristica_23766,caracteristica_23767,caracteristica_23768,caracteristica_23769,caracteristica_23770,caracteristica_23771,caracteristica_23772,caracteristica_23773,caracteristica_23774,caracteristica_23775,caracteristica_23776,caracteristica_23777,caracteristica_23778,caracteristica_23779,caracteristica_23780,caracteristica_23781,caracteristica_23782,caracteristica_23783,caracteristica_23784,caracteristica_23785,caracteristica_23786,caracteristica_23787,caracteristica_23788,caracteristica_23789,caracteristica_23790,caracteristica_23791,caracteristica_23792,caracteristica_23793,caracteristica_23794,caracteristica_23795,caracteristica_23796,caracteristica_23797,caracteristica_23798,caracteristica_23799,caracteristica_23800,caracteristica_23801,caracteristica_23802,caracteristica_23803,caracteristica_23804,caracteristica_23805,caracteristica_23806,caracteristica_23807,caracteristica_23808,caracteristica_23809,caracteristica_23810,caracteristica_23811,caracteristica_23812,caracteristica_23813,caracteristica_23814,caracteristica_23815,caracteristica_23816,caracteristica_23817,caracteristica_23818,caracteristica_23819,caracteristica_23820,caracteristica_23821,caracteristica_23822,caracteristica_23823,caracteristica_23824,caracteristica_23825,caracteristica_23826,caracteristica_23827,caracteristica_23828,caracteristica_23829,caracteristica_23830,caracteristica_23831,caracteristica_23832,caracteristica_23833,caracteristica_23834,caracteristica_23835,caracteristica_23836,caracteristica_23837,caracteristica_23838,caracteristica_23839,caracteristica_23840,caracteristica_23841,caracteristica_23842,caracteristica_23843,caracteristica_23844,caracteristica_23845,caracteristica_23846,caracteristica_23847,caracteristica_23848,caracteristica_23849,caracteristica_23850,caracteristica_23851,caracteristica_23852,caracteristica_23853,caracteristica_23854,caracteristica_23855,caracteristica_23856,caracteristica_23857,caracteristica_23858,caracteristica_23859,caracteristica_23860,caracteristica_23861,caracteristica_23862,caracteristica_23863,caracteristica_23864,caracteristica_23865,caracteristica_23866,caracteristica_23867,caracteristica_23868,caracteristica_23869,caracteristica_23870,caracteristica_23871,caracteristica_23872,caracteristica_23873,caracteristica_23874,caracteristica_23875,caracteristica_23876,caracteristica_23877,caracteristica_23878,caracteristica_23879,caracteristica_23880,caracteristica_23881,caracteristica_23882,caracteristica_23883,caracteristica_23884,caracteristica_23885,caracteristica_23886,caracteristica_23887,caracteristica_23888,caracteristica_23889,caracteristica_23890,caracteristica_23891,caracteristica_23892,caracteristica_23893,caracteristica_23894,caracteristica_23895,caracteristica_23896,caracteristica_23897,caracteristica_23898,caracteristica_23899,caracteristica_23900,caracteristica_23901,caracteristica_23902,caracteristica_23903,caracteristica_23904,caracteristica_23905,caracteristica_23906,caracteristica_23907,caracteristica_23908,caracteristica_23909,caracteristica_23910,caracteristica_23911,caracteristica_23912,caracteristica_23913,caracteristica_23914,caracteristica_23915,caracteristica_23916,caracteristica_23917,caracteristica_23918,caracteristica_23919,caracteristica_23920,caracteristica_23921,caracteristica_23922,caracteristica_23923,caracteristica_23924,caracteristica_23925,caracteristica_23926,caracteristica_23927,caracteristica_23928,caracteristica_23929,caracteristica_23930,caracteristica_23931,caracteristica_23932,caracteristica_23933,caracteristica_23934,caracteristica_23935,caracteristica_23936,caracteristica_23937,caracteristica_23938,caracteristica_23939,caracteristica_23940,caracteristica_23941,caracteristica_23942,caracteristica_23943,caracteristica_23944,caracteristica_23945,caracteristica_23946,caracteristica_23947,caracteristica_23948,caracteristica_23949,caracteristica_23950,caracteristica_23951,caracteristica_23952,caracteristica_23953,caracteristica_23954,caracteristica_23955,caracteristica_23956,caracteristica_23957,caracteristica_23958,caracteristica_23959,caracteristica_23960,caracteristica_23961,caracteristica_23962,caracteristica_23963,caracteristica_23964,caracteristica_23965,caracteristica_23966,caracteristica_23967,caracteristica_23968,caracteristica_23969,caracteristica_23970,caracteristica_23971,caracteristica_23972,caracteristica_23973,caracteristica_23974,caracteristica_23975,caracteristica_23976,caracteristica_23977,caracteristica_23978,caracteristica_23979,caracteristica_23980,caracteristica_23981,caracteristica_23982,caracteristica_23983,caracteristica_23984,caracteristica_23985,caracteristica_23986,caracteristica_23987,caracteristica_23988,caracteristica_23989,caracteristica_23990,caracteristica_23991,caracteristica_23992,caracteristica_23993,caracteristica_23994,caracteristica_23995,caracteristica_23996,caracteristica_23997,caracteristica_23998,caracteristica_23999,caracteristica_24000,caracteristica_24001,caracteristica_24002,caracteristica_24003,caracteristica_24004,caracteristica_24005,caracteristica_24006,caracteristica_24007,caracteristica_24008,caracteristica_24009,caracteristica_24010,caracteristica_24011,caracteristica_24012,caracteristica_24013,caracteristica_24014,caracteristica_24015,caracteristica_24016,caracteristica_24017,caracteristica_24018,caracteristica_24019,caracteristica_24020,caracteristica_24021,caracteristica_24022,caracteristica_24023,caracteristica_24024,caracteristica_24025,caracteristica_24026,caracteristica_24027,caracteristica_24028,caracteristica_24029,caracteristica_24030,caracteristica_24031,caracteristica_24032,caracteristica_24033,caracteristica_24034,caracteristica_24035,caracteristica_24036,caracteristica_24037,caracteristica_24038,caracteristica_24039,caracteristica_24040,caracteristica_24041,caracteristica_24042,caracteristica_24043,caracteristica_24044,caracteristica_24045,caracteristica_24046,caracteristica_24047,caracteristica_24048,caracteristica_24049,caracteristica_24050,caracteristica_24051,caracteristica_24052,caracteristica_24053,caracteristica_24054,caracteristica_24055,caracteristica_24056,caracteristica_24057,caracteristica_24058,caracteristica_24059,caracteristica_24060,caracteristica_24061,caracteristica_24062,caracteristica_24063,caracteristica_24064,caracteristica_24065,caracteristica_24066,caracteristica_24067,caracteristica_24068,caracteristica_24069,caracteristica_24070,caracteristica_24071,caracteristica_24072,caracteristica_24073,caracteristica_24074,caracteristica_24075,caracteristica_24076,caracteristica_24077,caracteristica_24078,caracteristica_24079,caracteristica_24080,caracteristica_24081,caracteristica_24082,caracteristica_24083,caracteristica_24084,caracteristica_24085,caracteristica_24086,caracteristica_24087,caracteristica_24088,caracteristica_24089,caracteristica_24090,caracteristica_24091,caracteristica_24092,caracteristica_24093,caracteristica_24094,caracteristica_24095,caracteristica_24096,caracteristica_24097,caracteristica_24098,caracteristica_24099,caracteristica_24100,caracteristica_24101,caracteristica_24102,caracteristica_24103,caracteristica_24104,caracteristica_24105,caracteristica_24106,caracteristica_24107,caracteristica_24108,caracteristica_24109,caracteristica_24110,caracteristica_24111,caracteristica_24112,caracteristica_24113,caracteristica_24114,caracteristica_24115,caracteristica_24116,caracteristica_24117,caracteristica_24118,caracteristica_24119,caracteristica_24120,caracteristica_24121,caracteristica_24122,caracteristica_24123,caracteristica_24124,caracteristica_24125,caracteristica_24126,caracteristica_24127,caracteristica_24128,caracteristica_24129,caracteristica_24130,caracteristica_24131,caracteristica_24132,caracteristica_24133,caracteristica_24134,caracteristica_24135,caracteristica_24136,caracteristica_24137,caracteristica_24138,caracteristica_24139,caracteristica_24140,caracteristica_24141,caracteristica_24142,caracteristica_24143,caracteristica_24144,caracteristica_24145,caracteristica_24146,caracteristica_24147,caracteristica_24148,caracteristica_24149,caracteristica_24150,caracteristica_24151,caracteristica_24152,caracteristica_24153,caracteristica_24154,caracteristica_24155,caracteristica_24156,caracteristica_24157,caracteristica_24158,caracteristica_24159,caracteristica_24160,caracteristica_24161,caracteristica_24162,caracteristica_24163,caracteristica_24164,caracteristica_24165,caracteristica_24166,caracteristica_24167,caracteristica_24168,caracteristica_24169,caracteristica_24170,caracteristica_24171,caracteristica_24172,caracteristica_24173,caracteristica_24174,caracteristica_24175,caracteristica_24176,caracteristica_24177,caracteristica_24178,caracteristica_24179,caracteristica_24180,caracteristica_24181,caracteristica_24182,caracteristica_24183,caracteristica_24184,caracteristica_24185,caracteristica_24186,caracteristica_24187,caracteristica_24188,caracteristica_24189,caracteristica_24190,caracteristica_24191,caracteristica_24192,caracteristica_24193,caracteristica_24194,caracteristica_24195,caracteristica_24196,caracteristica_24197,caracteristica_24198,caracteristica_24199,caracteristica_24200,caracteristica_24201,caracteristica_24202,caracteristica_24203,caracteristica_24204,caracteristica_24205,caracteristica_24206,caracteristica_24207,caracteristica_24208,caracteristica_24209,caracteristica_24210,caracteristica_24211,caracteristica_24212,caracteristica_24213,caracteristica_24214,caracteristica_24215,caracteristica_24216,caracteristica_24217,caracteristica_24218,caracteristica_24219,caracteristica_24220,caracteristica_24221,caracteristica_24222,caracteristica_24223,caracteristica_24224,caracteristica_24225,caracteristica_24226,caracteristica_24227,caracteristica_24228,caracteristica_24229,caracteristica_24230,caracteristica_24231,caracteristica_24232,caracteristica_24233,caracteristica_24234,caracteristica_24235,caracteristica_24236,caracteristica_24237,caracteristica_24238,caracteristica_24239,caracteristica_24240,caracteristica_24241,caracteristica_24242,caracteristica_24243,caracteristica_24244,caracteristica_24245,caracteristica_24246,caracteristica_24247,caracteristica_24248,caracteristica_24249,caracteristica_24250,caracteristica_24251,caracteristica_24252,caracteristica_24253,caracteristica_24254,caracteristica_24255,caracteristica_24256,caracteristica_24257,caracteristica_24258,caracteristica_24259,caracteristica_24260,caracteristica_24261,caracteristica_24262,caracteristica_24263,caracteristica_24264,caracteristica_24265,caracteristica_24266,caracteristica_24267,caracteristica_24268,caracteristica_24269,caracteristica_24270,caracteristica_24271,caracteristica_24272,caracteristica_24273,caracteristica_24274,caracteristica_24275,caracteristica_24276,caracteristica_24277,caracteristica_24278,caracteristica_24279,caracteristica_24280,caracteristica_24281,caracteristica_24282,caracteristica_24283,caracteristica_24284,caracteristica_24285,caracteristica_24286,caracteristica_24287,caracteristica_24288,caracteristica_24289,caracteristica_24290,caracteristica_24291,caracteristica_24292,caracteristica_24293,caracteristica_24294,caracteristica_24295,caracteristica_24296,caracteristica_24297,caracteristica_24298,caracteristica_24299,caracteristica_24300,caracteristica_24301,caracteristica_24302,caracteristica_24303,caracteristica_24304,caracteristica_24305,caracteristica_24306,caracteristica_24307,caracteristica_24308,caracteristica_24309,caracteristica_24310,caracteristica_24311,caracteristica_24312,caracteristica_24313,caracteristica_24314,caracteristica_24315,caracteristica_24316,caracteristica_24317,caracteristica_24318,caracteristica_24319,caracteristica_24320,caracteristica_24321,caracteristica_24322,caracteristica_24323,caracteristica_24324,caracteristica_24325,caracteristica_24326,caracteristica_24327,caracteristica_24328,caracteristica_24329,caracteristica_24330,caracteristica_24331,caracteristica_24332,caracteristica_24333,caracteristica_24334,caracteristica_24335,caracteristica_24336,caracteristica_24337,caracteristica_24338,caracteristica_24339,caracteristica_24340,caracteristica_24341,caracteristica_24342,caracteristica_24343,caracteristica_24344,caracteristica_24345,caracteristica_24346,caracteristica_24347,caracteristica_24348,caracteristica_24349,caracteristica_24350,caracteristica_24351,caracteristica_24352,caracteristica_24353,caracteristica_24354,caracteristica_24355,caracteristica_24356,caracteristica_24357,caracteristica_24358,caracteristica_24359,caracteristica_24360,caracteristica_24361,caracteristica_24362,caracteristica_24363,caracteristica_24364,caracteristica_24365,caracteristica_24366,caracteristica_24367,caracteristica_24368,caracteristica_24369,caracteristica_24370,caracteristica_24371,caracteristica_24372,caracteristica_24373,caracteristica_24374,caracteristica_24375,caracteristica_24376,caracteristica_24377,caracteristica_24378,caracteristica_24379,caracteristica_24380,caracteristica_24381,caracteristica_24382,caracteristica_24383,caracteristica_24384,caracteristica_24385,caracteristica_24386,caracteristica_24387,caracteristica_24388,caracteristica_24389,caracteristica_24390,caracteristica_24391,caracteristica_24392,caracteristica_24393,caracteristica_24394,caracteristica_24395,caracteristica_24396,caracteristica_24397,caracteristica_24398,caracteristica_24399,caracteristica_24400,caracteristica_24401,caracteristica_24402,caracteristica_24403,caracteristica_24404,caracteristica_24405,caracteristica_24406,caracteristica_24407,caracteristica_24408,caracteristica_24409,caracteristica_24410,caracteristica_24411,caracteristica_24412,caracteristica_24413,caracteristica_24414,caracteristica_24415,caracteristica_24416,caracteristica_24417,caracteristica_24418,caracteristica_24419,caracteristica_24420,caracteristica_24421,caracteristica_24422,caracteristica_24423,caracteristica_24424,caracteristica_24425,caracteristica_24426,caracteristica_24427,caracteristica_24428,caracteristica_24429,caracteristica_24430,caracteristica_24431,caracteristica_24432,caracteristica_24433,caracteristica_24434,caracteristica_24435,caracteristica_24436,caracteristica_24437,caracteristica_24438,caracteristica_24439,caracteristica_24440,caracteristica_24441,caracteristica_24442,caracteristica_24443,caracteristica_24444,caracteristica_24445,caracteristica_24446,caracteristica_24447,caracteristica_24448,caracteristica_24449,caracteristica_24450,caracteristica_24451,caracteristica_24452,caracteristica_24453,caracteristica_24454,caracteristica_24455,caracteristica_24456,caracteristica_24457,caracteristica_24458,caracteristica_24459,caracteristica_24460,caracteristica_24461,caracteristica_24462,caracteristica_24463,caracteristica_24464,caracteristica_24465,caracteristica_24466,caracteristica_24467,caracteristica_24468,caracteristica_24469,caracteristica_24470,caracteristica_24471,caracteristica_24472,caracteristica_24473,caracteristica_24474,caracteristica_24475,caracteristica_24476,caracteristica_24477,caracteristica_24478,caracteristica_24479,caracteristica_24480,caracteristica_24481,caracteristica_24482,caracteristica_24483,caracteristica_24484,caracteristica_24485,caracteristica_24486,caracteristica_24487,caracteristica_24488,caracteristica_24489,caracteristica_24490,caracteristica_24491,caracteristica_24492,caracteristica_24493,caracteristica_24494,caracteristica_24495,caracteristica_24496,caracteristica_24497,caracteristica_24498,caracteristica_24499,caracteristica_24500,caracteristica_24501,caracteristica_24502,caracteristica_24503,caracteristica_24504,caracteristica_24505,caracteristica_24506,caracteristica_24507,caracteristica_24508,caracteristica_24509,caracteristica_24510,caracteristica_24511,caracteristica_24512,caracteristica_24513,caracteristica_24514,caracteristica_24515,caracteristica_24516,caracteristica_24517,caracteristica_24518,caracteristica_24519,caracteristica_24520,caracteristica_24521,caracteristica_24522,caracteristica_24523,caracteristica_24524,caracteristica_24525,caracteristica_24526,caracteristica_24527,caracteristica_24528,caracteristica_24529,caracteristica_24530,caracteristica_24531,caracteristica_24532,caracteristica_24533,caracteristica_24534,caracteristica_24535,caracteristica_24536,caracteristica_24537,caracteristica_24538,caracteristica_24539,caracteristica_24540,caracteristica_24541,caracteristica_24542,caracteristica_24543,caracteristica_24544,caracteristica_24545,caracteristica_24546,caracteristica_24547,caracteristica_24548,caracteristica_24549,caracteristica_24550,caracteristica_24551,caracteristica_24552,caracteristica_24553,caracteristica_24554,caracteristica_24555,caracteristica_24556,caracteristica_24557,caracteristica_24558,caracteristica_24559,caracteristica_24560,caracteristica_24561,caracteristica_24562,caracteristica_24563,caracteristica_24564,caracteristica_24565,caracteristica_24566,caracteristica_24567,caracteristica_24568,caracteristica_24569,caracteristica_24570,caracteristica_24571,caracteristica_24572,caracteristica_24573,caracteristica_24574,caracteristica_24575,caracteristica_24576,caracteristica_24577,caracteristica_24578,caracteristica_24579,caracteristica_24580,caracteristica_24581,caracteristica_24582,caracteristica_24583,caracteristica_24584,caracteristica_24585,caracteristica_24586,caracteristica_24587,caracteristica_24588,caracteristica_24589,caracteristica_24590,caracteristica_24591,caracteristica_24592,caracteristica_24593,caracteristica_24594,caracteristica_24595,caracteristica_24596,caracteristica_24597,caracteristica_24598,caracteristica_24599,caracteristica_24600,caracteristica_24601,caracteristica_24602,caracteristica_24603,caracteristica_24604,caracteristica_24605,caracteristica_24606,caracteristica_24607,caracteristica_24608,caracteristica_24609,caracteristica_24610,caracteristica_24611,caracteristica_24612,caracteristica_24613,caracteristica_24614,caracteristica_24615,caracteristica_24616,caracteristica_24617,caracteristica_24618,caracteristica_24619,caracteristica_24620,caracteristica_24621,caracteristica_24622,caracteristica_24623,caracteristica_24624,caracteristica_24625,caracteristica_24626,caracteristica_24627,caracteristica_24628,caracteristica_24629,caracteristica_24630,caracteristica_24631,caracteristica_24632,caracteristica_24633,caracteristica_24634,caracteristica_24635,caracteristica_24636,caracteristica_24637,caracteristica_24638,caracteristica_24639,caracteristica_24640,caracteristica_24641,caracteristica_24642,caracteristica_24643,caracteristica_24644,caracteristica_24645,caracteristica_24646,caracteristica_24647,caracteristica_24648,caracteristica_24649,caracteristica_24650,caracteristica_24651,caracteristica_24652,caracteristica_24653,caracteristica_24654,caracteristica_24655,caracteristica_24656,caracteristica_24657,caracteristica_24658,caracteristica_24659,caracteristica_24660,caracteristica_24661,caracteristica_24662,caracteristica_24663,caracteristica_24664,caracteristica_24665,caracteristica_24666,caracteristica_24667,caracteristica_24668,caracteristica_24669,caracteristica_24670,caracteristica_24671,caracteristica_24672,caracteristica_24673,caracteristica_24674,caracteristica_24675,caracteristica_24676,caracteristica_24677,caracteristica_24678,caracteristica_24679,caracteristica_24680,caracteristica_24681,caracteristica_24682,caracteristica_24683,caracteristica_24684,caracteristica_24685,caracteristica_24686,caracteristica_24687,caracteristica_24688,caracteristica_24689,caracteristica_24690,caracteristica_24691,caracteristica_24692,caracteristica_24693,caracteristica_24694,caracteristica_24695,caracteristica_24696,caracteristica_24697,caracteristica_24698,caracteristica_24699,caracteristica_24700,caracteristica_24701,caracteristica_24702,caracteristica_24703,caracteristica_24704,caracteristica_24705,caracteristica_24706,caracteristica_24707,caracteristica_24708,caracteristica_24709,caracteristica_24710,caracteristica_24711,caracteristica_24712,caracteristica_24713,caracteristica_24714,caracteristica_24715,caracteristica_24716,caracteristica_24717,caracteristica_24718,caracteristica_24719,caracteristica_24720,caracteristica_24721,caracteristica_24722,caracteristica_24723,caracteristica_24724,caracteristica_24725,caracteristica_24726,caracteristica_24727,caracteristica_24728,caracteristica_24729,caracteristica_24730,caracteristica_24731,caracteristica_24732,caracteristica_24733,caracteristica_24734,caracteristica_24735,caracteristica_24736,caracteristica_24737,caracteristica_24738,caracteristica_24739,caracteristica_24740,caracteristica_24741,caracteristica_24742,caracteristica_24743,caracteristica_24744,caracteristica_24745,caracteristica_24746,caracteristica_24747,caracteristica_24748,caracteristica_24749,caracteristica_24750,caracteristica_24751,caracteristica_24752,caracteristica_24753,caracteristica_24754,caracteristica_24755,caracteristica_24756,caracteristica_24757,caracteristica_24758,caracteristica_24759,caracteristica_24760,caracteristica_24761,caracteristica_24762,caracteristica_24763,caracteristica_24764,caracteristica_24765,caracteristica_24766,caracteristica_24767,caracteristica_24768,caracteristica_24769,caracteristica_24770,caracteristica_24771,caracteristica_24772,caracteristica_24773,caracteristica_24774,caracteristica_24775,caracteristica_24776,caracteristica_24777,caracteristica_24778,caracteristica_24779,caracteristica_24780,caracteristica_24781,caracteristica_24782,caracteristica_24783,caracteristica_24784,caracteristica_24785,caracteristica_24786,caracteristica_24787,caracteristica_24788,caracteristica_24789,caracteristica_24790,caracteristica_24791,caracteristica_24792,caracteristica_24793,caracteristica_24794,caracteristica_24795,caracteristica_24796,caracteristica_24797,caracteristica_24798,caracteristica_24799,caracteristica_24800,caracteristica_24801,caracteristica_24802,caracteristica_24803,caracteristica_24804,caracteristica_24805,caracteristica_24806,caracteristica_24807,caracteristica_24808,caracteristica_24809,caracteristica_24810,caracteristica_24811,caracteristica_24812,caracteristica_24813,caracteristica_24814,caracteristica_24815,caracteristica_24816,caracteristica_24817,caracteristica_24818,caracteristica_24819,caracteristica_24820,caracteristica_24821,caracteristica_24822,caracteristica_24823,caracteristica_24824,caracteristica_24825,caracteristica_24826,caracteristica_24827,caracteristica_24828,caracteristica_24829,caracteristica_24830,caracteristica_24831,caracteristica_24832,caracteristica_24833,caracteristica_24834,caracteristica_24835,caracteristica_24836,caracteristica_24837,caracteristica_24838,caracteristica_24839,caracteristica_24840,caracteristica_24841,caracteristica_24842,caracteristica_24843,caracteristica_24844,caracteristica_24845,caracteristica_24846,caracteristica_24847,caracteristica_24848,caracteristica_24849,caracteristica_24850,caracteristica_24851,caracteristica_24852,caracteristica_24853,caracteristica_24854,caracteristica_24855,caracteristica_24856,caracteristica_24857,caracteristica_24858,caracteristica_24859,caracteristica_24860,caracteristica_24861,caracteristica_24862,caracteristica_24863,caracteristica_24864,caracteristica_24865,caracteristica_24866,caracteristica_24867,caracteristica_24868,caracteristica_24869,caracteristica_24870,caracteristica_24871,caracteristica_24872,caracteristica_24873,caracteristica_24874,caracteristica_24875,caracteristica_24876,caracteristica_24877,caracteristica_24878,caracteristica_24879,caracteristica_24880,caracteristica_24881,caracteristica_24882,caracteristica_24883,caracteristica_24884,caracteristica_24885,caracteristica_24886,caracteristica_24887,caracteristica_24888,caracteristica_24889,caracteristica_24890,caracteristica_24891,caracteristica_24892,caracteristica_24893,caracteristica_24894,caracteristica_24895,caracteristica_24896,caracteristica_24897,caracteristica_24898,caracteristica_24899,caracteristica_24900,caracteristica_24901,caracteristica_24902,caracteristica_24903,caracteristica_24904,caracteristica_24905,caracteristica_24906,caracteristica_24907,caracteristica_24908,caracteristica_24909,caracteristica_24910,caracteristica_24911,caracteristica_24912,caracteristica_24913,caracteristica_24914,caracteristica_24915,caracteristica_24916,caracteristica_24917,caracteristica_24918,caracteristica_24919,caracteristica_24920,caracteristica_24921,caracteristica_24922,caracteristica_24923,caracteristica_24924,caracteristica_24925,caracteristica_24926,caracteristica_24927,caracteristica_24928,caracteristica_24929,caracteristica_24930,caracteristica_24931,caracteristica_24932,caracteristica_24933,caracteristica_24934,caracteristica_24935,caracteristica_24936,caracteristica_24937,caracteristica_24938,caracteristica_24939,caracteristica_24940,caracteristica_24941,caracteristica_24942,caracteristica_24943,caracteristica_24944,caracteristica_24945,caracteristica_24946,caracteristica_24947,caracteristica_24948,caracteristica_24949,caracteristica_24950,caracteristica_24951,caracteristica_24952,caracteristica_24953,caracteristica_24954,caracteristica_24955,caracteristica_24956,caracteristica_24957,caracteristica_24958,caracteristica_24959,caracteristica_24960,caracteristica_24961,caracteristica_24962,caracteristica_24963,caracteristica_24964,caracteristica_24965,caracteristica_24966,caracteristica_24967,caracteristica_24968,caracteristica_24969,caracteristica_24970,caracteristica_24971,caracteristica_24972,caracteristica_24973,caracteristica_24974,caracteristica_24975,caracteristica_24976,caracteristica_24977,caracteristica_24978,caracteristica_24979,caracteristica_24980,caracteristica_24981,caracteristica_24982,caracteristica_24983,caracteristica_24984,caracteristica_24985,caracteristica_24986,caracteristica_24987,caracteristica_24988,caracteristica_24989,caracteristica_24990,caracteristica_24991,caracteristica_24992,caracteristica_24993,caracteristica_24994,caracteristica_24995,caracteristica_24996,caracteristica_24997,caracteristica_24998,caracteristica_24999,caracteristica_25000,caracteristica_25001,caracteristica_25002,caracteristica_25003,caracteristica_25004,caracteristica_25005,caracteristica_25006,caracteristica_25007,caracteristica_25008,caracteristica_25009,caracteristica_25010,caracteristica_25011,caracteristica_25012,caracteristica_25013,caracteristica_25014,caracteristica_25015,caracteristica_25016,caracteristica_25017,caracteristica_25018,caracteristica_25019,caracteristica_25020,caracteristica_25021,caracteristica_25022,caracteristica_25023,caracteristica_25024,caracteristica_25025,caracteristica_25026,caracteristica_25027,caracteristica_25028,caracteristica_25029,caracteristica_25030,caracteristica_25031,caracteristica_25032,caracteristica_25033,caracteristica_25034,caracteristica_25035,caracteristica_25036,caracteristica_25037,caracteristica_25038,caracteristica_25039,caracteristica_25040,caracteristica_25041,caracteristica_25042,caracteristica_25043,caracteristica_25044,caracteristica_25045,caracteristica_25046,caracteristica_25047,caracteristica_25048,caracteristica_25049,caracteristica_25050,caracteristica_25051,caracteristica_25052,caracteristica_25053,caracteristica_25054,caracteristica_25055,caracteristica_25056,caracteristica_25057,caracteristica_25058,caracteristica_25059,caracteristica_25060,caracteristica_25061,caracteristica_25062,caracteristica_25063,caracteristica_25064,caracteristica_25065,caracteristica_25066,caracteristica_25067,caracteristica_25068,caracteristica_25069,caracteristica_25070,caracteristica_25071,caracteristica_25072,caracteristica_25073,caracteristica_25074,caracteristica_25075,caracteristica_25076,caracteristica_25077,caracteristica_25078,caracteristica_25079,caracteristica_25080,caracteristica_25081,caracteristica_25082,caracteristica_25083,caracteristica_25084,caracteristica_25085,caracteristica_25086,caracteristica_25087,caracteristica_25088,caracteristica_25089,caracteristica_25090,caracteristica_25091,caracteristica_25092,caracteristica_25093,caracteristica_25094,caracteristica_25095,caracteristica_25096,caracteristica_25097,caracteristica_25098,caracteristica_25099,caracteristica_25100,caracteristica_25101,caracteristica_25102,caracteristica_25103,caracteristica_25104,caracteristica_25105,caracteristica_25106,caracteristica_25107,caracteristica_25108,caracteristica_25109,caracteristica_25110,caracteristica_25111,caracteristica_25112,caracteristica_25113,caracteristica_25114,caracteristica_25115,caracteristica_25116,caracteristica_25117,caracteristica_25118,caracteristica_25119,caracteristica_25120,caracteristica_25121,caracteristica_25122,caracteristica_25123,caracteristica_25124,caracteristica_25125,caracteristica_25126,caracteristica_25127,caracteristica_25128,caracteristica_25129,caracteristica_25130,caracteristica_25131,caracteristica_25132,caracteristica_25133,caracteristica_25134,caracteristica_25135,caracteristica_25136,caracteristica_25137,caracteristica_25138,caracteristica_25139,caracteristica_25140,caracteristica_25141,caracteristica_25142,caracteristica_25143,caracteristica_25144,caracteristica_25145,caracteristica_25146,caracteristica_25147,caracteristica_25148,caracteristica_25149,caracteristica_25150,caracteristica_25151,caracteristica_25152,caracteristica_25153,caracteristica_25154,caracteristica_25155,caracteristica_25156,caracteristica_25157,caracteristica_25158,caracteristica_25159,caracteristica_25160,caracteristica_25161,caracteristica_25162,caracteristica_25163,caracteristica_25164,caracteristica_25165,caracteristica_25166,caracteristica_25167,caracteristica_25168,caracteristica_25169,caracteristica_25170,caracteristica_25171,caracteristica_25172,caracteristica_25173,caracteristica_25174,caracteristica_25175,caracteristica_25176,caracteristica_25177,caracteristica_25178,caracteristica_25179,caracteristica_25180,caracteristica_25181,caracteristica_25182,caracteristica_25183,caracteristica_25184,caracteristica_25185,caracteristica_25186,caracteristica_25187,caracteristica_25188,caracteristica_25189,caracteristica_25190,caracteristica_25191,caracteristica_25192,caracteristica_25193,caracteristica_25194,caracteristica_25195,caracteristica_25196,caracteristica_25197,caracteristica_25198,caracteristica_25199,caracteristica_25200,caracteristica_25201,caracteristica_25202,caracteristica_25203,caracteristica_25204,caracteristica_25205,caracteristica_25206,caracteristica_25207,caracteristica_25208,caracteristica_25209,caracteristica_25210,caracteristica_25211,caracteristica_25212,caracteristica_25213,caracteristica_25214,caracteristica_25215,caracteristica_25216,caracteristica_25217,caracteristica_25218,caracteristica_25219,caracteristica_25220,caracteristica_25221,caracteristica_25222,caracteristica_25223,caracteristica_25224,caracteristica_25225,caracteristica_25226,caracteristica_25227,caracteristica_25228,caracteristica_25229,caracteristica_25230,caracteristica_25231,caracteristica_25232,caracteristica_25233,caracteristica_25234,caracteristica_25235,caracteristica_25236,caracteristica_25237,caracteristica_25238,caracteristica_25239,caracteristica_25240,caracteristica_25241,caracteristica_25242,caracteristica_25243,caracteristica_25244,caracteristica_25245,caracteristica_25246,caracteristica_25247,caracteristica_25248,caracteristica_25249,caracteristica_25250,caracteristica_25251,caracteristica_25252,caracteristica_25253,caracteristica_25254,caracteristica_25255,caracteristica_25256,caracteristica_25257,caracteristica_25258,caracteristica_25259,caracteristica_25260,caracteristica_25261,caracteristica_25262,caracteristica_25263,caracteristica_25264,caracteristica_25265,caracteristica_25266,caracteristica_25267,caracteristica_25268,caracteristica_25269,caracteristica_25270,caracteristica_25271,caracteristica_25272,caracteristica_25273,caracteristica_25274,caracteristica_25275,caracteristica_25276,caracteristica_25277,caracteristica_25278,caracteristica_25279,caracteristica_25280,caracteristica_25281,caracteristica_25282,caracteristica_25283,caracteristica_25284,caracteristica_25285,caracteristica_25286,caracteristica_25287,caracteristica_25288,caracteristica_25289,caracteristica_25290,caracteristica_25291,caracteristica_25292,caracteristica_25293,caracteristica_25294,caracteristica_25295,caracteristica_25296,caracteristica_25297,caracteristica_25298,caracteristica_25299,caracteristica_25300,caracteristica_25301,caracteristica_25302,caracteristica_25303,caracteristica_25304,caracteristica_25305,caracteristica_25306,caracteristica_25307,caracteristica_25308,caracteristica_25309,caracteristica_25310,caracteristica_25311,caracteristica_25312,caracteristica_25313,caracteristica_25314,caracteristica_25315,caracteristica_25316,caracteristica_25317,caracteristica_25318,caracteristica_25319,caracteristica_25320,caracteristica_25321,caracteristica_25322,caracteristica_25323,caracteristica_25324,caracteristica_25325,caracteristica_25326,caracteristica_25327,caracteristica_25328,caracteristica_25329,caracteristica_25330,caracteristica_25331,caracteristica_25332,caracteristica_25333,caracteristica_25334,caracteristica_25335,caracteristica_25336,caracteristica_25337,caracteristica_25338,caracteristica_25339,caracteristica_25340,caracteristica_25341,caracteristica_25342,caracteristica_25343,caracteristica_25344,caracteristica_25345,caracteristica_25346,caracteristica_25347,caracteristica_25348,caracteristica_25349,caracteristica_25350,caracteristica_25351,caracteristica_25352,caracteristica_25353,caracteristica_25354,caracteristica_25355,caracteristica_25356,caracteristica_25357,caracteristica_25358,caracteristica_25359,caracteristica_25360,caracteristica_25361,caracteristica_25362,caracteristica_25363,caracteristica_25364,caracteristica_25365,caracteristica_25366,caracteristica_25367,caracteristica_25368,caracteristica_25369,caracteristica_25370,caracteristica_25371,caracteristica_25372,caracteristica_25373,caracteristica_25374,caracteristica_25375,caracteristica_25376,caracteristica_25377,caracteristica_25378,caracteristica_25379,caracteristica_25380,caracteristica_25381,caracteristica_25382,caracteristica_25383,caracteristica_25384,caracteristica_25385,caracteristica_25386,caracteristica_25387,caracteristica_25388,caracteristica_25389,caracteristica_25390,caracteristica_25391,caracteristica_25392,caracteristica_25393,caracteristica_25394,caracteristica_25395,caracteristica_25396,caracteristica_25397,caracteristica_25398,caracteristica_25399,caracteristica_25400,caracteristica_25401,caracteristica_25402,caracteristica_25403,caracteristica_25404,caracteristica_25405,caracteristica_25406,caracteristica_25407,caracteristica_25408,caracteristica_25409,caracteristica_25410,caracteristica_25411,caracteristica_25412,caracteristica_25413,caracteristica_25414,caracteristica_25415,caracteristica_25416,caracteristica_25417,caracteristica_25418,caracteristica_25419,caracteristica_25420,caracteristica_25421,caracteristica_25422,caracteristica_25423,caracteristica_25424,caracteristica_25425,caracteristica_25426,caracteristica_25427,caracteristica_25428,caracteristica_25429,caracteristica_25430,caracteristica_25431,caracteristica_25432,caracteristica_25433,caracteristica_25434,caracteristica_25435,caracteristica_25436,caracteristica_25437,caracteristica_25438,caracteristica_25439,caracteristica_25440,caracteristica_25441,caracteristica_25442,caracteristica_25443,caracteristica_25444,caracteristica_25445,caracteristica_25446,caracteristica_25447,caracteristica_25448,caracteristica_25449,caracteristica_25450,caracteristica_25451,caracteristica_25452,caracteristica_25453,caracteristica_25454,caracteristica_25455,caracteristica_25456,caracteristica_25457,caracteristica_25458,caracteristica_25459,caracteristica_25460,caracteristica_25461,caracteristica_25462,caracteristica_25463,caracteristica_25464,caracteristica_25465,caracteristica_25466,caracteristica_25467,caracteristica_25468,caracteristica_25469,caracteristica_25470,caracteristica_25471,caracteristica_25472,caracteristica_25473,caracteristica_25474,caracteristica_25475,caracteristica_25476,caracteristica_25477,caracteristica_25478,caracteristica_25479,caracteristica_25480,caracteristica_25481,caracteristica_25482,caracteristica_25483,caracteristica_25484,caracteristica_25485,caracteristica_25486,caracteristica_25487,caracteristica_25488,caracteristica_25489,caracteristica_25490,caracteristica_25491,caracteristica_25492,caracteristica_25493,caracteristica_25494,caracteristica_25495,caracteristica_25496,caracteristica_25497,caracteristica_25498,caracteristica_25499,caracteristica_25500,caracteristica_25501,caracteristica_25502,caracteristica_25503,caracteristica_25504,caracteristica_25505,caracteristica_25506,caracteristica_25507,caracteristica_25508,caracteristica_25509,caracteristica_25510,caracteristica_25511,caracteristica_25512,caracteristica_25513,caracteristica_25514,caracteristica_25515,caracteristica_25516,caracteristica_25517,caracteristica_25518,caracteristica_25519,caracteristica_25520,caracteristica_25521,caracteristica_25522,caracteristica_25523,caracteristica_25524,caracteristica_25525,caracteristica_25526,caracteristica_25527,caracteristica_25528,caracteristica_25529,caracteristica_25530,caracteristica_25531,caracteristica_25532,caracteristica_25533,caracteristica_25534,caracteristica_25535,caracteristica_25536,caracteristica_25537,caracteristica_25538,caracteristica_25539,caracteristica_25540,caracteristica_25541,caracteristica_25542,caracteristica_25543,caracteristica_25544,caracteristica_25545,caracteristica_25546,caracteristica_25547,caracteristica_25548,caracteristica_25549,caracteristica_25550,caracteristica_25551,caracteristica_25552,caracteristica_25553,caracteristica_25554,caracteristica_25555,caracteristica_25556,caracteristica_25557,caracteristica_25558,caracteristica_25559,caracteristica_25560,caracteristica_25561,caracteristica_25562,caracteristica_25563,caracteristica_25564,caracteristica_25565,caracteristica_25566,caracteristica_25567,caracteristica_25568,caracteristica_25569,caracteristica_25570,caracteristica_25571,caracteristica_25572,caracteristica_25573,caracteristica_25574,caracteristica_25575,caracteristica_25576,caracteristica_25577,caracteristica_25578,caracteristica_25579,caracteristica_25580,caracteristica_25581,caracteristica_25582,caracteristica_25583,caracteristica_25584,caracteristica_25585,caracteristica_25586,caracteristica_25587,caracteristica_25588,caracteristica_25589,caracteristica_25590,caracteristica_25591,caracteristica_25592,caracteristica_25593,caracteristica_25594,caracteristica_25595,caracteristica_25596,caracteristica_25597,caracteristica_25598,caracteristica_25599,caracteristica_25600,caracteristica_25601,caracteristica_25602,caracteristica_25603,caracteristica_25604,caracteristica_25605,caracteristica_25606,caracteristica_25607,caracteristica_25608,caracteristica_25609,caracteristica_25610,caracteristica_25611,caracteristica_25612,caracteristica_25613,caracteristica_25614,caracteristica_25615,caracteristica_25616,caracteristica_25617,caracteristica_25618,caracteristica_25619,caracteristica_25620,caracteristica_25621,caracteristica_25622,caracteristica_25623,caracteristica_25624,caracteristica_25625,caracteristica_25626,caracteristica_25627,caracteristica_25628,caracteristica_25629,caracteristica_25630,caracteristica_25631,caracteristica_25632,caracteristica_25633,caracteristica_25634,caracteristica_25635,caracteristica_25636,caracteristica_25637,caracteristica_25638,caracteristica_25639,caracteristica_25640,caracteristica_25641,caracteristica_25642,caracteristica_25643,caracteristica_25644,caracteristica_25645,caracteristica_25646,caracteristica_25647,caracteristica_25648,caracteristica_25649,caracteristica_25650,caracteristica_25651,caracteristica_25652,caracteristica_25653,caracteristica_25654,caracteristica_25655,caracteristica_25656,caracteristica_25657,caracteristica_25658,caracteristica_25659,caracteristica_25660,caracteristica_25661,caracteristica_25662,caracteristica_25663,caracteristica_25664,caracteristica_25665,caracteristica_25666,caracteristica_25667,caracteristica_25668,caracteristica_25669,caracteristica_25670,caracteristica_25671,caracteristica_25672,caracteristica_25673,caracteristica_25674,caracteristica_25675,caracteristica_25676,caracteristica_25677,caracteristica_25678,caracteristica_25679,caracteristica_25680,caracteristica_25681,caracteristica_25682,caracteristica_25683,caracteristica_25684,caracteristica_25685,caracteristica_25686,caracteristica_25687,caracteristica_25688,caracteristica_25689,caracteristica_25690,caracteristica_25691,caracteristica_25692,caracteristica_25693,caracteristica_25694,caracteristica_25695,caracteristica_25696,caracteristica_25697,caracteristica_25698,caracteristica_25699,caracteristica_25700,caracteristica_25701,caracteristica_25702,caracteristica_25703,caracteristica_25704,caracteristica_25705,caracteristica_25706,caracteristica_25707,caracteristica_25708,caracteristica_25709,caracteristica_25710,caracteristica_25711,caracteristica_25712,caracteristica_25713,caracteristica_25714,caracteristica_25715,caracteristica_25716,caracteristica_25717,caracteristica_25718,caracteristica_25719,caracteristica_25720,caracteristica_25721,caracteristica_25722,caracteristica_25723,caracteristica_25724,caracteristica_25725,caracteristica_25726,caracteristica_25727,caracteristica_25728,caracteristica_25729,caracteristica_25730,caracteristica_25731,caracteristica_25732,caracteristica_25733,caracteristica_25734,caracteristica_25735,caracteristica_25736,caracteristica_25737,caracteristica_25738,caracteristica_25739,caracteristica_25740,caracteristica_25741,caracteristica_25742,caracteristica_25743,caracteristica_25744,caracteristica_25745,caracteristica_25746,caracteristica_25747,caracteristica_25748,caracteristica_25749,caracteristica_25750,caracteristica_25751,caracteristica_25752,caracteristica_25753,caracteristica_25754,caracteristica_25755,caracteristica_25756,caracteristica_25757,caracteristica_25758,caracteristica_25759,caracteristica_25760,caracteristica_25761,caracteristica_25762,caracteristica_25763,caracteristica_25764,caracteristica_25765,caracteristica_25766,caracteristica_25767,caracteristica_25768,caracteristica_25769,caracteristica_25770,caracteristica_25771,caracteristica_25772,caracteristica_25773,caracteristica_25774,caracteristica_25775,caracteristica_25776,caracteristica_25777,caracteristica_25778,caracteristica_25779,caracteristica_25780,caracteristica_25781,caracteristica_25782,caracteristica_25783,caracteristica_25784,caracteristica_25785,caracteristica_25786,caracteristica_25787,caracteristica_25788,caracteristica_25789,caracteristica_25790,caracteristica_25791,caracteristica_25792,caracteristica_25793,caracteristica_25794,caracteristica_25795,caracteristica_25796,caracteristica_25797,caracteristica_25798,caracteristica_25799,caracteristica_25800,caracteristica_25801,caracteristica_25802,caracteristica_25803,caracteristica_25804,caracteristica_25805,caracteristica_25806,caracteristica_25807,caracteristica_25808,caracteristica_25809,caracteristica_25810,caracteristica_25811,caracteristica_25812,caracteristica_25813,caracteristica_25814,caracteristica_25815,caracteristica_25816,caracteristica_25817,caracteristica_25818,caracteristica_25819,caracteristica_25820,caracteristica_25821,caracteristica_25822,caracteristica_25823,caracteristica_25824,caracteristica_25825,caracteristica_25826,caracteristica_25827,caracteristica_25828,caracteristica_25829,caracteristica_25830,caracteristica_25831,caracteristica_25832,caracteristica_25833,caracteristica_25834,caracteristica_25835,caracteristica_25836,caracteristica_25837,caracteristica_25838,caracteristica_25839,caracteristica_25840,caracteristica_25841,caracteristica_25842,caracteristica_25843,caracteristica_25844,caracteristica_25845,caracteristica_25846,caracteristica_25847,caracteristica_25848,caracteristica_25849,caracteristica_25850,caracteristica_25851,caracteristica_25852,caracteristica_25853,caracteristica_25854,caracteristica_25855,caracteristica_25856,caracteristica_25857,caracteristica_25858,caracteristica_25859,caracteristica_25860,caracteristica_25861,caracteristica_25862,caracteristica_25863,caracteristica_25864,caracteristica_25865,caracteristica_25866,caracteristica_25867,caracteristica_25868,caracteristica_25869,caracteristica_25870,caracteristica_25871,caracteristica_25872,caracteristica_25873,caracteristica_25874,caracteristica_25875,caracteristica_25876,caracteristica_25877,caracteristica_25878,caracteristica_25879,caracteristica_25880,caracteristica_25881,caracteristica_25882,caracteristica_25883,caracteristica_25884,caracteristica_25885,caracteristica_25886,caracteristica_25887,caracteristica_25888,caracteristica_25889,caracteristica_25890,caracteristica_25891,caracteristica_25892,caracteristica_25893,caracteristica_25894,caracteristica_25895,caracteristica_25896,caracteristica_25897,caracteristica_25898,caracteristica_25899,caracteristica_25900,caracteristica_25901,caracteristica_25902,caracteristica_25903,caracteristica_25904,caracteristica_25905,caracteristica_25906,caracteristica_25907,caracteristica_25908,caracteristica_25909,caracteristica_25910,caracteristica_25911,caracteristica_25912,caracteristica_25913,caracteristica_25914,caracteristica_25915,caracteristica_25916,caracteristica_25917,caracteristica_25918,caracteristica_25919,caracteristica_25920,caracteristica_25921,caracteristica_25922,caracteristica_25923,caracteristica_25924,caracteristica_25925,caracteristica_25926,caracteristica_25927,caracteristica_25928,caracteristica_25929,caracteristica_25930,caracteristica_25931,caracteristica_25932,caracteristica_25933,caracteristica_25934,caracteristica_25935,caracteristica_25936,caracteristica_25937,caracteristica_25938,caracteristica_25939,caracteristica_25940,caracteristica_25941,caracteristica_25942,caracteristica_25943,caracteristica_25944,caracteristica_25945,caracteristica_25946,caracteristica_25947,caracteristica_25948,caracteristica_25949,caracteristica_25950,caracteristica_25951,caracteristica_25952,caracteristica_25953,caracteristica_25954,caracteristica_25955,caracteristica_25956,caracteristica_25957,caracteristica_25958,caracteristica_25959,caracteristica_25960,caracteristica_25961,caracteristica_25962,caracteristica_25963,caracteristica_25964,caracteristica_25965,caracteristica_25966,caracteristica_25967,caracteristica_25968,caracteristica_25969,caracteristica_25970,caracteristica_25971,caracteristica_25972,caracteristica_25973,caracteristica_25974,caracteristica_25975,caracteristica_25976,caracteristica_25977,caracteristica_25978,caracteristica_25979,caracteristica_25980,caracteristica_25981,caracteristica_25982,caracteristica_25983,caracteristica_25984,caracteristica_25985,caracteristica_25986,caracteristica_25987,caracteristica_25988,caracteristica_25989,caracteristica_25990,caracteristica_25991,caracteristica_25992,caracteristica_25993,caracteristica_25994,caracteristica_25995,caracteristica_25996,caracteristica_25997,caracteristica_25998,caracteristica_25999,caracteristica_26000,caracteristica_26001,caracteristica_26002,caracteristica_26003,caracteristica_26004,caracteristica_26005,caracteristica_26006,caracteristica_26007,caracteristica_26008,caracteristica_26009,caracteristica_26010,caracteristica_26011,caracteristica_26012,caracteristica_26013,caracteristica_26014,caracteristica_26015,caracteristica_26016,caracteristica_26017,caracteristica_26018,caracteristica_26019,caracteristica_26020,caracteristica_26021,caracteristica_26022,caracteristica_26023,caracteristica_26024,caracteristica_26025,caracteristica_26026,caracteristica_26027,caracteristica_26028,caracteristica_26029,caracteristica_26030,caracteristica_26031,caracteristica_26032,caracteristica_26033,caracteristica_26034,caracteristica_26035,caracteristica_26036,caracteristica_26037,caracteristica_26038,caracteristica_26039,caracteristica_26040,caracteristica_26041,caracteristica_26042,caracteristica_26043,caracteristica_26044,caracteristica_26045,caracteristica_26046,caracteristica_26047,caracteristica_26048,caracteristica_26049,caracteristica_26050,caracteristica_26051,caracteristica_26052,caracteristica_26053,caracteristica_26054,caracteristica_26055,caracteristica_26056,caracteristica_26057,caracteristica_26058,caracteristica_26059,caracteristica_26060,caracteristica_26061,caracteristica_26062,caracteristica_26063,caracteristica_26064,caracteristica_26065,caracteristica_26066,caracteristica_26067,caracteristica_26068,caracteristica_26069,caracteristica_26070,caracteristica_26071,caracteristica_26072,caracteristica_26073,caracteristica_26074,caracteristica_26075,caracteristica_26076,caracteristica_26077,caracteristica_26078,caracteristica_26079,caracteristica_26080,caracteristica_26081,caracteristica_26082,caracteristica_26083,caracteristica_26084,caracteristica_26085,caracteristica_26086,caracteristica_26087,caracteristica_26088,caracteristica_26089,caracteristica_26090,caracteristica_26091,caracteristica_26092,caracteristica_26093,caracteristica_26094,caracteristica_26095,caracteristica_26096,caracteristica_26097,caracteristica_26098,caracteristica_26099,caracteristica_26100,caracteristica_26101,caracteristica_26102,caracteristica_26103,caracteristica_26104,caracteristica_26105,caracteristica_26106,caracteristica_26107,caracteristica_26108,caracteristica_26109,caracteristica_26110,caracteristica_26111,caracteristica_26112,caracteristica_26113,caracteristica_26114,caracteristica_26115,caracteristica_26116,caracteristica_26117,caracteristica_26118,caracteristica_26119,caracteristica_26120,caracteristica_26121,caracteristica_26122,caracteristica_26123,caracteristica_26124,caracteristica_26125,caracteristica_26126,caracteristica_26127,caracteristica_26128,caracteristica_26129,caracteristica_26130,caracteristica_26131,caracteristica_26132,caracteristica_26133,caracteristica_26134,caracteristica_26135,caracteristica_26136,caracteristica_26137,caracteristica_26138,caracteristica_26139,caracteristica_26140,caracteristica_26141,caracteristica_26142,caracteristica_26143,caracteristica_26144,caracteristica_26145,caracteristica_26146,caracteristica_26147,caracteristica_26148,caracteristica_26149,caracteristica_26150,caracteristica_26151,caracteristica_26152,caracteristica_26153,caracteristica_26154,caracteristica_26155,caracteristica_26156,caracteristica_26157,caracteristica_26158,caracteristica_26159,caracteristica_26160,caracteristica_26161,caracteristica_26162,caracteristica_26163,caracteristica_26164,caracteristica_26165,caracteristica_26166,caracteristica_26167,caracteristica_26168,caracteristica_26169,caracteristica_26170,caracteristica_26171,caracteristica_26172,caracteristica_26173,caracteristica_26174,caracteristica_26175,caracteristica_26176,caracteristica_26177,caracteristica_26178,caracteristica_26179,caracteristica_26180,caracteristica_26181,caracteristica_26182,caracteristica_26183,caracteristica_26184,caracteristica_26185,caracteristica_26186,caracteristica_26187,caracteristica_26188,caracteristica_26189,caracteristica_26190,caracteristica_26191,caracteristica_26192,caracteristica_26193,caracteristica_26194,caracteristica_26195,caracteristica_26196,caracteristica_26197,caracteristica_26198,caracteristica_26199,caracteristica_26200,caracteristica_26201,caracteristica_26202,caracteristica_26203,caracteristica_26204,caracteristica_26205,caracteristica_26206,caracteristica_26207,caracteristica_26208,caracteristica_26209,caracteristica_26210,caracteristica_26211,caracteristica_26212,caracteristica_26213,caracteristica_26214,caracteristica_26215,caracteristica_26216,caracteristica_26217,caracteristica_26218,caracteristica_26219,caracteristica_26220,caracteristica_26221,caracteristica_26222,caracteristica_26223,caracteristica_26224,caracteristica_26225,caracteristica_26226,caracteristica_26227,caracteristica_26228,caracteristica_26229,caracteristica_26230,caracteristica_26231,caracteristica_26232,caracteristica_26233,caracteristica_26234,caracteristica_26235,caracteristica_26236,caracteristica_26237,caracteristica_26238,caracteristica_26239,caracteristica_26240,caracteristica_26241,caracteristica_26242,caracteristica_26243,caracteristica_26244
n000267_11.jpg,0.0774441297398197,0.0,0.0,0.06216696081614487,0.36702264690143627,0.28240539529171793,0.06796524170588804,0.0,0.0,0.0774441297398197,0.0,0.029220187921234965,0.36702264690143627,0.36702264690143627,0.25033932830712785,0.07785791717170153,0.022777685217594032,0.03318883315538241,0.02733322226111284,0.06111894174507038,0.15235569479953928,0.08390353037106033,0.36702264690143627,0.02459236276424884,0.05508023629860617,0.03055947087253519,0.0,0.11045451695659061,0.11519494717475587,0.13978798985304747,0.2238027654572014,0.21866577808890272,0.2827276702034918,0.15226565940898115,0.0,0.06632962049990869,0.060177290320859916,0.0,0.02270529396706646,0.34327052807759045,0.36520080920177567,0.19452400703421177,0.06049882026125863,0.017699203035547034,0.025789095376393827,0.028318724856875255,0.0,0.01276307670037765,0.307068695506398,0.36520080920177567,0.0,0.0,0.0,0.0,0.08582772582606041,0.08951123607328877,0.10862104690203522,0.17390400068766634,0.16991234914125153,0.21969108761032186,0.11831671196945606,0.0,0.051540857171555564,0.1158510954528342,0.10073548831693635,0.22402316038211367,0.36520080920177567,0.2922663002040035,0.00791532434322518,0.045480552530482964,0.0476563518892447,0.1593509595442489,0.023661171740700825,0.0,0.010663945897057417,0.25656540600929983,0.36545251480370955,0.0,0.0,0.0,0.0,0.04140705054622644,0.031991839101487986,0.0,0.36545251480370955,0.36545251480370955,0.012194688494377454,0.0,0.013226997304077512,0.0,0.09679717853511786,0.08416762059368356,0.18717828922331783,0.33795409534553444,0.24419754625594417,0.006613498652038756,0.0380004103194802,0.039818358075290584,0.13314266231540972,0.0,0.16296527785868445,0.24105396376164664,0.36545251480370955,0.2557671447373472,0.0,0.0,0.0,0.0,0.03720963181841588,0.028748837177654377,0.0,0.37380358312954953,0.37380358312954953,0.010958517040702623,0.0,0.011886181055046357,0.0,0.07517776397328353,0.017829270948893285,0.04969183228178999,0.37380358312954953,0.37380358312954953,0.025214396347518785,0.0,0.0,0.010958517040702623,0.0,0.14644554268693524,0.2166184048759314,0.37380358312954953,0.22984011566579657,0.0,0.0,0.0,0.0,0.0,0.013289154220862813,0.16283296823392593,0.37380358312954953,0.04550457057132796,0.0,0.0,0.0,0.0,0.07538626297969017,0.0178787188851091,0.04982964826765731,0.3902110073280161,0.3902110073280161,0.02528432628833837,0.0,0.0,0.0109889095370196,0.10230218221123043,0.025178618079828564,0.02468618238008368,0.3902110073280161,0.3902110073280161,0.0,0.0,0.0,0.0,0.0,0.01332601053720682,0.1632845713449081,0.3902110073280161,0.045630773550103094,0.0,0.0,0.0,0.0,0.0,0.022935532037213418,0.09154972899159194,0.3902110073280161,0.16356419267349454,0.027977599314887726,0.009609522770873997,0.0,0.0,0.11538616841607395,0.02839884940327472,0.027843433405720246,0.4076447910036709,0.4076447910036709,0.0,0.0,0.0,0.0,0.03907890216616009,0.0,0.004251224038476854,0.25643052621685086,0.4076447910036709,0.02016532613235278,0.0,0.010838537251812828,0.0,0.0,0.025868882805391888,0.10325852508266552,0.4076447910036709,0.18448331281628497,0.031555807673383965,0.010838537251812828,0.0,0.0,0.0,0.006721775616351858,0.017004896153907417,0.24687785268319173,0.37170170110296763,0.07278626022879062,0.03686923291390941,0.0,0.0,0.045722597694416195,0.0,0.004973962819979804,0.3000255671699333,0.4181239082687512,0.023593577173840575,0.0,0.01268116684172645,0.0,0.0597910892926981,0.038131308182255616,0.09822358359178647,0.35190487411728183,0.4181239082687512,0.03242627077049954,0.0,0.0,0.0,0.0,0.00786452600412934,0.019895851279919215,0.28884887016272276,0.4181239082687512,0.08516045000373373,0.0431372687148865,0.0,0.0,0.024619860296993333,0.0,0.05532591136104812,0.33165418142376263,0.16882189917938287,0.08376474480402053,0.030336295245611534,0.0,0.0,0.07062939003076722,0.0450433512726924,0.11602852327648068,0.40649037653361086,0.40649037653361086,0.03830416459351197,0.0,0.0,0.0,0.0332373600144787,0.009290124684525492,0.017626771194287755,0.07505600180971503,0.40649037653361086,0.1251844907704365,0.0,0.0,0.0,0.029082690012668857,0.0,0.06535481153718231,0.3917729683840106,0.1994241600868722,0.09894873804069268,0.0358353402544963,0.0,0.0,0.01661868000723935,0.0,0.0,0.08980243831979709,0.24546938585155909,0.40649037653361086,0.12753333170625122,0.0,0.0,0.034665489723219485,0.009689299079065173,0.01838415131114339,0.07828097834085537,0.3494446858378946,0.13056336834269155,0.0,0.0,0.0,0.06499779323103652,0.009689299079065173,0.043369455037135844,0.18020977695265572,0.3494446858378946,0.3494446858378946,0.09604258043271074,0.009689299079065173,0.0,0.017332744861609743,0.0,0.0,0.09366103388893968,0.25601661711084855,0.3494446858378946,0.13301313334468012,0.0,0.0,0.017332744861609743,0.0,0.015623524944351007,0.1488014500001753,0.28201573440326316,0.3494446858378946,0.3494446858378946,0.0,0.0,0.07215035419456657,0.010755539929897579,0.048141965851550186,0.2000406258446538,0.34366946910941737,0.34366946910941737,0.10661140711884015,0.010755539929897579,0.0,0.057720283355653254,0.02809832769247834,0.0476168053068616,0.23552686202432868,0.34366946910941737,0.0,0.020407200963741833,0.04556119563105269,0.015210630400637947,0.019240094451884418,0.0,0.017342786615781768,0.16517602811553986,0.3130496300591367,0.34366946910941737,0.34366946910941737,0.0,0.0,0.0,0.021511079859795158,0.017342786615781768,0.1435688671423247,0.34366946910941737,0.12735691837337657,0.05509277419530536,0.03226661864289374,0.0,0.06730745838054102,0.032765380067023835,0.055525821341831816,0.27464720444150903,0.404554064373932,0.0,0.023796779046751863,0.05312878074089384,0.017737072881719634,0.09156368906477391,0.012542004545113259,0.04402015323138339,0.03547414576343927,0.404554064373932,0.09603229794254696,0.048268145835298856,0.012542004545113259,0.0,0.0,0.025084009090226518,0.02022337418463153,0.16741524795333496,0.404554064373932,0.14851054056806592,0.06424352741601493,0.03762601229806073,0.0,0.045781844532386956,0.1061175430162235,0.09161371399944522,0.17495883906969642,0.404554064373932,0.342048957042365,0.0801080485635549,0.04044674836926306,0.0,0.09245719864354499,0.012664393685530276,0.04444971683867085,0.035820314527084555,0.3491142558265916,0.09696941372457232,0.048739162797304926,0.012664393685530276,0.0,0.13118393359843517,0.03799317970626216,0.024028996099596137,0.09744698716678181,0.3491142558265916,0.3491142558265916,0.0,0.0,0.0,0.04622859932177249,0.10715307404527116,0.09250771173852047,0.17666614684853488,0.3491142558265916,0.345386786946857,0.08088977011124789,0.04084144147814942,0.0,0.045309511614220095,0.050657574742121105,0.10150340690642741,0.12079897708189084,0.3491142558265916,0.3491142558265916,0.040048328633098464,0.06126216491788148,0.017910157263542278,0.13185022031142865,0.03818614808377816,0.024151040014491556,0.09794192302508001,0.32365607594405454,0.32365607594405454,0.0,0.0,0.0,0.16216000676714137,0.04104887625350607,0.04929312514046445,0.02902593910046756,0.32365607594405454,0.32365607594405454,0.008050346897695024,0.05871058621053119,0.04147171601515691,0.04553963983749163,0.05091486592128691,0.10201894542924947,0.12141251832253734,0.32365607594405454,0.32365607594405454,0.040251735167068634,0.06157331709463315,0.018001123432073638,0.022769819918745816,0.0,0.0,0.0,0.32365607594405454,0.32365607594405454,0.21510200523447146,0.11888086507075879,0.0,0.18251118438221353,0.04620053471843095,0.05547944176029605,0.03266871177823474,0.3313128979833478,0.3313128979833478,0.009060670237241988,0.06607879981434091,0.04667644112249029,0.0853685745546554,0.023100267359215474,0.04122160936121426,0.040520550329230756,0.2883087664423964,0.26134734796313014,0.12684937568381377,0.014326177994213417,0.0,0.025627445905990788,0.0,0.0,0.0,0.3313128979833478,0.3313128979833478,0.2420974352492903,0.133800484576958,0.0,0.0,0.028652355988426834,0.0,0.10363992462102864,0.3313128979833478,0.3313128979833478,0.16439008067252506,0.023100267359215474,0.0,0.09097135620107531,0.02461634929759601,0.04392700391148917,0.04317993402951849,0.30723061295971454,0.2784997032899826,0.1351745627640558,0.015266412120741259,0.0,0.0614461225919429,0.03988276304610363,0.0632376552698496,0.021589967014759244,0.1502016330025271,0.31797538150265564,0.1308249366518775,0.015266412120741259,0.0,0.0,0.030532824241482518,0.0,0.11044186398258232,0.36509993265797075,0.36509993265797075,0.1751790827338847,0.02461634929759601,0.0,0.0,0.039809930268093416,0.07263393658273888,0.2468522790556459,0.36509993265797075,0.36509993265797075,0.02461634929759601,0.0,0.0,0.052744425042128396,0.03423476237756967,0.0542822496770186,0.01853250211464623,0.12893081676964718,0.27294527249971906,0.11229815281755377,0.013104457951106936,0.0,0.33271958953393654,0.33271958953393654,0.14533427581580916,0.21067967231179843,0.04688393337078079,0.024163425595037136,0.05883658077957836,0.0,0.0,0.0,0.03417224381922417,0.062347875862639394,0.21189427387622223,0.33271958953393654,0.33271958953393654,0.021130303029212642,0.0,0.0,0.08371936940911656,0.33271958953393654,0.33271958953393654,0.2122484600088408,0.15237278345503757,0.15295963967382845,0.05801590314053519,0.021130303029212642,0.0,0.2846446990928252,0.2846446990928252,0.1599848359585329,0.2319174374069721,0.051610112943496295,0.026599242734161137,0.06476765836237712,0.0,0.0,0.2846446990928252,0.0,0.027370394392637398,0.0,0.2846446990928252,0.15970530759441398,0.1792626707214779,0.0,0.020400688647394243,0.09215878020711464,0.2846446990928252,0.2846446990928252,0.23364436824249762,0.16773286706636295,0.16837888188542388,0.06386425153201897,0.023260363358241942,0.0,0.14402159702937617,0.037685830216653254,0.03649386021558401,0.14797820861904187,0.14837907471255185,0.10254742349700739,0.22873501984000455,0.23722730736830086,0.23958783746980386,0.2504792273447418,0.0,0.03041710077181564,0.0,0.2504792273447418,0.17748273427144473,0.19921710450130575,0.0,0.022671569634712598,0.12904883515329033,0.0,0.020278067750981534,0.0,0.06452441757664516,0.2504792273447418,0.2504792273447418,0.2504792273447418,0.2404927549371166,0.16005320812398552,0.04188078837759928,0.04055613550196307,0.16445024573007014,0.16489573380698205,0.11396238101843312,0.2504792273447418,0.2504792273447418,0.2504792273447418,0.2504792273447418,0.032062441339627545,0.020278067750981534,0.016031220669813773,0.021508139192215052,0.09782300354776217,0.22406271215357074,0.2504792273447418,0.2504792273447418,0.0698150485564727,0.0,0.010970376315172212,0.0,0.03490752427823635,0.20111094347285524,0.16502212751338244,0.2130599514786566,0.13010588854576421,0.33133931469200767,0.0,0.0,0.0,0.0,0.0,0.22528600966896636,0.33133931469200767,0.33133931469200767,0.2673702803956263,0.017345688524086474,0.010970376315172212,0.008672844262043237,0.011635841426078786,0.052921963491685875,0.12121728266756591,0.18457934046856597,0.161063069279954,0.09822416656300953,0.0,0.0,0.008672844262043237,0.015514455234771712,0.04861607097787538,0.3196140590658318,0.33133931469200767,0.33133931469200767,0.3209325560696435,0.0,0.0,0.0,0.0,0.0,0.11066072910084293,0.3215344375592574,0.2771460215005908,0.19242310471353616,0.0,0.0,0.0,0.0,0.0,0.3215344375592574,0.3215344375592574,0.3215344375592574,0.04824781575720979,0.0,0.0,0.004260110385132243,0.007620717018357867,0.023880266104118895,0.1569947679355472,0.2296124299333893,0.3059058384326836,0.0,0.0,0.0,0.0,0.0,0.06988515888451295,0.3215344375592574,0.27319722818290426,0.023565766246146595,0.17109290619847578,0.0,0.0,0.0,0.0,0.0,0.31697058611687795,0.37002697454486283,0.37002697454486283,0.08978142602494273,0.0,0.0,0.0,0.010304134170026683,0.26997262253802984,0.37002697454486283,0.12763313791061717,0.06193938050151265,0.0,0.0,0.0,0.0,0.0,0.06213835366337084,0.37002697454486283,0.24291317721313696,0.0209534891345277,0.0,0.0,0.0,0.0,0.0,0.10534349110228462,0.37002697454486283,0.10036915559377423,0.0,0.11426835399285062,0.0,0.0,0.0,0.013114477047884338,0.3436047807035655,0.37940892277465055,0.16244371725547035,0.07883268701121338,0.37940892277465055,0.05906694572505393,0.025143141581325575,0.04377763403216964,0.004312013358220778,0.020453674489548344,0.12095169177485307,0.15083503129893253,0.12677849589753365,0.0,0.0,0.0,0.0,0.0,0.13407480661728824,0.37940892277465055,0.12774377406487858,0.0,0.025872080149324666,0.022390485566210042,0.0,0.04326786228082449,0.17784457801523687,0.3478562287496488,0.37940892277465055,0.10139417047883277,0.010993520158064813,0.2926307866599066,0.06233378781979497,0.026533744604787277,0.04619886329853745,0.0045504998175899865,0.021584915050480984,0.1276412213123967,0.1591773321164256,0.13379029110756335,0.2926307866599066,0.0,0.0,0.0,0.0,0.0,0.2926307866599066,0.2926307866599066,0.2926307866599066,0.027302998905539916,0.023628846207199825,0.0,0.045660897371997335,0.18768070796321215,0.2926307866599066,0.2926307866599066,0.10700202340258912,0.011601543714741062,0.19172464388585544,0.09871949888661566,0.2786306602977197,0.12418283173011194,0.0,0.0,0.0,0.2926307866599066,0.24174505978655908,0.23045870334733698,0.0,0.0,0.0,0.0,0.0,0.29562640368102405,0.29562640368102405,0.29562640368102405,0.1379387859451214,0.0,0.0,0.0,0.0,0.0,0.29562640368102405,0.29562640368102405,0.18186618766879864,0.14174944952976445,0.07298714626046224,0.20600243098028978,0.09181317373717857,0.0,0.0,0.0,0.29562640368102405,0.17873147894167418,0.29562640368102405,0.0,0.0,0.0,0.0,0.0,0.0,0.29562640368102405,0.29562640368102405,0.14945658118947866,0.0,0.0,0.0,0.0,0.0,0.3555757247680327,0.3555757247680327,0.19705189121902736,0.13862167489192057,0.0,0.0,0.0,0.0,0.0,0.019374942471734755,0.3555757247680327,0.12859428354111435,0.3496431950655359,0.0,0.0,0.0,0.0,0.0,0.0,0.3555757247680327,0.3555757247680327,0.05479271059330934,0.0,0.0,0.0,0.0,0.0,0.0,0.13728894358004984,0.3555757247680327,0.2326225579835663,0.0,0.0,0.0,0.0,0.0,0.032513304157328914,0.4374795371583553,0.21579548221965356,0.34381197727594615,0.0,0.0,0.0,0.0,0.0,0.0,0.06155302623730393,0.29712291035575306,0.09194825056764451,0.0,0.0,0.0,0.0,0.0,0.0,0.23038608690417783,0.4374795371583553,0.061801552192931035,0.0,0.0,0.0,0.0030585943105518646,0.013678449788805955,0.1020209752882654,0.2704184315190763,0.3951268787340874,0.37711364145094917,0.0,0.0,0.0,0.0,0.0,0.0,0.1648188560396548,0.37711364145094917,0.1801781165891541,0.0,0.023164575614757214,0.018313205575752396,0.05732940073291268,0.0,0.18531657367601367,0.18313206747329044,0.0,0.16548432719853334,0.0,0.0,0.0,0.008189914390416097,0.03662641115150479,0.2731787771771837,0.37711364145094917,0.37711364145094917,0.2224567250943058,0.018313205575752396,0.011582287807378607,0.018313205575752396,0.17198820219873803,0.018313205575752396,0.12202558953267235,0.1872507530009399,0.25669633390273233,0.0360596317467942,0.08063178614753178,0.20099680149363694,0.11069058666167,0.2780489516261925,0.0324437249509375,0.07266516250738161,0.04031589307376589,0.0,0.14571824602953096,0.15197210685704157,0.1844167287915022,0.2780489516261925,0.2780489516261925,0.2780489516261925,0.20087802138799515,0.0,0.08750602714463634,0.0,0.013438631502215638,0.08200610246151535,0.2780489516261925,0.2780489516261925,0.1028976396650808,0.0,0.013438631502215638,0.0,0.2780489516261925,0.24836931552742833,0.16317059938586476,0.043784706034880716,0.0480795089957256,0.15635323803402118,0.2450579160102142,0.1480399603526905,0.21778626969758194,0.11152404978720477,0.11631038166597442,0.1411415591645873,0.22596985116663226,0.22078312226858693,0.28546532669539004,0.15374005019172318,0.0,0.06697189126186141,0.15053624237193822,0.13089511001566362,0.2883068019248444,0.2883068019248444,0.2883068019248444,0.010285126602616846,0.059097166515148035,0.06192438759875541,0.20705971380236204,0.2883068019248444,0.19008705268715242,0.12488103957845724,0.033510201150531105,0.03679718704476449,0.11966343802520847,0.1875527051041581,0.11330095138204854,0.16668061444961738,0.2883068019248444,0.06591036848219275,0.0,0.0,0.0,0.0,0.0,0.08487356136858375,0.2883068019248444,0.12394966324074345,0.10777739998461659,0.2396834935306668,0.30919820051525887,0.30919820051525887,0.008468644883754683,0.048659869361799765,0.05098776791764673,0.17049038419011153,0.0,0.20867851332247023,0.3086717824142218,0.30919820051525887,0.30919820051525887,0.0,0.0,0.0,0.0,0.30919820051525887,0.05426977483107424,0.0,0.0,0.0,0.0,0.0,0.06988383118854569,0.30919820051525887,0.30919820051525887,0.2123788620824109,0.06767118657892997,0.03387457953501873,0.0,0.0,0.0,0.1204656494968939,0.01561540899309864,0.0,0.2207276969278456,0.3264946187038406,0.3900190766809878,0.3464228303690588,0.0,0.0,0.0,0.0,0.0,0.02002986469557938,0.24542738141941395,0.3900190766809878,0.06858603462839229,0.0,0.0,0.0,0.0,0.3900190766809878,0.2246417053545271,0.07157854886027387,0.03583051175762185,0.0,0.0,0.0,0.12742138588689708,0.01651704916215679,0.191111777259264,0.23008452829059262,0.15097194185710808,0.11708575442678634,0.04005972939115876,0.012667998886228117,0.04333122403829494,0.0,0.0,0.0,0.025246705363552877,0.30934970759996056,0.4692184961646796,0.08644948104415377,0.0,0.0,0.0,0.0,0.0,0.04345236093601537,0.17344493518975554,0.4692184961646796,0.30987946234362346,0.053004776238947886,0.018205657980175944,0.0,0.0,0.24088743510256735,0.2900107605692746,0.19029305450431006,0.14758110397694205,0.05049341072710575,0.015967418666437777,0.05461697634824128,0.0,0.0,0.10262560753539669,0.04516268018373797,0.11103665590920146,0.08838818154326442,0.2777137589990816,0.07242076528454007,0.06105073820721921,0.0,0.0,0.0,0.054144442141827745,0.216123567416817,0.39461221083576076,0.386129781176019,0.06604736724285837,0.02268542316062088,0.0,0.0,0.0,0.01406890253776455,0.03559181982691275,0.39461221083576076,0.39461221083576076,0.15234409175398747,0.07716854505617284,0.0,0.0,0.12787812099905096,0.0562756101510582,0.13835882934763044,0.11013737063994625,0.34604924179510294,0.09024094091434297,0.07607315440107305,0.0,0.0,0.08808526154784438,0.04220670611321058,0.12946086464036236,0.13366529745254727,0.21392134947333638,0.09418516931822134,0.12056291193375875,0.0281378050755291,0.0,0.0,0.018642614857146873,0.04716249809230163,0.33783311664057203,0.33783311664057203,0.2018702042115862,0.10225555694248221,0.0,0.0,0.05836061488163655,0.0,0.1311483561225572,0.33783311664057203,0.33783311664057203,0.1985617283442919,0.07191124654679577,0.0,0.0,0.1167212297632731,0.05592784258368991,0.17154778292656972,0.17711905057874927,0.2834658437108061,0.12480417944054932,0.1597571613851204,0.037285229714293745,0.0,0.14173292185540304,0.018642614857146873,0.18981748581429778,0.13502175073779982,0.2751286130134294,0.09773652499900745,0.22104530368856637,0.11185568516737981,0.05272927740340845,0.05925250811559195,0.0,0.13315262444130804,0.3258387027121115,0.3258387027121115,0.2015962382169507,0.0730102266444261,0.0,0.0,0.03385857606605254,0.0,0.0,0.1829617447019449,0.3258387027121115,0.3258387027121115,0.25983393450335346,0.0,0.0,0.1438989482807233,0.01892751970415796,0.19271836222945474,0.13708521401974252,0.27933325254493346,0.0992301786476834,0.2244234176984564,0.11356511418869096,0.05353510999860709,0.10157572819815762,0.05678255709434548,0.1316789386492638,0.13249263187472052,0.3258387027121115,0.1262907618542675,0.0664321532728554,0.0,0.0,0.02795492152768525,0.0,0.0,0.1510601392608285,0.316908917481391,0.316908917481391,0.2145287278207089,0.0,0.0,0.02795492152768525,0.0,0.025198225514328768,0.23999273578266672,0.316908917481391,0.316908917481391,0.316908917481391,0.0,0.0,0.08386476458305575,0.04688182765326786,0.10871911416498664,0.10939093008012955,0.316908917481391,0.10427043152731252,0.054848899375889944,0.0,0.0,0.0288152728572174,0.09132187591932803,0.08993067617909978,0.13519093264430354,0.26557175451300985,0.316908917481391,0.12403378172546169,0.0,0.0,0.024346040333340178,0.0,0.021945223995456068,0.20901052500851944,0.35696121908860656,0.35696121908860656,0.35696121908860656,0.0,0.0,0.0,0.02721970098379539,0.021945223995456068,0.18166924485740524,0.35696121908860656,0.1611549610217457,0.06971332214552296,0.040829550024556,0.0,0.025095323358473642,0.07953254571816161,0.07832094492887712,0.11773826285294615,0.2312873831667317,0.35696121908860656,0.10802146053582018,0.0,0.0,0.0,0.02721970098379539,0.06486305315918856,0.16216104016784874,0.35696121908860656,0.025095323358473642,0.0,0.0,0.0,0.0,0.027370738236994017,0.022066994119054252,0.18267729501013347,0.3645480337514044,0.16204918108193472,0.07010014890363023,0.041056105896301834,0.0,0.04995544684246498,0.11579151808638487,0.09996547903399781,0.19090858120805193,0.3645480337514044,0.3645480337514044,0.0874109246262303,0.044133988238108504,0.0,0.0,0.027370738236994017,0.06522296664203954,0.16306084278130745,0.3645480337514044,0.025234572820120985,0.0,0.0,0.0,0.0,0.0,0.15686249895724824,0.07997604637573065,0.3645480337514044,0.3645480337514044,0.0,0.0,0.0,0.0492364731073484,0.114125011919081,0.09852674595509166,0.1881609677970498,0.3109493406341439,0.3109493406341439,0.08615288045005265,0.04349879867671375,0.0,0.048257584759872865,0.05395362076867496,0.10810774796931343,0.12865878857996227,0.3109493406341439,0.3109493406341439,0.0426540817733389,0.06524820089144683,0.019075485508804047,0.0,0.0,0.1546048869468769,0.07882500719147621,0.3109493406341439,0.3109493406341439,0.0,0.0,0.0,0.038150971017608094,0.01348840519216874,0.1417870987977991,0.174502046709339,0.3109493406341439,0.3109493406341439,0.16374197206981228,0.08699760310617989,0.0,0.04271187721271387,0.04775333114825046,0.09568412675405716,0.11387346481403846,0.3181048875411632,0.3181048875411632,0.037752322508249524,0.057749950783763715,0.016883352096444367,0.021355938606356935,0.0,0.0,0.0,0.3181048875411632,0.3181048875411632,0.20174534687952275,0.11149901338620545,0.0,0.033766704192888734,0.011938332787062614,0.12549308433757758,0.15444846710633808,0.3181048875411632,0.3181048875411632,0.14492492818307945,0.07699993607556913,0.0,0.0,0.0,0.0,0.09980629809883211,0.3181048875411632,0.3181048875411632,0.15651891632774279,0.057749950783763715,0.0,0.017145511413496496,0.0,0.0,0.0,0.34676032586238437,0.34676032586238437,0.16197027025134042,0.08951644045454103,0.0,0.0,0.019169264796235427,0.0,0.06933814305967856,0.34676032586238437,0.34676032586238437,0.10998177558449206,0.015454754996465071,0.0,0.0,0.0,0.0,0.08012900087111999,0.34676032586238437,0.34676032586238437,0.12566045050937738,0.046364267033299454,0.0,0.0,0.0,0.0,0.2175900224106759,0.34676032586238437,0.18585762430947536,0.0,0.0,0.0,0.0,0.017307686755889125,0.0,0.06260453246739142,0.37623756960059096,0.3771410231408541,0.09930115426475351,0.013953902834101405,0.0,0.0,0.02256646150400448,0.041172916474369374,0.13992947023445745,0.3771410231408541,0.3771410231408541,0.013953902834101405,0.0,0.0,0.0,0.0,0.0,0.1964592794310223,0.3771410231408541,0.16780849849671078,0.0,0.0,0.0,0.0,0.0,0.013953902834101405,0.12025612532555362,0.3771410231408541,0.1720540904273176,0.0,0.0,0.0,0.0,0.02460057294834007,0.04488418953250153,0.15254253040577484,0.33975980054536814,0.33975980054536814,0.01521168945886558,0.0,0.0,0.06026951186563203,0.2986417359445289,0.33975980054536814,0.15279750873961992,0.10969305365363567,0.11011553100972984,0.041765605586884476,0.01521168945886558,0.0,0.0,0.0,0.01521168945886558,0.131095855813772,0.33975980054536814,0.1875628220164882,0.0,0.0,0.0,0.021094818010314553,0.01521168945886558,0.0,0.021512577792457563,0.2417911112799453,0.33941988993303784,0.2734580587852729,0.24159664664522645,0.09632764560449873,0.0841706203585999,0.2745435239731623,0.2745435239731623,0.21339248820424356,0.15319407921604003,0.15378409861472353,0.058328611317413175,0.02124419625812849,0.0,0.1315380600714921,0.034419289197793586,0.033330637045352295,0.13515171957600972,0.13551783930649697,0.09365879444716033,0.20890867342646896,0.21666486451226546,0.21882078804523902,0.02946039984923847,0.02124419625812849,0.0,0.0300438308234638,0.2745435239731623,0.2745435239731623,0.2745435239731623,0.2745435239731623,0.13452834504932307,0.06083310605244511,0.03441928638823091,0.033330637045352295,0.0,0.11194951942710617,0.11220231263778761,0.19623003863905605,0.2745435239731623,0.2745435239731623,0.15136824410768604,0.03960821199942424,0.03835543873616091,0.15552668535050643,0.15594799991685257,0.10777844262720648,0.24040296062024707,0.24932844595112852,0.2518093884208539,0.2675353374579778,0.030322637729482675,0.019177719368080454,0.015161318864741338,0.020341043467415554,0.09251483587191957,0.21190440170633013,0.2675353374579778,0.2675353374579778,0.07000407670426738,0.03960820876630246,0.03835543873616091,0.0,0.12882660862696518,0.12911751199289895,0.22581294245812547,0.2675353374579778,0.2675353374579778,0.16439775077546412,0.015161318864741338,0.009588859684040227,0.0,0.061023130402246654,0.1186892716552822,0.19177718398143923,0.2675353374579778,0.2675353374579778,0.30034458127263997,0.024469919486630545,0.01547613545565154,0.012234959743315272,0.016414920771808547,0.07465810215130428,0.1710037132942055,0.26038987117111567,0.22721498383170347,0.13856685158969875,0.0,0.0,0.012234959743315272,0.021886561029078065,0.068583691038438,0.30034458127263997,0.30034458127263997,0.30034458127263997,0.13266654969621577,0.012234959743315272,0.00773806772782577,0.0,0.04924476231542564,0.09578048411361363,0.15476134672927122,0.30034458127263997,0.26028972419100405,0.033717766731678915,0.0,0.019728279329907842,0.08373495020198742,0.18603576874716354,0.1999764037089698,0.20195596594193885,0.30034458127263997,0.18354305238621532,0.07271748579740284,0.0,0.0,0.006420695145767928,0.011485688478356761,0.03599153420753508,0.23661723600231058,0.34606413472911135,0.3803395124075753,0.0,0.0,0.0,0.0,0.0,0.10532856190229532,0.3803395124075753,0.3803395124075753,0.03551753059521676,0.01769450049057244,0.0,0.010353059591969674,0.043942652822112016,0.09762835206603247,0.10494415604953934,0.10598299605282699,0.17953467563060074,0.09632021765657836,0.0,0.0,0.0,0.0,0.0406163247024539,0.031001857185944826,0.3803395124075753,0.3803395124075753,0.059999286606161946,0.0,0.0,0.0,0.0,0.0,0.07081324654433092,0.41090128483953625,0.2768253372152101,0.02387872392122817,0.0,0.0,0.0,0.0,0.0,0.12005008448854264,0.41090128483953625,0.11438130142636747,0.0,0.0,0.0,0.0,0.0,0.027306684558623874,0.020842800059084524,0.3362022784652275,0.31478445050994636,0.04033800707226337,0.0,0.0,0.0,0.0,0.0,0.0,0.41090128483953625,0.41090128483953625,0.0,0.0,0.0,0.0,0.0,0.0,0.11921211077697727,0.37098613151635634,0.11358289695961278,0.0,0.023004062900467588,0.019908416152249447,0.0,0.03847145725168282,0.15812983863519822,0.30929505939572627,0.35982471538223715,0.09015424588875538,0.009774847161652852,0.0,0.0,0.0,0.0,0.0,0.0,0.37098613151635634,0.37098613151635634,0.0,0.0,0.0,0.0,0.0,0.1986797822601302,0.37098613151635634,0.33477956374037954,0.10021137880733326,0.0,0.03030478027399454,0.026226679161310235,0.0,0.05068100638904634,0.20831494137952858,0.2792532271816006,0.2792532271816006,0.11876617727257531,0.012877055532644524,0.2128034808986417,0.10957304480976666,0.2792532271816006,0.13783590009300697,0.0,0.0,0.0,0.2792532271816006,0.26832330560101425,0.0,0.0,0.0,0.0,0.26173407594690323,0.2792532271816006,0.2792532271816006,0.13201510658573876,0.0,0.017857263023861786,0.07446575055786923,0.16542752255816165,0.2792532271816006,0.21567940852340628,0.2792532271816006,0.018210906363423606,0.0,0.0,0.18554026115167208,0.09553514474169367,0.2696429860486794,0.12017711736357005,0.0,0.0,0.0,0.29269465664217964,0.2339471891345828,0.29269465664217964,0.0,0.0,0.0,0.0,0.0,0.0,0.29269465664217964,0.29269465664217964,0.015569488012649148,0.06492560529093544,0.1442338518500773,0.29269465664217964,0.18804774063602459,0.29269465664217964,0.015877824498968667,0.0,0.0,0.29269465664217964,0.23345970347380215,0.11698781478893415,0.0,0.0,0.0,0.0,0.011857368658028512,0.29269465664217964,0.34676089724434006,0.0,0.0,0.0,0.0,0.0,0.0,0.34676089724434006,0.34676089724434006,0.055804810615464086,0.0,0.0,0.0,0.0,0.0,0.0,0.1398248674526669,0.34676089724434006,0.34676089724434006,0.1968215485755505,0.09862825373549554,0.0,0.0,0.0,0.0,0.009996524567531015,0.29267292428205827,0.033413544613746037,0.0,0.0,0.0,0.0,0.0,0.017114314360306856,0.34676089724434006,0.34676089724434006,0.07808949426695093,0.0,0.0,0.0,0.0,0.0,0.0,0.19566150417678288,0.42282794629675424,0.052486609868755744,0.0,0.0,0.0,0.002597592465373288,0.011616786831391935,0.08664402330331179,0.22966003624235928,0.33557199773936025,0.04675666437671919,0.0,0.0,0.0,0.0,0.0,0.02394861909542319,0.42282794629675424,0.42282794629675424,0.0,0.0,0.0,0.0,0.0,0.02323357366278387,0.14178582682229043,0.42282794629675424,0.20328784952392046,0.10521473893730836,0.0,0.0,0.0,0.005207137854648578,0.02328702876431823,0.1736867424878726,0.3780078995366209,0.3780078995366209,0.14143772193946713,0.011643514382159116,0.0073640048491607855,0.011643514382159116,0.10934989494762015,0.011643514382159116,0.077583725079586,0.11905380664340588,0.16320722460525242,0.0,0.0,0.0,0.0,0.0,0.04657405752863646,0.2842240867036465,0.3780078995366209,0.3780078995366209,0.10934989494762015,0.0,0.0,0.011643514382159116,0.05207137854648579,0.011643514382159116,0.03772657474703481,0.2552942629645288,0.3780078995366209,0.0,0.014149544970967508,0.08634428546401268,0.2892746979889552,0.2892746979889552,0.10834100031743753,0.0,0.014149544970967508,0.0,0.2892746979889552,0.2615082345910265,0.17180244384030954,0.04610094911665626,0.05062295030598123,0.16462443906985783,0.2580216596091962,0.15587138289827251,0.22930732319262806,0.020010478348216374,0.19260998577344238,0.22146478647101184,0.11319635976774006,0.2892746979889552,0.014149544970967508,0.01789791541620469,0.05659817988387003,0.0,0.2892746979889552,0.2892746979889552,0.2892746979889552,0.10490774817402142,0.056950819094228895,0.0,0.0,0.0,0.0645813921018955,0.32785878461970364,0.19236645472811292,0.12637853292410292,0.033912033994040074,0.03723843531531075,0.12109836523885688,0.1898017168740743,0.11465958373586832,0.16867934149280164,0.32785878461970364,0.066700723355473,0.0,0.0,0.0,0.0,0.0,0.08589131069065639,0.32785878461970364,0.32785878461970364,0.32785878461970364,0.2580363013082941,0.07717053966314624,0.0418932397297246,0.0,0.0,0.0,0.047506318336310194,0.32785878461970364,0.32785878461970364,0.07241176106946987,0.0,0.028314070752512497,0.0,0.0,0.027141939669982403,0.06782406798808015,0.3540051475253258,0.06310048900411552,0.0,0.0,0.0,0.0,0.0,0.08125524631720689,0.3540051475253258,0.3540051475253258,0.2469369016778076,0.07868256276925291,0.03938661142637683,0.0,0.0,0.0,0.14006767883436824,0.01815633004800295,0.3540051475253258,0.3540051475253258,0.0685032680797427,0.0,0.026785792121909048,0.0,0.0,0.025676927918287133,0.06416320005238847,0.3540051475253258,0.3540051475253258,0.07806591629802274,0.0,0.0,0.0,0.0566647821538946,0.05191040241643056,0.03637909292261784,0.33881352815009314,0.33881352815009314,0.10878573716094118,0.05445554145021192,0.0,0.0,0.0,0.19365619469086578,0.025102763292061764,0.29045343752177155,0.33881352815009314,0.22944854634597595,0.1779480068983638,0.06088314532321679,0.019252941267116862,0.06585519298936195,0.0,0.0,0.33881352815009314,0.33881352815009314,0.10793316781673724,0.0,0.0,0.0,0.07834417030560199,0.0717708116568776,0.05029737595659324,0.3327209638134396,0.11715498648566443,0.056272102444561614,0.12603901963763112,0.13394291971107694,0.0600945959032085,0.025830529782953218,0.040841654636091636,0.056286711017868,0.2736294334549262,0.2736294334549262,0.2736294334549262,0.27320922829602595,0.09347582723694899,0.02955965238218173,0.10110956997785217,0.0,0.0,0.18998545398154246,0.08360732280947761,0.2055563907305098,0.16362844713302352,0.2736294334549262,0.13406879920811657,0.11302005895756868,0.0,0.0,0.2736294334549262,0.17987177269741045,0.08639634661519187,0.19351171103620535,0.20564681992128775,0.09226514226065254,0.03965843299671738,0.06270548987847081,0.08641877562189508,0.2736294334549262,0.05460501698059114,0.06609739129937882,0.2736294334549262,0.20564681992128775,0.1998361738826335,0.08658110065490723,0.020901830702369402,0.0,0.21823290929203557,0.09603824352049233,0.2361189671765489,0.1879570846736876,0.2514920721374617,0.15400244325715345,0.12982412999399326,0.0,0.0,0.15032362645896724,0.07202868008037314,0.22093397141906992,0.22810912849330325,0.2514920721374617,0.16073354340756188,0.20574899614155973,0.04801912176024616,0.0,0.2514920721374617,0.06272381104909819,0.07592489686751969,0.2514920721374617,0.2362228415783771,0.22954825590191286,0.0994541691989885,0.02400956088012308,0.0,0.16106102834889346,0.0,0.1753790660665082,0.14405736016074627,0.18253583212874594,0.2514920721374617,0.13666479797756037,0.19207648704098465,0.033954646536526356,0.15248591111847898,0.0730647548056272,0.22411192919202758,0.23139029513925494,0.23534424916392332,0.16304556636340775,0.20870853023840558,0.04870983826829786,0.0,0.1851614635010102,0.02435491913414893,0.23534424916392332,0.17639391500434629,0.23534424916392332,0.12768408192968758,0.23534424916392332,0.1461295096112544,0.06888611372399829,0.16337776191265604,0.0,0.17790175310571835,0.1461295096112544,0.1851614635010102,0.23534424916392332,0.13863061135715452,0.19483935307319145,0.034443056861999145,0.13600471777488946,0.21919427999779917,0.23534424916392332,0.04870983826829786,0.23534424916392332,0.04870983826829786,0.23534424916392332,0.0,0.0,0.20115502270453994,0.026458606552168636,0.26480487303296485,0.19163016594675156,0.26480487303296485,0.1387129584846607,0.26480487303296485,0.15875163367076542,0.07483624026390781,0.14199178073261642,0.07937581683538271,0.18407278308962252,0.1852102374018108,0.26480487303296485,0.17654070006550526,0.09286489901123784,0.0,0.0,0.1477522999367694,0.23812746743288743,0.26480487303296485,0.05291721310433727,0.26480487303296485,0.05291721310433727,0.26480487303296485,0.0,0.0,0.26480487303296485,0.0,0.06693556620697086,0.026458606552168636,0.13015913233823173,0.26480487303296485,0.016733891551742715,0.0,0.0,0.1440689161617454,0.08053697081566341,0.18676550302961545,0.18791959666161984,0.30687536785631697,0.17912323646935402,0.09422337885326447,0.0,0.0,0.0495009453622556,0.15687927761992654,0.15448937478366814,0.23224069414362225,0.30687536785631697,0.30687536785631697,0.21307413893629587,0.0,0.0,0.30687536785631697,0.0,0.06791473722179966,0.026845657892685202,0.1320631731482666,0.30687536785631697,0.016978684305449916,0.0,0.0,0.30687536785631697,0.053691315785370404,0.11885078298216893,0.26845659610120515,0.08404020109435148,0.16107394163132682,0.03395736861089983,0.0,0.0,0.03696516118783879,0.11715064716065152,0.11536597127377592,0.1734272877127812,0.3406840102175785,0.37581020139449073,0.1591145347447408,0.0,0.0,0.0,0.04009434825676496,0.0955426308286706,0.2388615959462463,0.37581020139449073,0.03696516118783879,0.0,0.0,0.0,0.37581020139449073,0.04009434825676496,0.08875261508816834,0.2004717541088876,0.06275758082955393,0.12028304049527395,0.02535789155198414,0.0,0.0,0.29090525612583296,0.19270250207453693,0.13946839391711566,0.1368906588978214,0.20620347986853432,0.16868121077837542,0.06339472994871558,0.02004717412838248,0.056701970934333344,0.0,0.036478739044175076,0.08692683256186798,0.21732164768953777,0.402241582652846,0.033631734329776085,0.0,0.0,0.0,0.0,0.0,0.20906071716928146,0.10658920852861613,0.402241582652846,0.402241582652846,0.0,0.0,0.0,0.2646721392460265,0.17532506679792634,0.12689147891945746,0.12454619767204372,0.1876085597888702,0.15346995617023482,0.05767794991367535,0.018239369522087538,0.051588727362713784,0.09788272684636706,0.036478739044175076,0.023071179576519128,0.0,0.402241582652846,0.0598315288763526,0.0,0.07295747808835015,0.15057083979939703,0.0,0.0,0.1964634547360737,0.10016651826636261,0.33803189679843326,0.33803189679843326,0.0,0.0,0.0,0.04848017236499467,0.017140329359989843,0.18017530892404507,0.22174767972769427,0.33803189679843326,0.33803189679843326,0.2080743639700507,0.11055180723925455,0.0,0.09198465850307691,0.034280658719979686,0.02168099155983046,0.0,0.33803189679843326,0.05622629169339029,0.0,0.06856131743995937,0.1414979713551277,0.12483378454135018,0.034280658719979686,0.05420247981336163,0.19002710069113157,0.33803189679843326,0.05622629169339029,0.0493189433696441,0.12698103421949375,0.10229637677920367,0.0432662758436403,0.01529693856195201,0.1607979971158194,0.19789938465056195,0.335289790503124,0.335289790503124,0.18569659282025563,0.09866229333953944,0.0,0.0,0.0,0.0,0.12788475889767428,0.335289790503124,0.335289790503124,0.20055231241697427,0.07399671837363336,0.0,0.11140828699840806,0.03059387712390402,0.04837316636084339,0.16959025835077832,0.335289790503124,0.050179323368655125,0.04401483955301797,0.11332460644092737,0.09129470956109445,0.0,0.03059387712390402,0.04837316636084339,0.2606481501559608,0.335289790503124,0.0717092567922585,0.06868041125688162,0.03059387712390402,0.0,0.0,0.0,0.0,0.09624796723156431,0.37539638267370445,0.37539638267370445,0.1509386463258557,0.05569102828717362,0.0,0.0,0.0,0.0,0.26136101934656963,0.37539638267370445,0.22324524628787806,0.0,0.0,0.0,0.0,0.023025405906767278,0.03640636281381091,0.1961676655718745,0.37539638267370445,0.05396945075733059,0.051689896662290374,0.023025405906767278,0.0,0.010297274412224661,0.046050811813534556,0.10193779820222752,0.3514873888456125,0.29947319819517537,0.09335395051555308,0.03312622138491968,0.030076379458285105,0.0,0.0,0.0,0.0,0.24464178471610454,0.42416585644741067,0.2089642733174075,0.0,0.0,0.0,0.0,0.0,0.017376159084856284,0.14974947077018244,0.42416585644741067,0.21425111540543734,0.0,0.0,0.0,0.009638558941253922,0.04310494662844004,0.09541684886511126,0.3290027806264854,0.2803159318259255,0.08738210893698663,0.031007140777031504,0.028152396890972056,0.0,0.01987039781653801,0.0,0.05894396810065646,0.40866053745632486,0.21204829670758626,0.1925461575363193,0.08329978337909193,0.017376159084856284,0.02457360012889494,0.0,0.0,0.016031678352356412,0.13816260182121942,0.3480595375940181,0.1976734301314653,0.0,0.0,0.0,0.022231938020911866,0.016031678352356412,0.0,0.022672217220272194,0.2548249052139129,0.3480595375940181,0.28819886529764893,0.2546199579276071,0.10152020490209698,0.018332925301410893,0.0,0.05438317713290531,0.3480595375940181,0.19564105458402445,0.1776478939062354,0.07685446061082789,0.016031678352356412,0.022672217220272194,0.0503533627402472,0.12395647959089974,0.02515256618314146,0.018332925301410893,0.0,0.022672217220272194,0.11075138144366424,0.3480595375940181,0.3480595375940181,0.02517760013585522,0.0181558254922537,0.0,0.025676214949336702,0.28858840655718737,0.2982615970229485,0.2982615970229485,0.28835630439773186,0.11497131389673819,0.05198950547340005,0.029415589539826405,0.02848520237660302,0.0,0.09567488051624984,0.09589092396468121,0.1677031361685773,0.2982615970229485,0.24963898262631798,0.057025025500571085,0.1403803246686077,0.02848520237660302,0.020761980450163846,0.0,0.025676214949336702,0.12542559240041382,0.2982615970229485,0.2982615970229485,0.09227366088852228,0.03837687133500654,0.02848520237660302,0.0,0.015106560081513133,0.03377929454384117,0.23560854827326774,0.2982615970229485,0.2520375124732445,0.06913608347365167,0.03911709940946883,0.03787986270191184,0.0,0.127229264165388,0.12751656056778074,0.22301304687108575,0.29657582143263883,0.29657582143263883,0.1623593532774959,0.014973330925161817,0.00946996567547796,0.0,0.06026649355202589,0.11721762187153162,0.18939930393045804,0.29657582143263883,0.29657582143263883,0.12270629357827391,0.051033887626265304,0.03787986270191184,0.0,0.02008883118400863,0.044919991178968596,0.29657582143263883,0.29657582143263883,0.29657582143263883,0.29657582143263883,0.014973330925161817,0.09563737572336342,0.021175487614153415,0.05357021649068967,0.16577075219231316,0.2092769350917954,0.09901041991708237,0.1058774284916659,0.18287029012291,0.016864919175372275,0.010666311090613896,0.0,0.06787998928348181,0.13202578161621484,0.21332621102304414,0.26761539149522107,0.26761539149522107,0.04647726045968471,0.0,0.027193864413803802,0.11542197088812695,0.25643551507093126,0.26761539149522107,0.26761539149522107,0.26761539149522107,0.2529995037691786,0.26761539149522107,0.016864919175372275,0.10771929237260237,0.023850597365190778,0.06033776825198383,0.18671265273820925,0.2357149930922679,0.11151845489604831,0.11925297603672017,0.09927280408375933,0.08158159683782265,0.06399786474547775,0.13202578161621484,0.2187244099134414,0.13202578161621484,0.26761539149522107,0.0984465142149893,0.07155178849916109,0.03445037116801747,0.0,0.020156926490125533,0.08555430545415268,0.19007787006978097,0.2043214008639141,0.20634397413273917,0.34345922784914407,0.18753099309140225,0.0,0.0,0.0,0.0,0.07907809899611278,0.060359176995287804,0.34345922784914407,0.34345922784914407,0.11681582616586586,0.07358404763426087,0.06047078213614692,0.047437180518734134,0.09786155929675619,0.1621252421183426,0.09786155929675619,0.34345922784914407,0.07297157623663639,0.05303638052569298,0.045631419682822486,0.0,0.0,0.06573070955252774,0.07313951976776246,0.047858382894798344,0.15873429694714622,0.34345922784914407,0.34345922784914407,0.0,0.0,0.0,0.0,0.043925067449624565,0.03352737299428724,0.3791328535937755,0.3791328535937755,0.06488703077917321,0.0,0.0,0.0,0.0,0.0,0.0,0.3791328535937755,0.3791328535937755,0.0,0.025346628369109274,0.0,0.0,0.036511068010731895,0.04062639820400892,0.02658362711510443,0.08817124827842504,0.3018659326648167,0.30186126537084285,0.12521077479541592,0.018107074965449988,0.0,0.0,0.0,0.025607271268810922,0.021958054484878656,0.3791328535937755,0.25006787769011524,0.0,0.0,0.0,0.0,0.0,0.0,0.3493636551269356,0.3493636551269356,0.0,0.0,0.0,0.0,0.0,0.27168551737824403,0.3493636551269356,0.3493636551269356,0.13703447823800577,0.0,0.10569853304729807,0.015285355950817007,0.0,0.0,0.0,0.02161675792582533,0.018536217441482435,0.3493636551269356,0.2110985087128782,0.0,0.0,0.0,0.0,0.044998000377512545,0.31421548439986197,0.3277613456056623,0.17117857880181345,0.053559680293477775,0.0,0.0,0.0,0.0,0.3038579808772127,0.3038579808772127,0.3038579808772127,0.17035233414336667,0.0,0.02304301769851778,0.09609062742400654,0.2134677259911526,0.3038579808772127,0.27831277509715,0.3038579808772127,0.023499359172661768,0.0,0.0,0.0,0.0,0.0,0.0,0.05593858198795525,0.3038579808772127,0.3038579808772127,0.21279805512584926,0.06658190457820067,0.033116573078722705,0.025451845369214215,0.07201732103706338,0.0,0.07549123088129983,0.3038579808772127,0.15107804556217863,0.0778662813207008,0.06809314548692902,0.026442958862549496,0.11026856557129744,0.24496436928176846,0.3122009516931672,0.3122009516931672,0.3122009516931672,0.026966632410256788,0.0,0.0,0.3122009516931672,0.3122009516931672,0.19869015418940456,0.0,0.0,0.0,0.0,0.020138357239981086,0.3122009516931672,0.03800284281540118,0.029207203191854245,0.08264330143254557,0.0,0.08662977821719255,0.3122009516931672,0.17336924339089663,0.0893552615669536,0.07814012333325086,0.23007189344810897,0.051052520004640854,0.010577183366701817,0.06559074577076072,0.03365639195602247,0.023651301710015914,0.119778812720775,0.21144819232061554,0.15084945129699745,0.3703895137292515,0.31259252542873744,0.15664166417210412,0.0,0.0,0.0,0.0,0.015876507845254857,0.3703895137292515,0.05306748356533425,0.0,0.0,0.0,0.0,0.0,0.02718100119416594,0.3703895137292515,0.3703895137292515,0.18138213448958423,0.04024835415892505,0.008338750410522476,0.051709877692415855,0.026533741782667125,0.01864601331056286,0.09443020784641133,0.1666997384264479,0.11892541523766414,0.03832651590829696,0.013184722487685284,0.008338750410522476,0.0,0.0,0.015876507845254857,0.25696757304691636,0.3703895137292515,0.17561302368025952,0.04642776106627769,0.0,0.0,0.0,0.0,0.0,0.023780155835565222,0.37724333223825574,0.37724333223825574,0.0,0.0,0.0,0.0,0.0,0.02307014029145722,0.14078845396780693,0.37724333223825574,0.20185784916841518,0.03353116077008944,0.01153507014572861,0.007295418694093943,0.0,0.0,0.013890063430252519,0.2248161827480532,0.37724333223825574,0.15364059035351965,0.07249246307792975,0.028837674749363704,0.0,0.0,0.0,0.0,0.023780155835565222,0.37724333223825574,0.37724333223825574,0.0,0.0,0.0,0.0,0.0,0.0315266326279937,0.1923952698350014,0.3901035996141053,0.2758500023585081,0.07402047725396568,0.0,0.0,0.007881658156998424,0.035247846311412236,0.007881658156998424,0.025537647468894094,0.1728122664762112,0.3901035996141053,0.0990649914947669,0.03940828994461798,0.0,0.0,0.0,0.0,0.03249690844497895,0.3901035996141053,0.3901035996141053,0.1198426774588016,0.0,0.004984798144492978,0.0,0.08107004651624813,0.025660819426343316,0.037499043928237254,0.22843778738239495,0.3901035996141053,0.023354468837383482,0.22479742024336416,0.2584742035752511,0.1321128266249854,0.30035795096770346,0.016514103328123177,0.020888871348701956,0.0660564133124927,0.0,0.30035795096770346,0.30035795096770346,0.30035795096770346,0.12243908880612255,0.06646798275655348,0.0,0.0,0.0,0.07537371586386891,0.30035795096770346,0.14862693523550927,0.010444435674350978,0.016514103328123177,0.07385331417394832,0.0,0.037072627425438424,0.05965639752693369,0.11677233362211607,0.30035795096770346,0.30035795096770346,0.2783288741955336,0.039868570404706434,0.0073853314173948316,0.04696460234550683,0.04751706398018951,0.09908461644713862,0.2512035354683604,0.34632022745753444,0.34632022745753444,0.28573935088720603,0.0854556502289084,0.04639094215131988,0.0,0.0,0.0,0.05260664679982345,0.34632022745753444,0.34632022745753444,0.08018596414412604,0.0,0.03135389926447257,0.0,0.0,0.030055926952132266,0.07510573149275263,0.34632022745753444,0.21265104775644164,0.19425801967149245,0.027826036936831854,0.005154549127924431,0.0327786711769184,0.03316425856309286,0.06915553201788295,0.17532604720083433,0.34632022745753444,0.06740958147928448,0.04864092042442065,0.03260023150628977,0.0,0.0,0.04045388987955482,0.06468867820703626,0.1931322317237607,0.36147599618079396,0.36147599618079396,0.07193115815264355,0.0,0.02812614789592254,0.0,0.0,0.02696179634545805,0.06737391397408199,0.36147599618079396,0.36147599618079396,0.08197231940857788,0.0,0.0,0.0,0.05950027671748701,0.05450798875225955,0.03819949558348673,0.36147599618079396,0.060470050066051634,0.04363354331501734,0.029244175502795913,0.0,0.0,0.03628933295090953,0.05802925228201116,0.17325008500895475,0.09805402589529953,0.01667174476470714,0.0,0.0,0.0,0.04135750972215617,0.08188827044476572,0.36147599618079396,0.36147599618079396,0.3742988416740016,0.3742988416740016,0.12427334202944584,0.0,0.0,0.0,0.09020481904999227,0.08263630916411392,0.05791197582610051,0.3742988416740016,0.13489126651696748,0.0647912256747883,0.14512026760002553,0.15422075169645894,0.06919241250735046,0.029741054834684002,0.047024737791976995,0.06480804586327893,0.14865385761154348,0.02527503740677695,0.0,0.0,0.0,0.0626996526177325,0.12414592041075301,0.3742988416740016,0.3742988416740016,0.007010034168020861,0.0,0.08922315781876246,0.11377043126322496,0.1472107175284381,0.07837456410084324,0.19827368107045457,0.19769909380479803,0.13104468461961732,0.29489861610213786,0.20023487123046696,0.09617718822607005,0.21541897297084764,0.22892788506157255,0.10271038419519869,0.04414812343934903,0.06980431394525148,0.09620215639757188,0.29489861610213786,0.06078679483544968,0.07358020904016722,0.29489861610213786,0.22892788506157255,0.2224594217564766,0.09638285808075008,0.023268105475396875,0.0,0.010405812957344206,0.0,0.13244436039429053,0.16888274713441903,0.21852207210422833,0.11634052489604524,0.2943207964656427,0.29346786943693154,0.1945249401816954,0.12824701824395965,0.0840549027917857,0.04414812343934903,0.0,0.29489861610213786,0.10257322795580025,0.03751869184099195,0.0,0.03290607024994721,0.29109877567694437,0.06505118143776636,0.07874209425678277,0.29109877567694437,0.24498790284332833,0.23806565630569812,0.10314442150591763,0.024900436930265887,0.0,0.16703720648408749,0.0,0.1818865157627004,0.14940261627162554,0.18930883401529916,0.28033216624108664,0.14173575267030566,0.1992034954421271,0.03521453552581222,0.13724395364525943,0.08995162102301715,0.04724525443008175,0.0,0.29109877567694437,0.10976906547668232,0.04015074716248537,0.0,0.03521453552581222,0.28743078873527045,0.2149710046968736,0.2448801741762233,0.1451303738774674,0.22271627531211663,0.2095176020026281,0.0,0.0,0.03521453552581222,0.17799860717902363,0.0,0.19382236539911488,0.1592067909001152,0.20173175480289346,0.24538962797784206,0.15103680846810838,0.212275728744718,0.0375254017232858,0.1481759209472388,0.23881020332544278,0.24538962797784206,0.0530689321861795,0.24538962797784206,0.0530689321861795,0.24538962797784206,0.0,0.0,0.24538962797784206,0.2290779415277402,0.24538962797784206,0.15465419323820587,0.2373314762386982,0.2232666728625491,0.0,0.0,0.0375254017232858,0.24538962797784206,0.04278553995573649,0.06712747734612112,0.24538962797784206,0.1542654595551538,0.0796033954500576,0.09289661056194677,0.0,0.0,0.18470328924390866,0.2976801478758607,0.30642719199395785,0.0661511416213131,0.30642719199395785,0.0661511416213131,0.30642719199395785,0.0,0.0,0.30642719199395785,0.0,0.08367530827690517,0.03307557081065655,0.1627102920109729,0.30642719199395785,0.020918827069226292,0.0,0.0,0.30642719199395785,0.053332754143739114,0.08367530827690517,0.30642719199395785,0.19229398146751342,0.09922670890531905,0.1157968813064545,0.0,0.0,0.30642719199395785,0.0,0.020918827069226292,0.0,0.029583689456540527,0.0,0.10459413710945678,0.0,0.0,0.3555037075172481,0.0,0.09857033033708025,0.03896334543644289,0.19167431304452182,0.3555037075172481,0.024642582584270063,0.0,0.0,0.3555037075172481,0.07792669087288578,0.17249806770381831,0.3555037075172481,0.12197456284651388,0.23378006430979964,0.049285165168540125,0.0,0.0,0.3555037075172481,0.0,0.024642582584270063,0.0,0.03484987509900397,0.0,0.12321291499856474,0.0,0.0,0.3555037075172481,0.0,0.17249806770381831,0.07792669087288578,0.05227481264850595,0.0,0.049285165168540125,0.03896334543644289,0.16069495312929302,0.2567480190710724,0.050311728296588684,0.11136974785901976,0.25155865757626084,0.07875031001944212,0.1509351795253269,0.031819929875591055,0.0,0.0,0.2567480190710724,0.24180954044591774,0.1750096022457627,0.1717749741859475,0.2567480190710724,0.21166682124554334,0.07954982603008742,0.025155864148294342,0.07115152832164844,0.2567480190710724,0.0,0.11136974785901976,0.050311728296588684,0.033750132865475194,0.0,0.031819929875591055,0.025155864148294342,0.103749315284824,0.2567480190710724,0.10062345659317737,0.09545978694455358,0.19693083565202227,0.19125075290435944,0.2567480190710724,0.2567480190710724,0.2567480190710724,0.2567480190710724,0.2563512409490357,0.20459230655363905,0.1480736373199621,0.1453368552460194,0.2189262988882844,0.1790888940926136,0.0673062045584441,0.02128409102452526,0.06020050022550045,0.11422241681127883,0.04256818204905052,0.026922481369498538,0.0,0.2563512409490357,0.06981928323776015,0.0,0.08513636409810103,0.1757058244830594,0.23055914773633482,0.08513636409810103,0.08076744183910009,0.1666209440011491,0.16181509048264503,0.2563512409490357,0.25116843627045843,0.2563512409490357,0.22899310142658963,0.2563512409490357,0.2441739958613868,0.16153488367820018,0.24445376694189053,0.15229655574837178,0.16296917796126034,0.08076744183910009,0.03431956474106387,0.0,0.11321623548557393,0.04219320040321711,0.02668532216072094,0.0,0.29690905280279145,0.06920424758250865,0.0,0.08438640080643423,0.17415803794213425,0.15364748184303081,0.04219320040321711,0.0667133065265046,0.23388849108754764,0.29690905280279145,0.06920424758250865,0.06070256929040546,0.15629035217774964,0.12590806848913735,0.29690905280279145,0.24202307556292732,0.16011192846551664,0.24230038214964314,0.1509549806474319,0.1615335880997621,0.08005596423275832,0.03401724488028003,0.0,0.29690905280279145,0.29690905280279145,0.21348257728576753,0.2076127652415709,0.1509549806474319,0.06328979835542117,0.08169852438648656,0.08913108771276411,0.19728312187926103,0.13785679207152599,0.03785691236229238,0.05985703322898602,0.20985125624589923,0.2937661228381973,0.06209197479197756,0.05446403268375072,0.14022804880697676,0.1129682192615886,0.0,0.03785691236229238,0.05985703322898602,0.2937661228381973,0.2937661228381973,0.08873314875899044,0.08498525046132444,0.03785691236229238,0.0,0.2937661228381973,0.2937661228381973,0.19154250310359006,0.18627594455821517,0.13544100514796795,0.05678536652521032,0.07330218727830864,0.07997088971806536,0.17700790137202246,0.0,0.03785691236229238,0.10774265496842704,0.07571382472458477,0.11851087950447195,0.17199434792006338,0.2937661228381973,0.26191976905417813,0.2937661228381973,0.0,0.0361172419658976,0.057106372854786924,0.2823239369046668,0.2823239369046668,0.08465552006604221,0.08107985207746084,0.0361172419658976,0.0,0.016152121401962264,0.0722344839317952,0.1598978162664494,0.2823239369046668,0.2823239369046668,0.14643334553558102,0.05196120137988098,0.047177273606011594,0.0,0.0,0.0361172419658976,0.10279146651745746,0.0722344839317952,0.11306484981373585,0.1640905476164287,0.2823239369046668,0.24988355056669342,0.2823239369046668,0.17866754697291437,0.0943545395100915,0.25867504370033956,0.22292774476729782,0.06460848560784906,0.2823239369046668,0.23068733309603,0.13899791610690274,0.10789872523372639,0.014232499418503523,0.0636496733135178,0.1408945314610966,0.2675917808067555,0.2675917808067555,0.1290302650233604,0.04578579803975821,0.041570423008495304,0.0,0.02934104850040161,0.0,0.08703790647855339,0.2675917808067555,0.2675917808067555,0.2675917808067555,0.12300221700466774,0.025658002983469708,0.036285896229580526,0.1574335466602256,0.08314083923040604,0.22793243793964998,0.19643357790657848,0.05692999767401409,0.2675917808067555,0.2032709668555676,0.12247850984604161,0.0950753468185126,0.2675917808067555,0.09306408139990284,0.2675917808067555,0.2675917808067555,0.24313042402639404,0.01591241832837945,0.1275358998190462,0.0989773479136473,0.022503557752643833,0.02367143208763055,0.0,0.07021943650815392,0.31071930912108703,0.25261129148776645,0.22937856272116156,0.09923430740432244,0.020700067181277176,0.02927431609424483,0.06501614919021446,0.16005232881366338,0.03247693711968838,0.02367143208763055,0.0,0.02927431609424483,0.14300193566234648,0.31071930912108703,0.31071930912108703,0.228113988099632,0.07508116428168435,0.24518496801155634,0.31071930912108703,0.19614995424239287,0.012837636998727094,0.10289193964081014,0.07985180111472888,0.018155160306029594,0.15735667866898873,0.31071930912108703,0.31071930912108703,0.0641881836248349,0.0,0.03851290962738071,0.024357702155366003,0.10558832346259155,0.13811865749260563,0.06300931533671564,0.15511204188810473,0.03147448130399463,0.022940773138032142,0.0,0.028370714615109573,0.1385879380759399,0.31406268637442175,0.31406268637442175,0.10195699423474765,0.04240419651473499,0.03147448130399463,0.0,0.016691864658956956,0.037324143270104644,0.2603336549849933,0.31406268637442175,0.27848669879067434,0.15249959756282883,0.31406268637442175,0.31406268637442175,0.062206906334541213,0.0,0.037324143270104644,0.023605860314720863,0.10232916055155888,0.13385539057956475,0.31406268637442175,0.22243816918901835,0.1101606779312301,0.012441381532218286,0.0,0.0,0.11802929626740342,0.22751756181164004,0.11626062278010484,0.13360624941042595,0.05556720947022159,0.04124471725287619,0.0,0.021873314817568747,0.048910217805112156,0.2849915072741995,0.2849915072741995,0.2849915072741995,0.2849915072741995,0.016303406514482345,0.1041328093387763,0.02305649854674524,0.05832883951351666,0.1804961083616463,0.22786692980737705,0.10780547983249414,0.11528248230371692,0.2849915072741995,0.2849915072741995,0.14435650169339226,0.016303406514482345,0.0,0.0,0.154667678399109,0.2849915072741995,0.1523499773640476,0.07342921225283143,0.05889526550405175,0.04124471725287619,0.0,0.09478436420946457,0.1604892506577316,0.24282318763182667,0.2849915072741995,0.1666380470741055,0.26552712818165736,0.019156700826219942,0.12235731673161183,0.027091666049535265,0.06853709542901093,0.21208512129716842,0.26552712818165736,0.12667274920389548,0.13545831799228863,0.1127630312506697,0.09266775768659806,0.0726945641243456,0.14996682601734718,0.24844697093016466,0.14996682601734718,0.26552712818165736,0.11182445647025341,0.08127499406347656,0.08628021694625325,0.0692026528529295,0.04846304411127347,0.0,0.11137278007214275,0.1885768203070537,0.26552712818165736,0.26552712818165736,0.19580173083634556,0.07920352307557481,0.26552712818165736,0.15750488621266265,0.26552712818165736,0.24844697093016466,0.05418333209907053,0.19505186451544052,0.10751605042024015,0.08767047629503863,0.08841624883167302,0.07265976651583472,0.056999005782668505,0.11758733388578746,0.19480452910498014,0.11758733388578746,0.2898646766956827,0.08768032270045767,0.06372682624090432,0.05482926105495232,0.0,0.0,0.07897992783116214,0.08788211830038876,0.057505109147295674,0.19073007734987632,0.2898646766956827,0.2898646766956827,0.06210260869121136,0.2898646766956827,0.12349784372704525,0.2898646766956827,0.19480452910498014,0.04248455296267272,0.1529380152059059,0.08430214904583988,0.06874145330540138,0.2898646766956827,0.2898646766956827,0.2898646766956827,0.16063831748815247,0.08732616821947385,0.04248455296267272,0.08549850867400276,0.060394213548404296,0.19287597816575303,0.03602537409495377,0.0,0.0,0.051893485182271555,0.05774263827585413,0.03778353071959482,0.12531852984125064,0.3227681765459471,0.3227681765459471,0.17796311750170596,0.02573573652070835,0.0,0.0,0.0,0.036395828020036325,0.031209165798919615,0.3227681765459471,0.3227681765459471,0.2013574905935813,0.3227681765459471,0.2710671447420188,0.10554684433362331,0.05737735322079921,0.027914326844624162,0.056176495912548786,0.03968180665559551,0.12672848646249973,0.254259006451501,0.3227681765459471,0.1826056551321539,0.019738409854530087,0.013240927666338278,0.029607613729500746,0.13550691144042717,0.09285262990214514,0.1984767463171749,0.15594193779617438,0.022551193078602722,0.0,0.0,0.0,0.031892203445392876,0.027347339493751913,0.31904383328471286,0.31144340006912064,0.0,0.0,0.0,0.0,0.0663876325765305,0.31904383328471286,0.31904383328471286,0.2525476798774956,0.07901907521243504,0.22279696335279692,0.31904383328471286,0.16001000720598776,0.017295976407589175,0.011602493525030401,0.025943963689300423,0.11873926829019636,0.08136303319294638,0.1739172074679085,0.283615692038515,0.31904383328471286,0.2519413473797187,0.0,0.007734995683353602,0.0,0.04922520887575343,0.11172765805214419,0.08271668841953349,0.0,0.0,0.0,0.0,0.0780293086065591,0.30500729972325746,0.30500729972325746,0.2968342157451499,0.09287578975569231,0.04619465150739294,0.03550304327250311,0.1004577085888349,0.0,0.10530350148658225,0.30500729972325746,0.21074033380727,0.10861648399536422,0.09498383538458245,0.30500729972325746,0.30500729972325746,0.2961215573214189,0.0,0.009091397626674385,0.0,0.05785729759470859,0.13132012050571124,0.09722181311647068,0.07329078382427236,0.0,0.30500729972325746,0.30500729972325746,0.12830189121817068,0.07067052253977896,0.08484477022382451,0.04545698813337193,0.047491917692291226,0.05581918705245327,0.042900010037786214,0.121387811004129,0.0,0.12724321225406632,0.2812842780375304,0.2546475344748915,0.1312464460554862,0.11477347054870461,0.2812842780375304,0.07498676289772921,0.015535937132438797,0.09634074284580205,0.049435050089003965,0.034739412538115653,0.1759330475527513,0.2812842780375304,0.221570101468688,0.08856072809323501,0.0,0.2812842780375304,0.2812842780375304,0.1550332566951918,0.08539454218225283,0.10252195752116754,0.054927833432226625,0.057386735274352306,0.09540590063980248,0.09177454610617253,0.15787163337838742,0.2812842780375304,0.19354696197941465,0.15182079017046549,0.2812842780375304,0.22348083340635766,0.08539454742057923,0.2556756124171306,0.05673393704028582,0.011754272955291323,0.0728900598960729,0.03740186815582432,0.026283354122673474,0.13310848551732407,0.2349793590856934,0.16763684283689692,0.05402492066952402,0.018585137979961457,0.011754272955291323,0.0,0.0,0.022379469057433623,0.34310115558712695,0.34310115558712695,0.24754349431505213,0.07218277134529072,0.06943533924500257,0.1194434719198653,0.24293906019640552,0.14643492705845587,0.11486548849541642,0.25194363110308654,0.1690824759228385,0.06460832138534087,0.34310115558712695,0.08378180103870808,0.03261522585012421,0.0,0.0,0.044758938114867246,0.0559456516604177,0.2436605767951604,0.34310115558712695,0.03537111769559365,0.012168034579806374,0.007695740539278165,0.0,0.0,0.014652253519030578,0.2371525314730185,0.3454744496798938,0.162071317526904,0.07647034533502345,0.030420085800813502,0.0,0.0,0.0,0.0,0.025085045419293784,0.3454744496798938,0.3454744496798938,0.3454744496798938,0.05485349924744394,0.02135379335899497,0.0,0.0,0.029304507038061155,0.036628655903859816,0.15952909940059679,0.3454744496798938,0.3454744496798938,0.14027768705242555,0.0,0.0,0.0,0.0,0.0,0.14884651684427866,0.3454744496798938,0.08656907427923845,0.0344373842662028,0.0,0.0,0.0,0.0,0.028397794605045747,0.35138552253753635,0.35138552253753635,0.1047258924693074,0.0,0.004356022791971048,0.0,0.07084398608217854,0.02242400013835954,0.03276896782851366,0.19962296958493228,0.35138552253753635,0.35138552253753635,0.15880285955239917,0.0,0.0,0.0,0.0,0.0,0.16850329518515603,0.35138552253753635,0.1425507576785299,0.05263402296462039,0.0,0.02244024294603981,0.13578255200149036,0.03729026989092241,0.039540501672856165,0.3072789182731484,0.35029357423804564,0.32012125047276563,0.1675460864397434,0.01177393801154735,0.0186162311649923,0.08325431551718879,0.0,0.04179170908239865,0.06725023240836712,0.13163662072302015,0.32012125047276563,0.32012125047276563,0.31375815925120426,0.04494355570658384,0.008325431551718878,0.05294286201703566,0.05356564808641477,0.11169738302007869,0.28317995793198286,0.32012125047276563,0.06725023240836712,0.05356564808641477,0.13222891021171257,0.12488147327578317,0.0,0.0470957520461894,0.0186162311649923,0.0,0.32012125047276563,0.08586646158842186,0.05356564808641477,0.04494355570658384,0.041627157758594394,0.0,0.0470957520461894,0.26062727203876834,0.32012125047276563,0.3287680359714933,0.24965983101811237,0.22806576725944602,0.032668748886250217,0.006051622495300824,0.03848331618097953,0.038936009373374644,0.0811910339483823,0.2058389637814891,0.3287680359714933,0.07914122643023772,0.057106156314992586,0.03827382171346532,0.0,0.0,0.04749429366989349,0.0759467900127687,0.22674405249829965,0.3287680359714933,0.06241495198325115,0.038936009373374644,0.032668748886250217,0.030258112476504125,0.0,0.0342331458429908,0.1894457785834614,0.3069254881140714,0.3287680359714933,0.0,0.038936009373374644,0.02706367894467359,0.024206489981203297,0.0,0.06075544438243464,0.2766597113817825,0.3287680359714933,0.335738280120584,0.07174241039075838,0.051767371912038875,0.03469564913819722,0.0,0.0,0.04305411049812641,0.06884661790981594,0.20554602956950682,0.11633250110695585,0.01977956283371892,0.0,0.0,0.0,0.049067057691960694,0.09715325021263686,0.335738280120584,0.335738280120584,0.335738280120584,0.0,0.03529592968723303,0.024533528845980347,0.021943454968847288,0.0,0.05507549252095195,0.2507951348218826,0.335738280120584,0.32488451379894034,0.0,0.015516365545582268,0.049067057691960694,0.0,0.052506055192367736,0.09736138925369842,0.22658242857658337,0.335738280120584,0.1641748272729331,0.02791400752893952,0.0,0.0,0.0,0.06924613194693038,0.13710801298769637,0.32668863047726443,0.32668863047726443,0.007741952796943864,0.0,0.09853895996375067,0.12564921759525624,0.16258100873582118,0.08655766308783759,0.21897546330464526,0.21834088330377577,0.14472707811378727,0.32668863047726443,0.0,0.021897548914620067,0.06924613194693038,0.0,0.07409943446556432,0.13740175025621446,0.31976559190833065,0.32668863047726443,0.007741952796943864,0.0,0.10455542780719705,0.06924613194693038,0.13935515034498955,0.14566294111735004,0.23594069545336208,0.2427210322909672,0.2069305076028433,0.011348228104293626,0.0,0.14443934549302936,0.18417781918792692,0.23831279019016613,0.12687704648407713,0.29520731063519834,0.29520731063519834,0.21214232873539546,0.13986186592954142,0.09166743762121793,0.04814645210518102,0.0,0.29520731063519834,0.11186289749851644,0.040916617945335715,0.0,0.035886248651889836,0.011348228104293626,0.0,0.1532583413278437,0.10150163935176444,0.20426810587728528,0.21351412563436287,0.29520731063519834,0.29520731063519834,0.29520731063519834,0.10213405293864264,0.0,0.03209763563866348,0.02537540983794111,0.13617873725152352,0.13738788259239743,0.29520731063519834,0.02537540983794111,0.0,0.15480476791803488,0.10146122613395128,0.05329043978273604,0.0,0.33275971922309594,0.12381437764186948,0.04528816702766954,0.0,0.03972035091254493,0.3242085014373104,0.24247725023444622,0.27621339610386264,0.1637002815004157,0.25121355364315,0.23632606676862783,0.0,0.0,0.03972035091254493,0.11304609913941752,0.0,0.035526960853390334,0.028086529553140872,0.15072813218589,0.1520664631357106,0.33275971922309594,0.028086529553140872,0.0,0.050242710728630006,0.028086529553140872,0.07105392170678067,0.028086529553140872,0.33275971922309594,0.33275971922309594,0.2051594684076841,0.028086529553140872,0.0,0.2905548924003325,0.2302012073491781,0.26222937289022896,0.15541252801390706,0.2384952126239322,0.22436144358128407,0.0,0.0,0.037709404604184704,0.2905548924003325,0.04299533551424174,0.06745663169629289,0.26664577484114393,0.15502188820555593,0.07999372449170662,0.09335212184721398,0.0,0.0,0.047699042524786434,0.026664575778263706,0.06745663169629289,0.026664575778263706,0.2905548924003325,0.2905548924003325,0.19477273550776708,0.026664575778263706,0.0,0.12118272333639199,0.0,0.0,0.049167046454361714,0.27426949451752203,0.2905548924003325,0.21923402031748027,0.13931982827117986,0.0,0.31856340095519636,0.04932200962552006,0.07738273461612256,0.30588214549373294,0.17783303632339537,0.09176463451609222,0.1070886922323441,0.0,0.0,0.31856340095519636,0.0,0.01934568365403064,0.0,0.02735892866513775,0.0,0.09672841990087244,0.0,0.0,0.1390145087916444,0.0,0.0,0.05640187498193053,0.3146276796490841,0.31856340095519636,0.2514938499958562,0.15982045095893746,0.0,0.02735892866513775,0.0,0.0,0.1003400650876952,0.2735892866513775,0.31856340095519636,0.31856340095519636,0.17167486651843786,0.05640187498193053,0.3204646296329055,0.0,0.02050938969474434,0.0,0.02900465755869601,0.0,0.10254695020253402,0.0,0.0,0.3204646296329055,0.0,0.14356571921914885,0.06485638691758219,0.043506986338044014,0.0,0.04101877938948868,0.032428193458791096,0.13374228956875264,0.02900465755869601,0.0,0.0,0.10637584764034892,0.2900465755869601,0.3204646296329055,0.3204646296329055,0.18200167030469744,0.05979463192957018,0.014502328779348005,0.08471708647069953,0.25709613213250365,0.12465101884715236,0.3204646296329055,0.3204646296329055,0.3204646296329055,0.0,0.0,0.25313151999909533,0.0,0.10078567077762815,0.04553032921267221,0.030542672898810047,0.0,0.028795907670260586,0.022765164606336104,0.0938894496460311,0.24660282384933557,0.09106065842534442,0.0863877205834682,0.17821541980244732,0.17307514642659028,0.25313151999909533,0.25313151999909533,0.25313151999909533,0.24492780272762485,0.010180890966270015,0.05947289111018464,0.18048602599729816,0.08750721701500283,0.25313151999909533,0.25313151999909533,0.25313151999909533,0.0,0.0,0.10511317277241465,0.05947289111018464,0.05759181534052117,0.10991993326537966,0.25313151999909533,0.25313151999909533,0.25313151999909533,0.22906895930460128,0.10636650156429234,0.2178436288483134,0.08044102645318195,0.07631305370345035,0.15743166749059634,0.1528908605850225,0.22673674385988699,0.22673674385988699,0.22673674385988699,0.21636395122801994,0.22673674385988699,0.22673674385988699,0.1526261074069007,0.22673674385988699,0.14389728055060944,0.1539812992287213,0.07631305370345035,0.03242681367055452,0.0,0.0928547152829541,0.05253707242808658,0.05087537056512461,0.09710090408341959,0.22673674385988699,0.22673674385988699,0.22673674385988699,0.20235459015630985,0.09396187897192108,0.22629895404126568,0.0,0.05087537056512461,0.18587186077477405,0.20685234079150103,0.048550452041709796,0.210312864157785,0.2101482897123463,0.11376078171365722,0.2511725019407455,0.22615161554028523,0.14961206160002083,0.22641073683456628,0.14105561078366252,0.1509404912230442,0.07480603080001041,0.03178645204805932,0.0,0.2511725019407455,0.2511725019407455,0.19948275440507413,0.19399787461158627,0.14105561078366252,0.05913936145140798,0.0763408746636533,0.08328602317865971,0.18434563162232648,0.22183002388824166,0.0,0.04987068860126853,0.18220128100239208,0.20276744050151485,0.04759168234703158,0.20615962578253302,0.20599830133754066,0.11151424465039247,0.099836996491306,0.01971312118443346,0.04987068860126853,0.0,0.017631951347957815,0.2470394486513221,0.2511725019407455,0.2511725019407455,0.2511725019407455,0.25403274765658707,0.25403274765658707,0.19816700044883506,0.1927182979795941,0.1401252322229101,0.058749288389547544,0.07583734337764807,0.08273668288694598,0.18312971952583554,0.0,0.03916619365171748,0.11146893462042672,0.07833238730343496,0.12260957819504632,0.17794277233100161,0.25403274765658707,0.25403274765658707,0.25403274765658707,0.09917848882479503,0.01958309682585874,0.049541750112208766,0.0,0.017515654027863762,0.24541001891500488,0.25403274765658707,0.25403274765658707,0.25403274765658707,0.25403274765658707,0.11749857677909509,0.13039007415632942,0.058749288389547544,0.1839143672925695,0.0864439694431727,0.13066029012291816,0.2004539263807587,0.02769468105362517,0.0,0.04011497569066461,0.11416921548021344,0.08022995138132923,0.12557973574032116,0.18225334965820914,0.2346663155232284,0.2346663155232284,0.2346663155232284,0.1984438432562638,0.10479842459524046,0.2346663155232284,0.2346663155232284,0.07175984899446923,0.2346663155232284,0.2346663155232284,0.1543832729793233,0.11984178481544981,0.2346663155232284,0.12034492279477352,0.1335487104414024,0.06017246139738676,0.18836960361048175,0.08853803266290507,0.13382547225868102,0.2053098254930829,0.02836557126551832,0.2346663155232284,0.07236101230882203,0.15222560353140338,0.2346663155232284,0.2346663155232284,0.13696108535792523,0.19725280848917254,0.0,0.06534975000700605,0.1597662592208785,0.0843727474487641,0.23130974139397395,0.19934415881031434,0.05777353657324708,0.24993866787309676,0.20628285820692868,0.1242932892522664,0.09648409012917833,0.24993866787309676,0.09444302353918974,0.24993866787309676,0.24993866787309676,0.2467329179423017,0.016148194621884954,0.12942561520533633,0.10044390766280023,0.02283699578375332,0.19765278686805593,0.058257530494847054,0.12255615913690078,0.24993866787309676,0.20280505798508108,0.11026676316790422,0.15880736240544815,0.0,0.05261279427125475,0.0814995625578783,0.016148194621884954,0.030639043227796325,0.09195693047845017,0.2316918400459891,0.24993866787309676,0.24993866787309676,0.24070509820535255,0.04567399156750664,0.2498637080739183,0.0822398410120074,0.26856233491737963,0.2699073036106156,0.21485203653590745,0.014061652291168965,0.11270225812869424,0.08746533822464608,0.019886179328729586,0.1723599834888556,0.2699073036106156,0.2699073036106156,0.07030825995653481,0.0,0.04218495537419688,0.026680107745262995,0.1156557309328546,0.15128769700971093,0.07096883195958685,0.014061652291168965,0.026680107745262995,0.08007498128606443,0.2017544480800627,0.2699073036106156,0.2699073036106156,0.2096030841174153,0.03977235865745917,0.2334509412717412,0.0,0.0,0.03999005847144052,0.02515424794989573,0.05624660916467586,0.2699073036106156,0.2699073036106156,0.2230306886989836,0.18308135864650318,0.269607498311007,0.269607498311007,0.07468167202363542,0.0,0.044809002577152375,0.02833970087467357,0.12284990939216768,0.16069830452745015,0.269607498311007,0.26704517835326147,0.13225193316828418,0.014936334723241518,0.0,0.0,0.14169849800307913,0.269607498311007,0.13957514062881937,0.24797238106082153,0.0,0.0,0.042477575647817484,0.02671892742839404,0.05974533889296607,0.269607498311007,0.269607498311007,0.2369039534603772,0.1755793117006506,0.044809002577152375,0.018893134447306437,0.027541239332003784,0.08015678228518212,0.1597375885461262,0.13225193316828418,0.269607498311007,0.269607498311007,0.25416399712250376,0.25416399712250376,0.15355895398115713,0.017342717656118483,0.0,0.0,0.16452744858078217,0.25416399712250376,0.16206199851507605,0.07811018480590744,0.06264972660845997,0.04387398949340264,0.0,0.10082668706317537,0.17072013499305427,0.25416399712250376,0.25416399712250376,0.17726090548046136,0.20386677759315544,0.05202815111920503,0.02193699474670132,0.03197839004580558,0.09307078805831571,0.18547280497899013,0.15355895398115713,0.25416399712250376,0.25416399712250376,0.03877949502429822,0.10123560079053959,0.25416399712250376,0.25416399712250376,0.20284646077079221,0.150787373365054,0.04387398949340264,0.23997734203948745,0.10555730941085553,0.07093866653622093,0.05689767698676382,0.039845793708207476,0.0,0.09156950209885505,0.15504583374606193,0.23458719774039438,0.2774037817108213,0.1609860774882715,0.0651202849368365,0.27887395363145884,0.129498823673863,0.27887395363145884,0.20427042775898435,0.04454895297715397,0.16036954546310794,0.08839854045341662,0.07208172282227299,0.03521903926879041,0.09194087229365941,0.27887395363145884,0.261277028986193,0.1842225501633119,0.1369431556665223,0.039845793708207476,0.21794433959526796,0.09586579255143503,0.0,0.27887395363145884,0.27887395363145884,0.27887395363145884,0.19780957787218795,0.03591651379381461,0.019922896854103738,0.0,0.0,0.05251931843140029,0.24790635543024353,0.10444042073243678,0.2527768814200155,0.1647434996944228,0.03592859965926138,0.12933756713511477,0.07129316309729196,0.058133697628301485,0.25916772803437726,0.276409067752829,0.276409067752829,0.1358496064214222,0.07385053434577574,0.03592859965926138,0.07230490791114307,0.05107455225486382,0.16311255080156606,0.0,0.276409067752829,0.276409067752829,0.276409067752829,0.15953284324733785,0.028966562826203232,0.01606775776505759,0.0,0.0,0.155473240883948,0.276409067752829,0.276409067752829,0.276409067752829,0.011361620668580883,0.12266790694592011,0.05722616659350923,0.012702678261260066,0.0,0.2310799407489369,0.266449945025635,0.266449945025635,0.1211266512258989,0.06584684455248051,0.03203477046861763,0.06446872827371476,0.045539252121957474,0.1454349230149295,0.266449945025635,0.266449945025635,0.20956014024592753,0.022652003489998015,0.015195425665957042,0.03397800402737308,0.1555091343978217,0.1065586393280898,0.2277739687945663,0.13862353759856397,0.266449945025635,0.266449945025635,0.261626952346751,0.010130283777304695,0.10937354308673555,0.05102417375037848,0.011326001744999007,0.0,0.266449945025635,0.266449945025635,0.266449945025635,0.03397800402737308,0.030390851331914083,0.011326001744999007,0.04691539755846613,0.07483859980864052,0.12051437623136302,0.2505055890245489,0.27509544717752343,0.17990999743334285,0.01944702787926681,0.013045462697976077,0.029170540782139986,0.13350653391212916,0.09148192259042784,0.19554679670056718,0.27509544717752343,0.27509544717752343,0.27509544717752343,0.0,0.008696975131984051,0.0,0.05534720832236273,0.1256229096191333,0.09300392807366867,0.23202690556464511,0.27509544717752343,0.24651059522546087,0.029170540782139986,0.026090925395952154,0.009723513939633405,0.04027745469354317,0.06424987253628804,0.10346309700413929,0.27509544717752343,0.2506693639640441,0.018449069440787575,0.0,0.0,0.07309259127390412,0.27509544717752343,0.16219893124530604,0.23286180442818555,0.27994537354822274,0.27994537354822274,0.27994537354822274,0.0,0.008839094466799558,0.0,0.05625165018994283,0.12767574340119184,0.09452372733633983,0.07125682852851978,0.0,0.27994537354822274,0.27994537354822274,0.12474127557891145,0.06870928435848143,0.08249017035861597,0.044195472333997794,0.04617392882035763,0.27994537354822274,0.25476561153570626,0.01875055006331428,0.0,0.0,0.0742870146560737,0.27994537354822274,0.16484946247789448,0.23666705444293662,0.24780080877338495,0.14302019276499967,0.13530727832003495,0.0775167045380009,0.0,0.12200350444841908,0.1603712113891072,0.27994537354822274,0.0870328152945177,0.08381901941898605,0.0,0.2686119302755181,0.2686119302755181,0.14673248327229568,0.080822357082636,0.09703273825043937,0.051986893471016135,0.05431414106362324,0.0902976884968081,0.08686076354457521,0.14941888790614988,0.2686119302755181,0.18318409202281108,0.1436920182736859,0.2686119302755181,0.21151524742816086,0.08082236204049251,0.2686119302755181,0.16823387403326043,0.15916121476691764,0.0911824774851718,0.0,0.14351205799811115,0.18864378276798857,0.2686119302755181,0.10237622675475178,0.2686119302755181,0.15842560768091893,0.014704113710821075,0.03968894527325316,0.06238427216521938,0.05612864217818145,0.06285648320844818,0.2686119302755181,0.25025984498280407,0.07183922204851241,0.06910486617608873,0.11887498833274258,0.24178280723278325,0.14573797936197486,0.11431879352844253,0.25074452145849835,0.16827773866187967,0.06430082220008813,0.33946760108450846,0.0833830468998294,0.03245999576271905,0.0,0.0,0.044545910803400486,0.05567938189926098,0.2425008898193009,0.33946760108450846,0.33946760108450846,0.1260405731068338,0.011698329242786661,0.03157581328847944,0.04963180846617625,0.0446549414037593,0.050007491106042204,0.2523620019718598,0.19910224583635347,0.33946760108450846,0.08336046136992364,0.0,0.0,0.0,0.0,0.0,0.07413470234103872,0.33946760108450846,0.3180946094188149,0.058867062068278006,0.022916224056858413,0.0,0.0,0.03144868164030976,0.03930872943662913,0.17120164665792084,0.3180946094188149,0.3180946094188149,0.15054163223496458,0.0,0.0,0.0,0.0,0.0,0.15973743272408347,0.3180946094188149,0.3180946094188149,0.05885111705499007,0.0,0.0,0.0,0.0,0.0,0.05233788265576285,0.3180946094188149,0.1224306684870728,0.0,0.0,0.0,0.0,0.06807676362381905,0.3180946094188149,0.3180946094188149,0.2840539011690144,0.2967902313221465,0.1596106182809731,0.0,0.0,0.0,0.0,0.0,0.1693603956672438,0.2967902313221465,0.1432758492738841,0.0529017485684884,0.0,0.022554386369918158,0.13647321677841182,0.037479948723407985,0.039741626422425944,0.2967902313221465,0.2967902313221465,0.1298061832043556,0.0,0.0,0.0,0.0,0.07217786981083196,0.2967902313221465,0.2967902313221465,0.2967902313221465,0.0,0.0,0.0,0.05710046134761929,0.25145935430434485,0.1204555262803892,0.2967902313221465,0.2967902313221465,0.06764683220600445,0.31709767496596264,0.07771837537551979,0.06190365439830096,0.1528116069090519,0.14432047102171372,0.0,0.05442665705438897,0.021514025899162712,0.0,0.31709767496596264,0.0992323989807704,0.06190365439830096,0.05193945073534474,0.04810682367390457,0.0,0.05442665705438897,0.30119640387869595,0.31709767496596264,0.2982623067782083,0.0,0.10885330493312949,0.31709767496596264,0.31709767496596264,0.0,0.0,0.043028051798325424,0.0,0.31709767496596264,0.2250576072058432,0.20525712677043018,0.1312975833038013,0.09621364734780914,0.06454207540357602,0.027213328527194484,0.0,0.0,0.3247702303902002,0.07250090395821515,0.0452278786796586,0.03794785944997055,0.03514767594797766,0.0,0.039765055328669766,0.22005929287672232,0.3247702303902002,0.3247702303902002,0.0,0.0452278786796586,0.031437037529890015,0.028118140758382128,0.0,0.07057322801901053,0.3213665720576162,0.3247702303902002,0.3247702303902002,0.16443097347932192,0.14996440061482244,0.09592828123503609,0.07029535189595532,0.04715555461886323,0.019882527664334883,0.0,0.0,0.3247702303902002,0.3247702303902002,0.12475798598505453,0.031437037529890015,0.028118140758382128,0.0,0.0,0.06320055436479302,0.04445868472199468,0.3184335627794101,0.0,0.04018358613719922,0.027930845804821098,0.024982107588665474,0.0,0.06270215340339542,0.28552436476976817,0.3184335627794101,0.3184335627794101,0.0,0.017665017381953363,0.055861691609642196,0.0,0.05977690941259483,0.11084365268691337,0.2579587679532431,0.3184335627794101,0.3184335627794101,0.3184335627794101,0.11084365268691337,0.027930845804821098,0.024982107588665474,0.0,0.0,0.056151758481182264,0.03950018084479264,0.3184335627794101,0.23244591542024096,0.13248763259822469,0.027930845804821098,0.0999284303546619,0.0,0.09776450171197998,0.022518567266196207,0.07121908854687697,0.3049835681444503,0.0,0.02289773988245573,0.07240901360098778,0.0,0.07748399523824083,0.14367770333694133,0.3049835681444503,0.3049835681444503,0.008095573710914896,0.0,0.10933109447832533,0.07240901360098778,0.14572032679646812,0.1523162317948596,0.24671750675116716,0.2538075417970192,0.2163822515163289,0.3049835681444503,0.3013009267383711,0.17173305201362074,0.03620450680049389,0.12952917937463834,0.0,0.1267242528855795,0.029189005854797875,0.09231557087953711,0.048573442265489375,0.0,0.05724435067120691,0.09800946194344286,0.08905131082006384,0.1523162317948596,0.3049835681444503,0.13780252625627956,0.19886366520446166,0.011674784509453199,0.0,0.15766850056546106,0.10442244867634742,0.21014612117015757,0.2196582042232984,0.2582190576942722,0.2582190576942722,0.2582190576942722,0.10507306058507879,0.0,0.033021276616968985,0.026105612169086856,0.1400974141134384,0.14134135379861015,0.2582190576942722,0.026105612169086856,0.0,0.0700487070567192,0.0,0.08255319293416523,0.14134135379861015,0.1284226296039852,0.2196582042232984,0.2582190576942722,0.19872770681233354,0.2582190576942722,0.2470650262924203,0.06819964875038476,0.19068977996591557,0.23047148882601767,0.09339827607562559,0.20436586830647416,0.2582190576942722,0.0943052581359861,0.03691891068923378,0.1217601362178019,0.0,0.038265518455249295,0.030251549503341604,0.16234684829040252,0.1637883430433854,0.2836725757497971,0.030251549503341604,0.0,0.05411561609680084,0.030251549503341604,0.07653103691049859,0.030251549503341604,0.2836725757497971,0.2836725757497971,0.22097396557561708,0.030251549503341604,0.0,0.2836725757497971,0.07903070944744447,0.2209739913799537,0.26707359353117177,0.10823123219360169,0.23682203435120391,0.2836725757497971,0.109282255725244,0.042782151481103134,0.06764452012100106,0.030251549503341604,0.26785858725469813,0.2836725757497971,0.2705780804840042,0.15125774429116595,0.057398276070102915,0.030251549503341604,0.0,0.05434406342380869,0.03037925544333353,0.07685411021311182,0.03037925544333353,0.31974669191143335,0.31974669191143335,0.2219068000403264,0.03037925544333353,0.0,0.13806485946632183,0.0,0.0,0.05601657705159868,0.3124783646869,0.31974669191143335,0.24977582094228953,0.1587286700740128,0.0,0.06793007927976087,0.03037925544333353,0.26898934363682964,0.31974669191143335,0.2717203171190435,0.15189627397750904,0.05764058104025457,0.03037925544333353,0.0,0.13586015855952174,0.06075851088666706,0.0874121347002288,0.03037925544333353,0.31974669191143335,0.10372125936132368,0.0,0.0,0.0,0.13399740209320687,0.0,0.0,0.054366301664900696,0.3032726012993331,0.3137653643526146,0.24241730474602757,0.1540524468705643,0.0,0.026371530547768092,0.0,0.0,0.09671873939263657,0.2637153054776809,0.3137653643526146,0.3137653643526146,0.1654790303409784,0.054366301664900696,0.13185765273884045,0.0589685358413099,0.08483693103754088,0.02948426792065495,0.3137653643526146,0.10066558101732843,0.0,0.0,0.0,0.052743061095536184,0.02948426792065495,0.03729497552291368,0.1301498520817148,0.3137653643526146,0.3137653643526146,0.20512233865430818,0.02948426792065495,0.0,0.02223904376842533,0.0,0.0,0.08156266374769851,0.22239043768425334,0.2722294517101138,0.2722294517101138,0.1395480399532996,0.0458469621269467,0.011119521884212665,0.06495601577583537,0.19712600031967634,0.09557497647785577,0.2722294517101138,0.2722294517101138,0.2722294517101138,0.0,0.0,0.04447808753685066,0.02486400717545454,0.03145075677325919,0.10975503494787874,0.2722294517101138,0.2722294517101138,0.17297913971857035,0.02486400717545454,0.0,0.266868525221104,0.0,0.015725378386629595,0.2722294517101138,0.2722294517101138,0.2722294517101138,0.09435226766867696,0.02486400717545454,0.03516301607261573,0.009378423819977864,0.05478518338705411,0.16625995219810827,0.08060981805938623,0.24815448175689728,0.24815448175689728,0.24815448175689728,0.0,0.0,0.0968280562662218,0.05478518338705411,0.05305237573162959,0.1012559434966719,0.24815448175689728,0.24815448175689728,0.24815448175689728,0.2110135342257663,0.09798259653533502,0.22508217167946878,0.0,0.013263093932907397,0.2452443125050806,0.24383901931942448,0.24815448175689728,0.0795785613614539,0.02097079349117126,0.029657180493155168,0.24815448175689728,0.08388317396468505,0.24815448175689728,0.24815448175689728,0.009378423819977864,0.0629123782375233,0.24815448175689728,0.08388317396468505,0.09798259653533502,0.09322001834205071,0.05274376040527198,0.0510755211815309,0.09748291222586694,0.24537441052558331,0.24537441052558331,0.24537441052558331,0.20315068059265534,0.09433153776331701,0.22718924485665107,0.0,0.0510755211815309,0.18660310591546614,0.20766612598961584,0.04874145611293347,0.2111402635247433,0.21097504162108793,0.11420833207702416,0.24537441052558331,0.08075749237470974,0.24537441052558331,0.24537441052558331,0.009028961999548514,0.06056811712836001,0.24537441052558331,0.08075749237470974,0.09433153776331701,0.0,0.21120045224199113,0.2113186942255744,0.24537441052558331,0.0632027339968396,0.08912020230028833,0.24537441052558331,0.10094686331571487,0.10300681570550443,0.20391778011908923,0.0,0.04584374979693672,0.16748896342174344,0.18639445473949703,0.04374876784591077,0.1895127291738287,0.18936443129185057,0.10250973615826402,0.09177539785381389,0.018121333806344772,0.04584374979693672,0.0,0.01620821345560844,0.2270916041383141,0.27314303868635,0.27314303868635,0.27314303868635,0.0,0.18956675263615028,0.18967288284853948,0.27314303868635,0.056728747094629536,0.07999143545860032,0.2584384901544181,0.09060666709955424,0.09245561430100274,0.0,0.018121333806344772,0.04584374979693672,0.13648493703875986,0.056728747094629536,0.27314303868635,0.27314303868635,0.27314303868635,0.18717869919853844,0.09021533093983385,0.017813293809029827,0.04506446342015738,0.0,0.015932694110139645,0.22323133105485488,0.26614443447123043,0.26614443447123043,0.26614443447123043,0.26614443447123043,0.10687975905552868,0.11860620010114419,0.05343987952776434,0.1672932881564663,0.07863168115865699,0.11885199556687359,0.1823381009421889,0.02519180163089265,0.0,0.017813293809029827,0.04506446342015738,0.13416486390903087,0.055764429385488756,0.26614443447123043,0.26614443447123043,0.26614443447123043,0.1839968955512625,0.1048552683829406,0.03562658761805965,0.19910172701158294,0.24576282772610225,0.14339424699125683,0.26614443447123043,0.23738909821922452,0.09997624396267815,0.07557540109402766,0.2383484836076577,0.1237814711585494,0.13736230383357592,0.0618907355792747,0.19374865274724204,0.09106630908881223,0.13764696881243577,0.21117261661447131,0.02917557350953753,0.2383484836076577,0.07442734059817672,0.15657253098452695,0.2383484836076577,0.2383484836076577,0.14087212192562817,0.2028855248557753,0.0,0.06721586592817969,0.12143683232315007,0.041260491852636416,0.23058720282946582,0.2383484836076577,0.16607027378335035,0.2383484836076577,0.2383484836076577,0.11578625053015777,0.08752671612925272,0.13365734773573892,0.07452576307688122,0.16962025803089034,0.2383484836076577,0.2383484836076577,0.2383484836076577,0.11742941143647478,0.0618907355792747,0.0,0.22611240262400123,0.06664591175192697,0.1402027668717517,0.2855475338452716,0.23200653859699152,0.12614384620901134,0.18167370588023704,0.0,0.060188401640788404,0.0932345159143579,0.018473339748211238,0.035050695657341736,0.105197618601203,0.2650526686281762,0.2855475338452716,0.2855475338452716,0.27536372717775554,0.052250495094974,0.11968338154501906,0.06673404409385167,0.15188634522221164,0.2855475338452716,0.24784585705177115,0.22327894704324122,0.1051520869720252,0.05542001727493181,0.0,0.09355813005812824,0.036946679496422476,0.035050695657341736,0.09425155967349362,0.2855475338452716,0.05542001727493181,0.20619773941775368,0.036946679496422476,0.0783757387030572,0.07584718373105177,0.015028241207320363,0.028514081157085463,0.0855792838935716,0.2156229188159594,0.2864639764692526,0.2864639764692526,0.22401106503629215,0.04250628495939466,0.2494982085221262,0.0,0.0,0.04273894931828761,0.02688333474275882,0.060112964829281454,0.2864639764692526,0.2864639764692526,0.23836167450308,0.07611044697835671,0.030056482414640727,0.028514081157085463,0.07667455870163183,0.2864639764692526,0.04508472201958948,0.16774386259389001,0.030056482414640727,0.06375942423434874,0.2864639764692526,0.06042510682041333,0.009504693986090424,0.09147012753820113,0.06720833685689705,0.10285191414756906,0.17306289031250643,0.2864639764692526,0.2864639764692526,0.24979047610415506,0.0,0.0,0.04278901464520799,0.026914826460830384,0.06018338245265161,0.26298763168119865,0.26298763168119865,0.2386408965089935,0.17686663198587446,0.04513753523524004,0.019031655979199365,0.027743167427796422,0.08074447938249116,0.16090875977385471,0.1332215838331522,0.26298763168119865,0.26298763168119865,0.26298763168119865,0.06049589009364341,0.009515827989599683,0.09157727761820299,0.06728706615207596,0.10297239709785962,0.17326561991441491,0.26298763168119865,0.26298763168119865,0.0985695622899555,0.03930654371650079,0.07706887616485314,0.23466854578930163,0.26298763168119865,0.26298763168119865,0.18174297041433593,0.06939823173432925,0.0,0.1842566331213529,0.047023512442448706,0.01982685379416963,0.028902357471114245,0.08411821804433144,0.16763199470000054,0.13878796820279327,0.2662393397558464,0.2662393397558464,0.03504925751847143,0.09149764946453177,0.2662393397558464,0.26001748096272587,0.18333446157076852,0.1362829886334065,0.03965370758833926,0.21689368710113852,0.0954036487112559,0.10268808464246211,0.04094888517704193,0.08028903745798953,0.2444736786194587,0.2662393397558464,0.2662393397558464,0.18933671912005243,0.07229789124363595,0.0,0.15516966953265754,0.09757227338738086,0.2662393397558464,0.2662393397558464,0.2662393397558464,0.015674504704575844,0.01982685379416963,0.015674504704575844,0.0,0.028872667043160428,0.07537338463814754,0.29210454344695347,0.21419564021524817,0.15102616264211075,0.1122663826012703,0.032665693292406595,0.17867138007514927,0.07859104525940512,0.0,0.29210454344695347,0.29210454344695347,0.29210454344695347,0.16216484601591324,0.029444458612442548,0.016332846646203297,0.0,0.0,0.12782473926166765,0.08037750188212642,0.29210454344695347,0.29210454344695347,0.29210454344695347,0.012912249429625218,0.016332846646203297,0.012912249429625218,0.0,0.05197080067768878,0.22066289118408097,0.29210454344695347,0.29210454344695347,0.023098133634528343,0.047705136829900255,0.008166423323101649,0.0,0.0,0.0,0.2622080758723614,0.309223059189343,0.309223059189343,0.12681130266777113,0.023025274865211567,0.012772124232614082,0.0,0.0,0.12358435921502715,0.28308999545699765,0.309223059189343,0.23324321265545747,0.009031255809601806,0.09750767778408938,0.045488593976569076,0.010097251104479687,0.0,0.040640651143208126,0.17255619432305325,0.309223059189343,0.309223059189343,0.018062511619203612,0.03730494428336382,0.006386062116307041,0.0,0.0,0.055367451596129075,0.05275715997078927,0.24314765913172443,0.309223059189343,0.25880449093116153,0.10163057573664436,0.06098376638658821,0.0,0.0,0.10389711919647385,0.23799318286021878,0.3343662512981487,0.19608709403807736,0.00759255837311451,0.08197450620493289,0.038242168349479355,0.008488738447343033,0.0,0.20256213199390882,0.3343662512981487,0.21520655807757078,0.025466214436925608,0.02277767511934353,0.008488738447343033,0.03516267682042193,0.056090870710084055,0.09032446241891554,0.046547303838660396,0.044352836983323006,0.20441374202699758,0.3343662512981487,0.21757640864628172,0.08544061812016476,0.051268928249189355,0.0,0.0,0.0,0.0,0.0,0.3343662512981487,0.3343662512981487,0.3343662512981487,0.054131824892787866,0.08590750670420487,0.01935730170385165,0.15894739100388278,0.307877237023362,0.16886927776996377,0.019982946978542162,0.017873291506739167,0.006660982562920986,0.02759161194791747,0.04401364396565525,0.0708762171092601,0.36868198459908746,0.17171819496419036,0.012638325055133062,0.0,0.0,0.050071247799593516,0.19557685232745312,0.11111253189504211,0.15951932896852922,0.0,0.0,0.0,0.36868198459908746,0.36868198459908746,0.27216615368605845,0.042476410829080324,0.06741029986143975,0.015189377068734427,0.017873291506739167,0.0,0.0,0.03398454226848927,0.2887335707412421,0.36868198459908746,0.1529445707611221,0.037384440232168546,0.0275398823061547,0.3737285430238946,0.1713577884716961,0.01261179941872585,0.0,0.0,0.049966156997782875,0.19516637068120066,0.1108793261016735,0.15918452576464875,0.16667319547934217,0.09619675038273831,0.09100897031307488,0.052138477321080894,0.0,0.0820607246875144,0.10786721156168583,0.1980827329410062,0.058539104486807665,0.01783577859028547,0.0,0.0,0.03391321465128153,0.28812756941728285,0.4152871021145317,0.1526235668261253,0.037305976823088643,0.027482080904342062,0.0,0.0,0.0,0.03323501091216118,0.4152871021145317,0.4152871021145317,0.05305606743049786,0.11081483732652006,0.0,0.17999680523890013,0.10388657692353966,0.09828409335600528,0.05630635040520703,0.0,0.08862053815469231,0.1164899575801223,0.21391717486325165,0.06321863427930441,0.30903285593835517,0.09782984653702045,0.009079978980985028,0.024508433214400147,0.03852308892220958,0.03466015709835384,0.03881468530342847,0.19587768697113064,0.15453866699603647,0.0,0.0,0.0,0.03589176873380605,0.3637438089429798,0.3637438089429798,0.05729729131648474,0.11967321220714353,0.0,0.056976062289207596,0.06498352638990361,0.11265345603144178,0.3637438089429798,0.3637438089429798,0.3637438089429798,0.0,0.0,0.0,0.3316527205820907,0.11327608766896882,0.010513606342960334,0.028378041341124767,0.04460545480238875,0.04013260914814617,0.044943090998418214,0.2268045880388887,0.17893859809198634,0.3316527205820907,0.07491831160003812,0.0,0.0,0.0,0.0,0.0,0.06662687128991716,0.3316527205820907,0.0659719467561732,0.07524370008692505,0.13044017969302416,0.3316527205820907,0.3316527205820907,0.3316527205820907,0.0,0.0,0.0,0.1637504036376982,0.15234949153397548,0.053015089936889095,0.24610438276386773,0.18957318291015218,0.03880788558353462,0.013402271083306449,0.20753959027858207,0.07767044097036774,0.32091714390054843,0.07320487777245194,0.0,0.0,0.0,0.0,0.0,0.06510306846179367,0.32091714390054843,0.152291452918748,0.0,0.0,0.0,0.0,0.08468065534880469,0.32091714390054843,0.32091714390054843,0.32091714390054843,0.160005318158842,0.1488651528344667,0.051802598003603935,0.24047580457598697,0.18523751253178672,0.03792032228271019,0.013095751833870965,0.20279301568350644,0.07589406403234158,0.032688972799727066,0.058678066497974704,0.013095751833870965,0.016243281415116384,0.0,0.1921972564528332,0.32091714390054843,0.32091714390054843,0.07845808760141741,0.14332826357258735,0.0,0.0,0.0,0.0,0.07969673318310533,0.2879823519120233,0.2879823519120233,0.2879823519120233,0.0,0.0,0.0,0.0630486913035842,0.27765420507577493,0.1330035364518062,0.2879823519120233,0.2879823519120233,0.07469369144772342,0.030765047017156908,0.05522453965580478,0.012324994834264812,0.015287274993637578,0.0,0.18088539115518942,0.2879823519120233,0.2879823519120233,0.07384039776110601,0.0,0.0,0.0,0.0,0.17775360498801768,0.08150206540164036,0.20389246415281365,0.2879823519120233,0.2879823519120233,0.28813985213585436,0.0,0.10515903107815229,0.2922439262014949,0.2922439262014949,0.0,0.0,0.04156776166853277,0.0,0.2922439262014949,0.21741958064638284,0.1982910908063263,0.12684159338673906,0.0929483393986627,0.06235164028673806,0.026289759985599175,0.0,0.0,0.00929483393986627,0.10391940195527083,0.23660781549372042,0.2922439262014949,0.2922439262014949,0.05878569215891315,0.11238228223662675,0.020783880834266386,0.0,0.1435834474708071,0.2922439262014949,0.2922439262014949,0.2922439262014949,0.01858966787973254,0.0,0.026289759985599175,0.0,0.0,0.32239233670890827,0.1707920990375951,0.15576587682941181,0.09963933292203556,0.07301477604160997,0.04897979975561247,0.020651696952897043,0.0,0.0,0.32239233670890827,0.32239233670890827,0.12958433467384348,0.03265320099761359,0.02920591041664398,0.0,0.0,0.0656455113772106,0.046178599587717056,0.11279075374760363,0.23216641285540215,0.32239233670890827,0.32239233670890827,0.01460295520832199,0.0,0.020651696952897043,0.0,0.0,0.32239233670890827,0.32239233670890827,0.26586526494375484,0.1863552978186948,0.0,0.0,0.0,0.016326600498806795,0.053194062451324284,0.34791841892956893,0.34791841892956893,0.1262633663804723,0.03181636955912924,0.028457425634769416,0.0,0.0,0.06396315785481484,0.044995141221016464,0.34791841892956893,0.2647819976237148,0.15091828977236568,0.03181636955912924,0.11382970253907766,0.0,0.11136474484047233,0.02565117659128469,0.08112653861991775,0.34791841892956893,0.34791841892956893,0.2590517089887915,0.18157941162137547,0.0,0.0,0.0,0.01590818477956462,0.05183081283291103,0.34791841892956893,0.08928391231715369,0.07595726978968376,0.01590818477956462,0.021343069226077063,0.01590818477956462,0.020122438297076477,0.02565117659128469,0.0674927084391352,0.32929067232235015,0.32148254579379515,0.18323600712392388,0.0386295427014672,0.13820525144318047,0.0,0.1352124464816143,0.031144132256647913,0.09849901579802084,0.051826969291192675,0.0,0.06107866904130796,0.1045742928126396,0.09501611036718657,0.16251861716193405,0.32929067232235015,0.1470327603610495,0.21218387227639937,0.32929067232235015,0.10840321354074485,0.09222279717911841,0.0193147713507336,0.025913484645596337,0.0193147713507336,0.02443146720463944,0.031144132256647913,0.08194563046679054,0.0,0.10091781133360048,0.28217143846376985,0.3250372343238681,0.0,0.23177728092182792,0.26874610424091544,0.13206194770908583,0.0,0.06263387069766953,0.0,0.07381472448494387,0.12638000685562317,0.11482876294572748,0.19640681661496368,0.2557653912415039,0.17769186635307258,0.2557653912415039,0.2209125558618205,0.06098053998340486,0.170504774800216,0.20607548714553348,0.08351182759689271,0.18273321390729144,0.24431947937438864,0.08432280326626128,0.03301094874650469,0.0,0.12196107996680972,0.2557653912415039,0.2557653912415039,0.0,0.2557653912415039,0.2557653912415039,0.15959935666735817,0.0,0.2557653912415039,0.1274714356937692,0.18526771571505057,0.2557653912415039,0.0,0.14972227013847958,0.14762944896988775,0.023342265771702824,0.0,0.23412103912430623,0.06462660002089751,0.18069934909834345,0.21839685390602193,0.088505045717655,0.19365893330779668,0.2589274754723305,0.08936451006849913,0.03498469153489428,0.05531565357353437,0.02473791268525753,0.219038774948411,0.27262381613209286,0.2212626142941375,0.12368956078863173,0.04693688637501586,0.02473791268525753,0.0,0.27262381613209286,0.1350930229695025,0.19634497437314088,0.27262381613209286,0.0,0.1586742470482142,0.15645629495046862,0.02473791268525753,0.0,0.12305637566260137,0.11410242011610076,0.26752490434540793,0.27262381613209286,0.27262381613209286,0.045614455384341425,0.16505372382354605,0.03988868469798408,0.10495406932937104,0.04356907837011598,0.01948468447659716,0.1725247183265225,0.30871360578092427,0.1742763134804639,0.09742342030545023,0.03696958724719322,0.01948468447659716,0.0,0.08713815674023195,0.03896936895319432,0.05606450320142787,0.01948468447659716,0.357266442634951,0.0665248697730733,0.0,0.0,0.0,0.0969246954310865,0.08987216028550757,0.210714558545134,0.3695078871166087,0.2527006545466726,0.03592798155785303,0.1300036818508854,0.03141810893325165,0.08266651076977914,0.008713815674023195,0.01948468447659716,0.3449249507227959,0.3695078871166087,0.3695078871166087,0.07459569234896178,0.0,0.0,0.0,0.0575886290716352,0.025754418245171048,0.03705240046077132,0.012877209122585524,0.23611337919370431,0.04396553923927032,0.0,0.0,0.0,0.02303545162865408,0.012877209122585524,0.016288523775549783,0.05684274973487575,0.18428361302923263,0.312053946181569,0.08958686909485457,0.012877209122585524,0.0,0.00575886290716352,0.012877209122585524,0.2279570258060782,0.4365117942070469,0.4365117942070469,0.04929945522984378,0.0,0.0,0.0,0.0,0.0,0.112355965844824,0.2779316333709968,0.4365117942070469,0.2774619287513295,0.0,0.0,0.0,0.019761695505502407,0.011047123787435007,0.013973628660535998,0.048764362429898886,0.15809356404401925,0.2677054118643695,0.07685494762089283,0.011047123787435007,0.0,0.11857017303301443,0.0,0.006986814330267999,0.12919130978752028,0.12845102078576562,0.19459971269296356,0.041920884803719145,0.011047123787435007,0.015622992245482711,0.0,0.0,0.09638814211439758,0.23843249954745868,0.5037426649049315,0.23802954848658836,0.0,0.0,0.0,0.0,0.0,0.0,0.040739777970641274,0.5037426649049315,0.37997027997099436,0.1655668446986899,0.05633626536142909,0.0,0.10858202572474221,0.0,0.006398257115909939,0.11830845619880964,0.11763052786847072,0.1782069678161928,0.03838954161679412,0.010116533092497788,0.01430693826704728,0.12491429008786072,0.04046613236999115,0.1996130762735525,0.12630776197227483,0.0045242510718642584,0.030349598198827852,0.1471599023399407,0.04046613236999115,0.047267843286706884,0.0,0.0,0.0,0.0373079291905626,0.46679037617246516,0.3479622375431655,0.15161977865404566,0.05159059532625767,0.0,0.02262125535932129,0.048937259382414305,0.012796514231819878,0.010116533092497788,0.46679037617246516,0.46679037617246516,0.11253072676734749,0.09719641784800777,0.01430693826704728,0.11575343601844201,0.03749846283326699,0.18497402848483624,0.11704471469042242,0.0041924555357922225,0.028123846125390952,0.13636761917315582,0.03749846283326699,0.043801355871847414,0.0,0.09806758575437938,0.09812248954715881,0.24147965900998314,0.029347188750545556,0.041381554768250194,0.13369664481248042,0.046873077542024445,0.04782958381599853,0.02096227767896111,0.045348341801853556,0.011858054753785076,0.009374615708316748,0.44406586763474254,0.44406586763474254,0.10427804754612939,0.09006831265404187,0.013257708642859238,0.02096227767896111,0.0,0.0,0.0,0.44406586763474254,0.44406586763474254,0.02697416902092269,0.015116113267578325,0.0,0.0,0.09630213457555077,0.09635604996869808,0.23713244738666384,0.028818869137327764,0.0406365877734437,0.1312897853249756,0.04602924999834296,0.04696853687086085,0.0,0.009205850195981557,0.023289162793574004,0.06933594942922343,0.028818869137327764,0.2556866925868056,0.29808990074669184,0.15578085658839733,0.09508897540958713,0.02058490652666269,0.0,0.0,0.0,0.44944971385371496,0.44944971385371496,0.026488569440494728,0.014843987062142893,0.0,0.008233962610665077,0.024049836276559617,0.0381331498557169,0.21440308083300091,0.44944971385371496,0.2204486093121472,0.02911145398274992,0.04809967647937857,0.013019038167063856,0.0,0.010444338870203709,0.026422318747442088,0.07866390787482326,0.03269595189129769,0.29008493567969307,0.33819276556801314,0.1767384892282997,0.10788156018785873,0.061479026117137486,0.020888677740407417,0.11673786604797594,0.1440963295159788,0.0840753048633369,0.2092965841839421,0.1391866216587536,0.058618343250312004,0.0443115747003209,0.009341700540370767,0.027285327753318357,0.04326330874417422,0.24324732462114304,0.3865399677298099,0.250106174889338,0.03302789899111135,0.05457065996110665,0.014770525642518623,0.038124774766210574,0.0,0.0,0.1126682088585642,0.3865399677298099,0.3865399677298099,0.21028773938100784,0.027285327753318357,0.014770525642518623,0.08456064305556386,0.028731099593929887,0.1605658001664315,0.19819569461951866,0.11564044347076209,0.28787466011914675,0.19144269152492038,0.08062594860650252,0.06094786284227258,0.0930702082508176,0.05189485207599822,0.11811241960079062,0.2697163397850982,0.19273407245127017,0.17362993784998532,0.08177013806058993,0.04309664785918204,0.0,0.05243829764701883,0.0,0.0,0.15496823542464994,0.3435577592134992,0.3435577592134992,0.2892379335170052,0.03752930074732049,0.020315955301899388,0.019273407245127015,0.0,0.0,0.028731099593929887,0.3435577592134992,0.3435577592134992,0.150234777263038,0.03752930074732049,0.020315955301899388,0.10266408037471993,0.05724428218970574,0.13028769535434762,0.2975192653641595,0.21260150457340862,0.19152807573880037,0.09019917526649139,0.04753914064286192,0.0,0.08025391044272277,0.03169276155497792,0.030066391755497125,0.08084873248774747,0.34674452119109667,0.04753914064286192,0.17687586212382406,0.03169276155497792,0.06723049627915181,0.02126015045734086,0.0,0.0,0.03169276155497792,0.34674452119109667,0.34674452119109667,0.16572129296675536,0.041397899722611826,0.022410166552787242,0.02126015045734086,0.05724428218970574,0.2234253166645828,0.34674452119109667,0.34674452119109667,0.20480754615401714,0.06564004410179396,0.01584638077748896,0.044820333105574484,0.06939453680819738,0.027404328289398205,0.025998026985309612,0.06990887187386689,0.3006013648431069,0.04110649097311737,0.15294231093441188,0.027404328289398205,0.05813335603137613,0.3006013648431069,0.05509325547097141,0.008666009238599861,0.08339889442648042,0.061277940033119586,0.09377636350153963,0.15779199293546903,0.3006013648431069,0.3006013648431069,0.018383382009935875,0.049498403573835864,0.1931930329080862,0.3006013648431069,0.3006013648431069,0.1770944832691362,0.0567581122388371,0.013702164144699103,0.03875557263555734,0.1324212464529761,0.1568871204002662,0.3006013648431069,0.3006013648431069,0.26501661833903734,0.0,0.0,0.02209407528443766,0.0,0.2728510119880486,0.053782653952345896,0.00845985542228534,0.08141493619506633,0.0598202123933368,0.09154553790654364,0.15403831340064583,0.2728510119880486,0.2728510119880486,0.08763128620256333,0.034944691870720114,0.068516533781954,0.2086273492653744,0.2728510119880486,0.2625986015073542,0.16157493130418019,0.06169710167904982,0.0,0.12927110610973575,0.1531549666821453,0.2728510119880486,0.2728510119880486,0.2587121954203527,0.0,0.0,0.021568484114105252,0.0,0.03589212743600208,0.1182102862212252,0.2728510119880486,0.2728510119880486,0.2728510119880486,0.07617166527842387,0.00845985542228534,0.0,0.0,0.08386685327544789,0.03344355050435963,0.06557322543857995,0.19966521145929464,0.29260785233651376,0.25131798627315904,0.1546340541590941,0.0590467400201859,0.0,0.12672932748532278,0.0796886957666324,0.29260785233651376,0.29260785233651376,0.29260785233651376,0.012801596122870884,0.01619288005866455,0.012801596122870884,0.0,0.034350286477146476,0.11313225173082302,0.29260785233651376,0.29260785233651376,0.29260785233651376,0.07289951057987823,0.008096440029332274,0.0,0.0,0.00572504774619108,0.04624514526227277,0.29260785233651376,0.29260785233651376,0.1959556930841677,0.05650897781437909,0.020641953016531,0.0,0.0,0.0890544331405835,0.05599833732276189,0.27221298481075984,0.2940618748198442,0.23736109564799263,0.008995856828396665,0.011378958471193981,0.008995856828396665,0.0,0.036207624759863284,0.15373400175167481,0.33926014137637917,0.3594736643086721,0.01609227767105035,0.03323577222077499,0.005689479235596991,0.0,0.0,0.004023069417762587,0.03249709659599203,0.2960976267663553,0.3594736643086721,0.13770074784230016,0.039709632225391284,0.014505382939198699,0.0,0.0,0.0,0.06043194109744227,0.3594736643086721,0.3594736643086721,0.01609227767105035,0.0,0.0,0.0,0.0,0.026501904431141362,0.11252447099916277,0.24831896330352535,0.3218383565603531,0.011778624191618382,0.024326678839937454,0.004164372448200437,0.0,0.0,0.03610530022331299,0.03440312033086004,0.1585574011168765,0.3885049860076109,0.1687672734582669,0.06627363808624766,0.03976771786784004,0.0,0.0,0.0,0.04423271446759288,0.3885049860076109,0.3885049860076109,0.011778624191618382,0.0,0.0,0.0,0.0,0.0,0.032922255248663386,0.3885049860076109,0.3885049860076109,0.026501904431141362,0.0,0.0,0.0,0.0,0.0297025090701122,0.02830218797094292,0.1304393708313914,0.35528208763723673,0.13883865913391666,0.054520896494167886,0.032715446024860546,0.0,0.0,0.0,0.0,0.0,0.35528208763723673,0.35528208763723673,0.2213286210531779,0.03454230185775739,0.05481882486506237,0.012352174712942494,0.0,0.027083934466235672,0.35528208763723673,0.35528208763723673,0.02180214682809782,0.0,0.0,0.0,0.0,0.0,0.0,0.09620399110342963,0.35528208763723673,0.35528208763723673,0.10226331264749372,0.0,0.012112303793387678,0.0,0.0,0.0,0.0,0.3591573935973493,0.3591573935973493,0.1963271833545702,0.030640378989608644,0.04862645160554865,0.010956864314050388,0.012892907260029406,0.0,0.0,0.024514765597426328,0.20827809746292975,0.3591573935973493,0.11032663826943365,0.02696728359741261,0.019865907093357574,0.0,0.0,0.0853367201717054,0.3591573935973493,0.3591573935973493,0.09071157646514404,0.0,0.010744089383357839,0.0,0.0,0.0,0.0,0.3022938142152972,0.3591573935973493,0.13965611203712067,0.010744089383357839,0.0,0.0,0.011205072482762838,0.0,0.0,0.02130549145177643,0.18101201936658834,0.38258524288562834,0.09588357021857154,0.02343694570029355,0.017265223772066157,0.0,0.0,0.0,0.020879419664864736,0.36470323010593203,0.38258524288562834,0.03333171457582924,0.06961783463075363,0.0,0.0,0.0,0.0,0.26271996153065663,0.38258524288562834,0.12137346732401888,0.009337560402302365,0.0,0.0,0.0,0.0,0.0,0.0,0.38258524288562834,0.38258524288562834,0.0389135449308968,0.0,0.0,0.0,0.0,0.0,0.01954839985986331,0.3388627729477437,0.3388627729477437,0.03120688673352384,0.06517984170939016,0.0,0.031031929809043995,0.03539318353451084,0.06135654167480279,0.21242315847909835,0.3388627729477437,0.2741745421353489,0.0,0.0,0.0,0.0,0.0,0.0,0.0,0.3388627729477437,0.3388627729477437,0.0364328869520261,0.0,0.0,0.0,0.0,0.0,0.01783088426303173,0.3388627729477437,0.3388627729477437,0.2503574827898149,0.0,0.0,0.04337290066184544,0.04946856489413073,0.08575719278148192,0.29690092133117074,0.33659421528726885,0.33659421528726885,0.0,0.0,0.0,0.10765681989898822,0.10016135171223313,0.034854485011787666,0.16179999940752393,0.12463386689043697,0.025514035117561656,0.008811250856182756,0.13644578453660286,0.051064012602512164,0.0,0.0,0.0,0.02492198121780825,0.33659421528726885,0.33659421528726885,0.33659421528726885,0.0,0.0,0.0,0.0,0.0,0.0,0.1176636578784084,0.33659421528726885,0.33659421528726885,0.07828246685057957,0.0,0.16456132391841616,0.15310395252886447,0.0532776298186779,0.24732313417286192,0.19051198205376976,0.039000068935589736,0.01346864144446403,0.2085673621745291,0.07805507840878612,0.03361976153890054,0.06034887101873479,0.01346864144446403,0.016705794064903363,0.0,0.19766989834654936,0.34060836230232744,0.3546612166781759,0.08069211021460565,0.0,0.0,0.0,0.0,0.17985750773357595,0.3546612166781759,0.3546612166781759,0.1196604766573824,0.0,0.007471058119755677,0.05733064336636326,0.06159067964270883,0.17443461803588742,0.3546612166781759,0.2074918072795803,0.0,0.025058690206735512,0.0,0.03879981675106546,0.06964728568795105,0.015543858612035227,0.01927978423194029,0.0,0.22812641975980735,0.3143889377304207,0.3143889377304207,0.09312496419586036,0.0,0.0,0.0,0.0,0.224176719006156,0.10278759530754109,0.2571421471139176,0.3143889377304207,0.3143889377304207,0.008622181500236768,0.06616401648958053,0.0710804293167164,0.20131110112138711,0.3143889377304207,0.23946166573727526,0.0,0.028919675320066306,0.0,0.13841577286663206,0.04249571812050856,0.11970799006066982,0.11350363508946967,0.21591133920618538,0.009639892115970146,0.06758332944771887,0.09460779792129581,0.30750037536017827,0.008057160401544056,0.09008179121898274,0.20510179461251082,0.2869957257762434,0.2869957257762434,0.05095795730235161,0.09741777853484972,0.018016358627991894,0.0,0.12446428572726202,0.2561949963608802,0.2869957257762434,0.2869957257762434,0.01611432080308811,0.0,0.02278909063813943,0.0,0.0,0.03222864160617622,0.018016358627991894,0.011394545319069716,0.2869957257762434,0.2869957257762434,0.18918551882684576,0.011394545319069716,0.018016358627991894,0.0,0.2402212910547597,0.16252142431492972,0.2681766814954403,0.2869957257762434,0.2869957257762434,0.025478978651175804,0.04557818127627886,0.0,0.0,0.11605397417306153,0.23888336575590652,0.27731714042985234,0.27731714042985234,0.01502544251445772,0.0,0.0212491842209391,0.0,0.0,0.27731714042985234,0.27731714042985234,0.27355718058540085,0.1917468604603903,0.0,0.0,0.0,0.016798955673817135,0.05473305341766431,0.2239890370558097,0.15153951247785738,0.25005542341912274,0.27731714042985234,0.27731714042985234,0.02375731088690826,0.0424983684418782,0.0,0.0,0.27731714042985234,0.20158747525049497,0.27731714042985234,0.11759268434320297,0.00751272125722886,0.0,0.01062459211046955,0.07748436669630371,0.0,0.3421130592973053,0.3421130592973053,0.3234181578484925,0.22669635741464778,0.0,0.0,0.0,0.01986088351319399,0.0647091890327401,0.3421130592973053,0.11146824145587693,0.09483033470990682,0.01986088351319399,0.026646170985999394,0.01986088351319399,0.02512225049919286,0.03202471163839578,0.0842625880245977,0.3421130592973053,0.2383306106289175,0.3421130592973053,0.1390261782394157,0.008882056995333131,0.0,0.01256112524959643,0.09160736006033034,0.0,0.3421130592973053,0.01986088351319399,0.08792787992364613,0.056482543910284004,0.0,0.0,0.08209365966663124,0.05188559726923718,0.0,0.32401869961423874,0.12639155741213046,0.10752617550392703,0.022519849295434866,0.030213547876984333,0.022519849295434866,0.028485605629183,0.036312165032705096,0.09554362384214445,0.0,0.11766403345859403,0.32401869961423874,0.32401869961423874,0.0,0.270238220359103,0.3133416211013431,0.15397620329361322,0.0,0.32401869961423874,0.022519849295434866,0.09969962330387606,0.0640444004335143,0.0,0.0,0.09308432037150319,0.05883201672929701,0.0,0.15270206292044272,0.022519849295434866,0.32257850730252463,0.2633598274509133,0.2920642961441819,0.09940742169996705,0.09969961369924786,0.022519849295434866,0.031847876214819514,0.0,0.09874131667291004,0.27608584642506045,0.3180271555708428,0.0,0.22677853979051146,0.2629500564151442,0.12921376739016227,0.0,0.3212633762811207,0.10320257414918166,0.1499952131586967,0.2346064405022845,0.0,0.12121714642698987,0.11952277050145747,0.018898209634206044,0.0,0.1281445341302193,0.018898209634206044,0.27070146760387803,0.22100632926547226,0.24509454849320308,0.08342073118858426,0.08366593290300986,0.018898209634206044,0.026726104300969368,0.05070921692962822,0.0,0.054209958630837225,0.3212633762811207,0.3212633762811207,0.13687293173051004,0.08366593290300986,0.056694626887614896,0.0,0.2935373805299492,0.07792206602222675,0.11325237765750652,0.17713723418984686,0.0,0.09152378770374625,0.09024446619627148,0.014268903183459617,0.0,0.07097929129176309,0.06581462253302184,0.15430917748949047,0.3400907905158679,0.18505617468192448,0.026310556429172325,0.09520348928675762,0.02300791450405092,0.060537826009200074,0.038287484416949895,0.0,0.04093068424231524,0.2551294249467831,0.3400907905158679,0.10334453099535511,0.06317112146888464,0.04280670802897091,0.0,0.10624209501398788,0.3400907905158679,0.3400907905158679,0.3400907905158679,0.3018735275926026,0.0,0.0,0.0,0.0,0.04754336999165814,0.04408397002847919,0.10335941913444623,0.3041823917078323,0.12395438193343383,0.01762334472820669,0.06376922949331337,0.015411168132210851,0.040549464612364014,0.004274289032187374,0.009557600971779417,0.16919211846508156,0.31239653772449555,0.31239653772449555,0.03659057771971207,0.0,0.0,0.0,0.07116311166275463,0.31239653772449555,0.31239653772449555,0.31239653772449555,0.2022010159840472,0.0,0.0,0.0,0.0,0.10902146127547079,0.31239653772449555,0.31239653772449555,0.31239653772449555,0.047211063520327515,0.0,0.0,0.009557600971779417,0.0,0.0033637738722760895,0.007521627149781109,0.13315057152244855,0.3396393483274492,0.28148213847208464,0.02879600054609958,0.0,0.0,0.0,0.0,0.0,0.06562754981248807,0.1623409311323324,0.3396393483274492,0.16206657486568835,0.0,0.0,0.0,0.08579755374383674,0.3396393483274492,0.3396393483274492,0.3396393483274492,0.0371540952790398,0.0,0.0,0.007521627149781109,0.0,0.09232772306392241,0.0242565181315573,0.09385607776441217,0.3396393483274492,0.3396393483274492,0.007521627149781109,0.0,0.02256488064735714,0.10219869737188712,0.0,0.0,0.05929788165484142,0.14668341800854515,0.4032022193064821,0.14643552294805293,0.0,0.0,0.0,0.0,0.0,0.0,0.025063067715118396,0.4032022193064821,0.23375730872928033,0.1018565452922236,0.03465801003107801,0.0,0.08342286755102432,0.021917017253170384,0.08480381497958453,0.4032022193064821,0.4032022193064821,0.006796178706258682,0.0,0.02038853539414009,0.09234180278484119,0.054708182464714754,0.031300148480482744,0.02578968337211958,0.20977997465459167,0.4032022193064821,0.038444992296568406,0.008596561365585176,0.0,0.0,0.0,0.0,0.0,0.020517257620912832,0.4015008847938627,0.19135961241795035,0.08338232988438685,0.02837191873390945,0.0,0.012440415053458807,0.026912733560789923,0.0070373613556214305,0.0055635228272539,0.4015008847938627,0.4015008847938627,0.06188555520091046,0.053452549848891605,0.007868009416769206,0.044785494192451696,0.025623088811251457,0.021112083473659074,0.17173116366359742,0.4015008847938627,0.031472037667076826,0.0070373613556214305,0.0,0.0,0.007868009416769206,0.04036556009245522,0.0,0.23507234480633082,0.4015008847938627,0.21373155462083732,0.0035186806778107153,0.06363632209312887,0.03386265706076404,0.010033696228125482,0.02170620450017593,0.00567591561747957,0.004487205432216437,0.36558741965731056,0.36558741965731056,0.04991319494779932,0.04311163618720248,0.006345866763178762,0.010033696228125482,0.0,0.0,0.0,0.36558741965731056,0.34722951870689306,0.01291131727701952,0.00723540118109603,0.0,0.006345866763178762,0.03255645139695191,0.0,0.1895953221242503,0.36558741965731056,0.1723831145677291,0.002837957808739785,0.051325259021810656,0.02731159796235491,0.0,0.008974410864432875,0.0,0.028732134321293984,0.36558741965731056,0.36558741965731056,0.033402344074301746,0.0,0.0,0.009982507889392504,0.0,0.0,0.0,0.37652003700113146,0.3454580775731826,0.01284544834225823,0.00719848874542863,0.0,0.003993003155757002,0.011662801580293446,0.01849240698708169,0.10397328951449371,0.37652003700113146,0.10690502669097575,0.014117398040067859,0.02332560506459917,0.0063134924147788775,0.0,0.00892862662173577,0.0,0.028585553221894426,0.37652003700113146,0.37652003700113146,0.033231937230793956,0.0,0.0,0.0,0.0,0.0,0.05330422125326805,0.37652003700113146,0.37652003700113146,0.03713957209207754,0.0,0.0,0.004655005987758975,0.013596385745910669,0.02155827628856995,0.12121109510248022,0.4154422836984081,0.12462888706975758,0.016457931497836246,0.02719277371150116,0.007360210810776293,0.018997724670333817,0.0,0.0,0.05614301000124749,0.25070106323510033,0.3291484016720838,0.10478720461446504,0.013596385745910669,0.007360210810776293,0.0,0.0,0.0,0.0621415659912622,0.4154422836984081,0.4154422836984081,0.0432969681534477,0.0,0.0,0.0,0.0,0.0,0.0,0.07032643558074465,0.4154422836984081,0.28410280526610093,0.018764929089477404,0.0,0.02156847215821235,0.0,0.0,0.06374020937260307,0.2846256062898022,0.3641864480042126,0.11896687337475119,0.015436231048812052,0.008356185001391148,0.00792737305010593,0.0,0.0,0.011817430188863744,0.2999024155735382,0.3151308601723498,0.06179328384008448,0.015436231048812052,0.008356185001391148,0.0,0.0,0.0,0.0,0.07984291772468102,0.3641864480042126,0.322547228775279,0.02130417498097738,0.0,0.0,0.0,0.0,0.0,0.27613569893230006,0.3641864480042126,0.3466829403428072,0.025029717345684946,0.02436907520435851,0.010723346929710265,0.0,0.0,0.015985422022131796,0.32648516441923753,0.32648516441923753,0.08358769246193484,0.020880569108749726,0.011303400283093953,0.010723346929710265,0.028873280972030665,0.11269286114799976,0.32648516441923753,0.25824782987973866,0.10330229673769054,0.03310799548655016,0.007992711011065898,0.022606800566187905,0.0,0.0,0.0,0.0,0.32648516441923753,0.32648516441923753,0.32648516441923753,0.033857665200552146,0.032964015458947594,0.0,0.015985422022131796,0.02084243930315869,0.32648516441923753,0.32648516441923753,0.20808233436525755,0.02084243930315869,0.0,0.0,0.01263374691638221,0.034017152185533694,0.1327694698641349,0.3147826581138436,0.30425554127751225,0.12170594511393472,0.03900629520125958,0.009416639110110023,0.02663427741492095,0.09100482779145658,0.10781869040776472,0.3147826581138436,0.3147826581138436,0.18212932108581756,0.0,0.0,0.015183873965313649,0.0,0.0,0.018833278220220045,0.0245555893138747,0.3147826581138436,0.3147826581138436,0.24515289558124123,0.0245555893138747,0.0,0.0,0.01263374691638221,0.039889521072777066,0.10218170464106521,0.3147826581138436,0.3147826581138436,0.21933841682319924,0.04168923866896539,0.02696515076334129,0.0,0.09894414302868211,0.1172248570077792,0.30416284021354695,0.30416284021354695,0.19801839124982837,0.0,0.0,0.016508524149907965,0.0,0.027471845004689844,0.09047818819934646,0.3016801094331324,0.29108298998184773,0.26725489380807294,0.05830181523815134,0.00647517585402274,0.0,0.0,0.013735922502344922,0.04336950658722094,0.111096097254186,0.30416284021354695,0.30416284021354695,0.23847363060310858,0.04532623261560874,0.029317606534369923,0.0,0.018314563336459897,0.03955575992595905,0.14904460655378665,0.30416284021354695,0.30416284021354695,0.14555376494631464,0.05339566702534187,0.0,0.0,0.02407043895094361,0.07927569863154678,0.26432781109476067,0.25504276610544674,0.2341649279343976,0.051083219353470564,0.005673456772352601,0.0,0.0,0.004011739825157269,0.032405579690103534,0.2952637695458329,0.3583488830268641,0.13731296100282558,0.03959780369127891,0.014464533512499855,0.0,0.0,0.016046959300629077,0.03465819293511002,0.1305907594632935,0.3583488830268641,0.3583488830268641,0.12753213381271472,0.046784522232088614,0.0,0.0,0.0,0.02892906702499971,0.3583488830268641,0.3583488830268641,0.10951588779062349,0.0,0.0,0.0,0.0,0.0029840186936171587,0.02410396979544372,0.2196235664006686,0.37299609713271814,0.10213634491920039,0.029453701284411347,0.010759032309394434,0.0,0.0,0.0,0.04482399461718176,0.37299609713271814,0.37299609713271814,0.011936074774468635,0.0,0.0,0.0,0.0,0.0,0.021518064618788867,0.3044729240569078,0.37299609713271814,0.08146028173760957,0.0,0.0,0.0,0.0,0.027103133740799836,0.37299609713271814,0.37299609713271814,0.048115855777326896,0.0,0.0,0.0,0.0,0.0,0.0,0.03739727851897434,0.3586851577582142,0.3586851577582142,0.009958432232030566,0.0,0.0,0.0,0.0,0.0,0.027834664090287085,0.3586851577582142,0.3586851577582142,0.02240647252206877,0.0,0.0,0.0,0.0,0.022612519252203808,0.3586851577582142,0.3586851577582142,0.04014372380353969,0.0,0.0,0.0,0.0,0.0,0.12140410192782564,0.3586851577582142,0.27629815419449677,0.026838152271170014,0.047656415087318854,0.01113386587354236,0.014083349681484732,0.01113386587354236,0.0,0.0,0.03096839144474723,0.36752542280642087,0.36752542280642087,0.024929074398333854,0.0,0.0,0.0,0.0,0.0,0.0,0.11000184846674059,0.36752542280642087,0.36752542280642087,0.11693021560261956,0.0,0.013849485776852142,0.0,0.13507221568414188,0.36752542280642087,0.30740480168187484,0.029859688713734095,0.05302174700187755,0.01238735684205687,0.015668904225852185,0.01238735684205687,0.0,0.056079925041380256,0.0609690137226992,0.3054457638545956,0.2574936733612164,0.07792641848623921,0.08365579369435576,0.021738685291034166,0.0,0.008759184001613156,0.0,0.0,0.10072868167871617,0.3525498868033157,0.3525498868033157,0.10707298677459133,0.0,0.012681972745687463,0.0,0.0,0.0,0.0,0.3525498868033157,0.3525498868033157,0.16484552049304665,0.012681972745687463,0.0,0.0,0.05135238177172454,0.05582931978998422,0.27969665552233347,0.2357869310362309,0.07135721364206084,0.07660360194917,0.01990611195462261,0.0,0.008020783917377183,0.002536394549137493,0.04593747393389057,0.3337264920853978,0.3525498868033157,0.24526168210387153,0.06513935382879905,0.023442982971917117,0.0,0.0,0.0,0.0,0.0,0.2699439047903291,0.34744092522622233,0.12471084236042668,0.009594312900806846,0.0,0.0,0.0,0.0,0.0,0.0,0.34744092522622233,0.34744092522622233,0.03998354067456134,0.0,0.0,0.0019188625801613692,0.03475314981608667,0.2524746309240218,0.34744092522622233,0.1855482083008691,0.049279978385254795,0.017735356988315874,0.0,0.0,0.011671985763955946,0.01383711472143535,0.0,0.34744092522622233,0.3218460690900662,0.3165704560139545,0.0,0.004290707231718507,0.006067976343762791,0.0,0.0,0.0,0.0,0.33524722331618934,0.33524722331618934,0.0381927242896509,0.0,0.0,0.0,0.0,0.0,0.018692179057766753,0.33524722331618934,0.33524722331618934,0.26245063496157195,0.0,0.0,0.011149211067220985,0.013217366411381421,0.0,0.33524722331618934,0.30743095716596863,0.30239163267705454,0.0,0.00409853143428334,0.0057961987253646015,0.011592397450729203,0.058353937782619575,0.19831659498275708,0.33524722331618934,0.15678335800333368,0.009870570507828243,0.0,0.03133075913409712,0.011592397450729203,0.0,0.0,0.0,0.02658722732488941,0.3541918116501342,0.3541918116501342,0.3541918116501342,0.0,0.0,0.0,0.0,0.0,0.0,0.12552575144611156,0.3541918116501342,0.3541918116501342,0.08351317351215459,0.0,0.016488698578721463,0.08300099225105118,0.2820799210626938,0.3541918116501342,0.2230042183477871,0.014039620587142636,0.0,0.04456398650929239,0.016488698578721463,0.11943450402364869,0.23185101090025353,0.04987640016632745,0.014073983971655792,0.03668457009794305,0.04563687696283037,0.0947100625411748,0.04142131688066588,0.010749315953161467,0.0,0.0,0.0,0.0,0.19182695386650647,0.37491746174855817,0.37491746174855817,0.12762383413764372,0.0,0.00796825408809342,0.061145975048577106,0.06568951505727497,0.1860431730003633,0.37491746174855817,0.22130030513743038,0.0,0.026726336146962903,0.0,0.18251838231973602,0.35431194523427456,0.07622051892548055,0.021507694181841116,0.05606092180066957,0.06974173020998459,0.14473478619707303,0.06329956165025276,0.016426976231477344,0.06374603270474737,0.019920635220233553,0.0256337879720977,0.03036395855051728,0.37491746174855817,0.29626354977962094,0.0,0.00890877903228427,0.0,0.010395742775529666,0.07977379000925632,0.08570149671872601,0.2427202935891704,0.33543803096607516,0.288718334395561,0.0,0.03486838055670565,0.0,0.16688755284937248,0.05123698157248148,0.144331625681066,0.13685105033399123,0.2603237643102271,0.011622793931991587,0.0814850521104284,0.11406838648920503,0.33543803096607516,0.08316594220423733,0.025989356938824166,0.033442993053972206,0.03961418640122078,0.33543803096607516,0.33543803096607516,0.0,0.011622793931991587,0.0,0.06757232804094283,0.011622793931991587,0.0,0.054305600259290224,0.28588292632706586,0.33543803096607516,0.11179358410974442,0.09559635666220029,0.03287422553857508,0.03659203377827435,0.02045556904113035,0.012937237389601107,0.3066325475719689,0.3066325475719689,0.21479909019639382,0.012937237389601107,0.02045556904113035,0.0,0.2727445265596273,0.1845249800129801,0.3044847594800926,0.3066325475719689,0.3066325475719689,0.028928543090103023,0.05174894955840443,0.0,0.0,0.2865572885702,0.0409111380822607,0.12354427385339883,0.14318897674474693,0.12807211822396022,0.1805904960648778,0.025874474779202215,0.0,0.0,0.3066325475719689,0.1557170274635008,0.12354426512917815,0.09557528598752087,0.0,0.0409111380822607,0.05174894955840443,0.19705303073173397,0.12450383343973423,0.25602442319770286,0.17321301427862992,0.2685081340585174,0.2685081340585174,0.2685081340585174,0.02715513177117537,0.04857657504221639,0.0,0.0,0.2685081340585174,0.23041894261114917,0.2685081340585174,0.1344110389373059,0.008587206551755882,0.0,0.012144143760554097,0.08856634481319546,0.0,0.2685081340585174,0.14617108046598276,0.11597061036591287,0.08971621823384598,0.0,0.038403155736958475,0.04857657504221639,0.1849730558073068,0.11687135409972052,0.17398794428576955,0.08856634481319546,0.2685081340585174,0.2542795899877905,0.02576161965526765,0.2430315496432107,0.19550879866323662,0.1422514051182218,0.04378633389352362,0.29619227134321907,0.23868062259314796,0.29619227134321907,0.13923035186863028,0.008895101170427298,0.0,0.01257957249860886,0.09174189448689045,0.0,0.29619227134321907,0.019890051175843203,0.0880570106713981,0.05656549408645568,0.0,0.0,0.08221422228758438,0.05196179637671881,0.0,0.18022628866894233,0.09174189448689045,0.29619227134321907,0.2633967943921967,0.026685303511281892,0.25174545513174457,0.2025187741015257,0.14735183467821555,0.04535629456652141,0.29619227134321907,0.29619227134321907,0.29619227134321907,0.1158104718117662,0.11563631521555487,0.11623564125171314,0.02515914499721772,0.0,0.0,0.3426842951274205,0.01450045279609781,0.06419624139312746,0.04123796714433684,0.0,0.0,0.059936670796347055,0.037881731369105706,0.0,0.09832432829350689,0.01450045279609781,0.20770718119877304,0.16957647878729684,0.18805918654716558,0.0640080937945871,0.0641962352087407,0.01450045279609781,0.020506736952390376,0.3426842951274205,0.3426842951274205,0.3184088422128231,0.08442935942969693,0.08430239396941905,0.08473932089434019,0.01834178259256641,0.0,0.0,0.0,0.18068972285314958,0.3426842951274205,0.3426842951274205,0.3426842951274205,0.047244249754532716,0.01834178259256641,0.0,0.0,0.07978335964316102,0.011766109776680264,0.16853994352833299,0.13759952830515515,0.15259696124955524,0.05193812005552207,0.05209078373876007,0.011766109776680264,0.016639791980031307,0.03157178508611488,0.0,0.03375136251453291,0.21037922695171912,0.3763255262021048,0.0852176989973846,0.05209078373876007,0.03529832807549077,0.0,0.0,0.14661715358159147,0.3763255262021048,0.3763255262021048,0.30155086981378665,0.03833542557224997,0.014883081964324321,0.0,0.0,0.0,0.056673087917344434,0.16655724263507485,0.3763255262021048,0.3763255262021048,0.07547033709978256,0.0,0.023532219553360528,0.0,0.026794579296782507,0.0,0.028644359411525166,0.17854621978384042,0.32981525632860903,0.07232319575996927,0.044208796927786,0.029957249743174697,0.0,0.074350986565426,0.32981525632860903,0.32981525632860903,0.32981525632860903,0.21125896088118643,0.0,0.0,0.0,0.0,0.0,0.04809774119685919,0.14135504955029257,0.32981525632860903,0.32981525632860903,0.06405073157755602,0.0,0.019971500538597076,0.0,0.14642174977177352,0.10054304455212815,0.19164160568575542,0.32981525632860903,0.20132894768736007,0.048370062737277626,0.06022207180700685,0.0521745788962314,0.0510149785649616,0.06643424929513109,0.2975974880502335,0.2975974880502335,0.2975974880502335,0.18876454935350423,0.0,0.0,0.0,0.0,0.1017768724225816,0.2975974880502335,0.2975974880502335,0.2975974880502335,0.04407383952322666,0.0,0.0,0.008922488502633908,0.0,0.13083106863696492,0.08983743182465842,0.17123600903726274,0.2975974880502335,0.1798918631593258,0.04321971980132018,0.05380975177747537,0.046619139050839885,0.0455830105332646,0.08542072462599173,0.1438980283990749,0.10986132190054915,0.2975974880502335,0.2767412895322948,0.1137358195351005,0.09146383219260418,0.07031326775280763,0.01645225524477013,0.07730861166706846,0.33144995575190467,0.33168564789771815,0.33168564789771815,0.03347801188300061,0.0,0.0,0.006777425777931084,0.0,0.08319267597960106,0.02185654087792073,0.08456981291269443,0.33168564789771815,0.33168564789771815,0.006777425777931084,0.0,0.020332276611156816,0.09208700089040742,0.06488465867777234,0.10930338624448262,0.08344947206449954,0.33168564789771815,0.21020969082116406,0.08639249856850566,0.0694749378346106,0.05340919781042856,0.012496955167618444,0.0,0.0,0.0,0.11496151393860003,0.33168564789771815,0.3114831756440463,0.07798787257628317,0.010928270438960365,0.019169454857269543,0.06761432617099378,0.017763766659600576,0.06873358558511732,0.37345471207887837,0.4055248517627732,0.005508310338053043,0.0,0.01652493042684089,0.07484313301617228,0.04434104223436091,0.02536880486954574,0.020902566820813352,0.17002690085860284,0.4055248517627732,0.031159708663714012,0.006967522469377197,0.0,0.0,0.0,0.0,0.0,0.093434250179207,0.4055248517627732,0.2531559994528558,0.06338415481487433,0.008881883329800288,0.015579854331857006,0.0,0.0,0.0,0.017933758875793307,0.4055248517627732,0.2750274863144825,0.02274092224072857,0.02327207641033538,0.007789927165928503,0.03732420695023495,0.02135426853582845,0.017594799095781717,0.143120660114656,0.4085398237208845,0.026228779389678988,0.005864933196719543,0.0,0.0,0.006557194847419747,0.033640636230980195,0.0,0.19590916666288036,0.4085398237208845,0.1781237635155561,0.0029324665983597713,0.05303447685871626,0.028221120316091395,0.0,0.0,0.0,0.01509579599274771,0.4085398237208845,0.2315052217750968,0.01914224035298857,0.019589340988199217,0.006557194847419747,0.0,0.0,0.005864933196719543,0.008549535773832152,0.4085398237208845,0.4085398237208845,0.1057669883005613,0.028835266954310306,0.021663924479917825,0.006323024450503538,0.03243926257623479,0.0,0.18891286284936437,0.3793972530811812,0.17176261162465872,0.002827742416257474,0.05114051079773579,0.027213288293463662,0.0,0.008942106955969057,0.0,0.028628711350014206,0.3793972530811812,0.3793972530811812,0.033282110414203855,0.0,0.0,0.0,0.0,0.005655484832514948,0.008244214941953045,0.3793972530811812,0.3793972530811812,0.1019898399608684,0.02780550254056367,0.020890262889516658,0.0,0.0,0.005655484832514948,0.03552672227762547,0.15511646502944687,0.3793972530811812,0.15669217909466215,0.053492110459396086,0.014556695261162947,0.0,0.00970342448228288,0.0,0.03106611674159211,0.37757379793196044,0.37757379793196044,0.03611569919767633,0.0,0.0,0.0,0.0,0.0,0.05792979227721719,0.37757379793196044,0.37757379793196044,0.0403624262014123,0.0,0.0,0.0,0.0,0.006136984298356332,0.03855141393649513,0.16832284737627543,0.37757379793196044,0.1700327153651929,0.05804634822604108,0.015796030384540673,0.015796030384540673,0.01749309704237237,0.029674871845201466,0.11622250379091222,0.37757379793196044,0.2353319565673434,0.06495998575332268,0.01866490976305948,0.0,0.0,0.0,0.0,0.06325002097641651,0.40412316604023085,0.40412316604023085,0.04406928116851566,0.0,0.0,0.0,0.0,0.0,0.0,0.07158088880966025,0.40412316604023085,0.2891705110081451,0.01909964996210915,0.0,0.017246725974524837,0.01909964996210915,0.03240018983150457,0.1268962914199487,0.40412316604023085,0.25694466705622093,0.07092586215161119,0.02037908108468613,0.0,0.276136942714802,0.05879538423213783,0.11181922828653452,0.07455808266148098,0.0191482266024292,0.0,0.12639856442264302,0.20880500638660762,0.06849980000496486,0.0,0.0,0.0,0.0,0.08287284515707903,0.373824894136056,0.3347874464997883,0.022112638725026112,0.0,0.0,0.0,0.0,0.0,0.28661466379358475,0.373824894136056,0.3598390746778676,0.025979560229337683,0.025293847639635283,0.31969781985529944,0.06807041452610947,0.1294588226756335,0.086319694297785,0.022168878378632535,0.0,0.14633806357628112,0.24174420365628263,0.07930571153143075,0.18349437151526424,0.02703596644766675,0.007757626698234304,0.0,0.0,0.09543289321599918,0.18708768282815003,0.1848415912272734,0.24020758806322917,0.0,0.0,0.0,0.0,0.31579406374171043,0.31579406374171043,0.31579406374171043,0.03336341625854133,0.03248281187717352,0.0,0.015752069312332237,0.020538184608882168,0.31579406374171043,0.31579406374171043,0.20504478074181712,0.020538184608882168,0.0,0.0,0.23564675629304377,0.03472007203289208,0.009962483060790554,0.0,0.0,0.12255662963558474,0.24026135099826718,0.23737687996129264,0.3084788841022675,0.07497286091986212,0.10133974595917915,0.31579406374171043,0.17456502261849266,0.14847716442795858,0.0703366000314272,0.034868691972428756,0.007876034656166118,0.02490620807186366,0.0,0.018197038112583656,0.023726033747103487,0.3036797819945867,0.3036797819945867,0.23687095428307045,0.023726033747103487,0.0,0.0,0.01220694408344259,0.0385419429780798,0.09872972469370257,0.3036797819945867,0.3036797819945867,0.21192855985105727,0.04028086114765079,0.02605419356175967,0.0,0.08660982760532117,0.11706926772440004,0.3036797819945867,0.20166025851764233,0.17152315460094178,0.08125394613896161,0.04028086114765079,0.009098519056291828,0.028772043122538702,0.3036797819945867,0.12212691078792341,0.2834694396887603,0.09340628406537403,0.028819629485789203,0.018197038112583656,0.19699247206101156,0.2515669643497547,0.15110383565284977,0.012336375056972746,0.03895060555302868,0.09977656199353122,0.28372413062103885,0.28372413062103885,0.21417565131251257,0.04070796157813815,0.026330447767086592,0.0,0.01644850007596366,0.035525439956937646,0.13385851342365704,0.28372413062103885,0.28372413062103885,0.13072335221938344,0.047955204663494455,0.0,0.0,0.28372413062103885,0.12342182988065128,0.28372413062103885,0.09439667659914618,0.029125205777089134,0.018389982418888107,0.19908119527156126,0.25423434423461705,0.15270599884938776,0.20926908288994653,0.28372413062103885,0.28372413062103885,0.129557703194282,0.06608624002364148,0.16599128239424807,0.06978507250923338,0.022144470649289642,0.08088461314934983,0.016312819598559274,0.03523239751348702,0.13275434058588542,0.3492539707142237,0.3492539707142237,0.12964504071650382,0.047559631508938174,0.0,0.0,0.0,0.029408353488810185,0.3492539707142237,0.3492539707142237,0.11133030795650276,0.0,0.0,0.0,0.0,0.207542862934245,0.3166497788320063,0.3350795486942504,0.12848900690345705,0.06554110748542472,0.16462205259601684,0.06920942902137583,0.021961805218661493,0.08021741170994258,0.09430076419554093,0.15589107179164688,0.04671071463343341,0.15387678294356846,0.07782342030530935,0.18497485325755203,0.1796461672870769,0.10823775532365706,0.04560159719621858,0.0,0.025401076523260933,0.35941615476317085,0.36350614279175475,0.096160081618896,0.0,0.0,0.0,0.0,0.0319939913912658,0.36350614279175475,0.36350614279175475,0.05679853445160152,0.0,0.0,0.0,0.0,0.0,0.08145103833998533,0.13464885225143539,0.04034576221043821,0.13290903688946828,0.06721895039888001,0.15976958398102206,0.15516700192364957,0.0934889301683731,0.03938777668749158,0.36350614279175475,0.3523597957164581,0.25087047220759806,0.03150615859618609,0.021426504696775595,0.0,0.009963121831851945,0.031669757166062976,0.17324505373129842,0.03221466180429516,0.34506518935399777,0.34506518935399777,0.057190287887539465,0.0,0.0,0.0,0.0,0.0,0.17295693777587015,0.34506518935399777,0.34506518935399777,0.038234660597741936,0.06789315589829568,0.015861732153333342,0.02006367985806986,0.015861732153333342,0.0,0.34506518935399777,0.34506518935399777,0.2526007874421653,0.031723464306666685,0.021574288559795065,0.0,0.01003183992903493,0.03188819125604284,0.1744399673978882,0.34506518935399777,0.11923772745782178,0.04549975158965612,0.02243187667665198,0.01064037324450009,0.007930866076666671,0.015047759470741948,0.007930866076666671,0.10596270394353562,0.19474650268118596,0.3134243859639099,0.3134243859639099,0.04305156259335214,0.07644651227761423,0.017860034428513947,0.02259135443492562,0.017860034428513947,0.0,0.0808557793852351,0.08790484508066679,0.3134243859639099,0.3134243859639099,0.11235395369654341,0.12061454066239409,0.03134273700829563,0.0,0.012628951424355949,0.3134243859639099,0.13425960651636185,0.05123192864590877,0.025257902848711898,0.011980875142887462,0.008930017214256973,0.01694351535011701,0.008930017214256973,0.11931216100962017,0.3134243859639099,0.3134243859639099,0.3134243859639099,0.1455678950189761,0.0,0.18482461193642405,0.05941075982555755,0.11839509158597462,0.12553938033957363,0.06559769554436341,0.07131655038537658,0.28947400639203996,0.28947400639203996,0.09115193130074768,0.09785368438412169,0.02542813062256713,0.0,0.01024577484600605,0.0032399984513730305,0.058680675077308814,0.28947400639203996,0.28947400639203996,0.28947400639203996,0.08320921743051268,0.029946140891370605,0.0,0.0,0.28947400639203996,0.28947400639203996,0.28947400639203996,0.11809815613789457,0.0,0.14994684010336323,0.048199509852327065,0.09605306177064692,0.10184917037417349,0.09217037579076687,0.10369831682920132,0.2504385417965341,0.23244193144088168,0.28947400639203996,0.05967404191207807,0.02291024875414353,0.05132682261995077,0.07397585094841312,0.002861651335079518,0.05182830630896948,0.3158607762309838,0.3158607762309838,0.27671302963297234,0.07349255616157503,0.026449214513036102,0.0,0.0,0.017406746053510908,0.02063566105547484,0.0,0.3158607762309838,0.3158607762309838,0.3158607762309838,0.0,0.00639884700709002,0.00904933619785292,0.08140728549566258,0.09158906439415992,0.22119386729450863,0.20529879054552622,0.3158607762309838,0.05270567386688807,0.020234930639091982,0.04533319156789346,0.06533740549797473,0.0,0.019196540338999216,0.050787690441379686,0.1875038569428505,0.3158607762309838,0.2407515486018275,0.05755674511405114,0.02063566105547484,0.0,0.018244936970136256,0.021629334634792084,0.0,0.32523797312377684,0.32523797312377684,0.32523797312377684,0.0,0.006706972111100276,0.009485090897738335,0.01897018179547667,0.09549230975932374,0.324531821469438,0.32523797312377684,0.2565654616717315,0.016152527357211493,0.0,0.05127068831881078,0.01897018179547667,0.0,0.02012091561817644,0.05323328140211864,0.1965327718956263,0.32523797312377684,0.25234451150145204,0.060328287870911636,0.021629334634792084,0.0,0.0,0.017521640143620704,0.04277935858075768,0.22010352335043634,0.32523797312377684,0.14183664921444838,0.010814667317396042,0.006706972111100276,0.0,0.02771249035941972,0.13949943875788176,0.3320905002918765,0.3320905002918765,0.3320905002918765,0.02359633468424224,0.0,0.07489851552685951,0.02771249035941972,0.20073309761443192,0.3320905002918765,0.08382706810806931,0.023654089088417398,0.061655611589058024,0.076701718260443,0.1591788267934886,0.06961664313587872,0.018066332724813644,0.0,0.025596395901545405,0.06249400111358382,0.32153707511531066,0.3320905002918765,0.2072013234425111,0.015798549903466474,0.009797844953393236,0.0,0.10641197779674262,0.1219812714235967,0.19731973334944106,0.3320905002918765,0.057325126106533314,0.02786417663352118,0.03718020522980542,0.035347496393343655,0.0,0.311224080897493,0.3321374742767947,0.12996861273160426,0.03667418190372629,0.09559315965837915,0.11892120458738223,0.24679678964702514,0.1079362398758444,0.028010716041798268,0.10869754699360641,0.033967983435502,0.04370985541369582,0.051775579928929005,0.3321374742767947,0.3321374742767947,0.0,0.015190944227110434,0.0,0.16498509901884062,0.18912431251590012,0.3059318736393723,0.3321374742767947,0.0888790134604888,0.04320165864918903,0.05764557682686015,0.054804076695794963,0.0,0.16498509901884062,0.03038188845422087,0.09161356026236216,0.08877448971080067,0.18342711055171082,0.2218431811003283,0.12608149284981574,0.07937120717168061,0.08413463426773918,0.11767064201244844,0.036772075628890136,0.0473181492228469,0.05604970764576936,0.32873864545090414,0.32873864545090414,0.0,0.0164449723974408,0.0,0.09560739663511436,0.0164449723974408,0.0,0.07683643902800015,0.32873864545090414,0.32873864545090414,0.15817560008832604,0.13525830844154108,0.04651340587576564,0.17860478972148539,0.0328899447948816,0.09917635449263985,0.0961029157282809,0.19856920839600675,0.24015656533348412,0.1364896505934803,0.08592338248207265,0.09108003541560825,0.2633717996706826,0.1821021235028691,0.32873864545090414,0.11229328845181204,0.25740452940223096,0.0493349154388932,0.08892100296763285,0.05303344119404945,0.0,0.3010563791826858,0.051988179725493584,0.15699494597856412,0.1819586207244438,0.16274874306024145,0.22948692229629866,0.03288021082227452,0.0,0.0,0.3010563791826858,0.19787874866288133,0.15699493489218583,0.12145311468099138,0.0,0.051988179725493584,0.06576042164454904,0.2504068294686878,0.15821431455568408,0.11624910218588674,0.051988179725493584,0.3010563791826858,0.051988179725493584,0.17437365327883012,0.0,0.01644010541113726,0.0,0.0,0.3010563791826858,0.051988179725493584,0.12411473238469503,0.2948944257170438,0.10462419196729807,0.292242187089387,0.19728125939045796,0.15596453363329157,0.09586146312234683,0.2851258530825376,0.14543535078703052,0.11538689011386027,0.08926464543143137,0.0,0.03820985935198935,0.04833207231399905,0.1840420223461729,0.11628310009245464,0.17311220269596367,0.08812055972200193,0.2851258530825376,0.25299971273362076,0.02563195250019267,0.24180828767220902,0.1945247351589218,0.1415354045229981,0.04356594210825885,0.2851258530825376,0.03820985935198935,0.09122086006799444,0.2167391624371195,0.07689585750057801,0.21478984115936403,0.144996212867908,0.11462957398187892,0.07045549666330449,0.0,0.07352569763880605,0.20809524901221296,0.2851258530825376,0.2851258530825376,0.2851258530825376,0.036249053216977,0.0,0.0,0.12450136902516022,0.06337583459625425,0.24133666164519493,0.18195603838297458,0.01843436295861004,0.17390722541780554,0.1399011476913474,0.10179150489807719,0.03133239223392754,0.26956072171686263,0.26956072171686263,0.26956072171686263,0.0800025478774635,0.07988223948731017,0.08029625740081885,0.017380083775735553,0.0,0.0,0.0,0.05287928795313504,0.14966098857372007,0.26956072171686263,0.26956072171686263,0.26956072171686263,0.026070124931087558,0.0,0.0,0.26956072171686263,0.26956072171686263,0.26956072171686263,0.26956072171686263,0.19150553589680544,0.13645781959896375,0.017380083775735553,0.0,0.0,0.28327047081415024,0.2473573492426334,0.22962722418251771,0.06088800584372906,0.06079644203536229,0.06111154106415492,0.01322756175368747,0.0,0.0,0.0,0.13030818870709807,0.28327047081415024,0.28327047081415024,0.2680078468896023,0.03407118299330332,0.01322756175368747,0.0,0.0,0.2112460104229079,0.28327047081415024,0.28327047081415024,0.28327047081415024,0.14575023543813728,0.10385474884987696,0.01322756175368747,0.0,0.0,0.0,0.15183033099371476,0.28327047081415024,0.2466686716597045,0.13094618284539572,0.13808783877797476,0.10349595073709128,0.1119789607122385,0.05235122610366855,0.0,0.12840344139719134,0.33147970473920824,0.33147970473920824,0.2640903093160863,0.033573156009767326,0.013034211182883402,0.0,0.0,0.0,0.04963279770087061,0.14586644619361777,0.33147970473920824,0.33147970473920824,0.06609493343918602,0.0,0.020608898076064867,0.0,0.0,0.1496109891596219,0.31226647005549835,0.24306305413525106,0.12903210981597188,0.13606937438173952,0.1019831246000031,0.11034213630159291,0.05158599516860106,0.04222242716543397,0.026919872364749995,0.29057419260850154,0.33147970473920824,0.07834092381684007,0.03944983102958946,0.023132530566212065,0.0,0.0,0.0,0.048599625429049595,0.14283004335965713,0.32679134534739557,0.32679134534739557,0.06471908005794443,0.0,0.020179896628810118,0.0,0.14794961294437883,0.10159217840875977,0.19364132329685216,0.32679134534739557,0.20342974955067855,0.048874788555867334,0.06085046947221258,0.05271900359929631,0.05154730321701736,0.04134351154880445,0.026359499647986288,0.2845255068076482,0.32679134534739557,0.07671015396332076,0.03862863066539799,0.02265099637379955,0.0,0.0,0.21474453030979476,0.32679134534739557,0.32679134534739557,0.2542916279684517,0.08191665929431209,0.0,0.0,0.0,0.02300862194185536,0.14370516024502974,0.09867765104164915,0.18808604389452047,0.2861907039707099,0.19759365486665326,0.04747264410893285,0.0591047606848223,0.05120657438315398,0.05006848832910083,0.09382632923902004,0.1580579402543403,0.12067194002868965,0.2861907039707099,0.2861907039707099,0.12492769754288668,0.10046409311487535,0.07723226229854412,0.018071196704066532,0.20858383152049456,0.2861907039707099,0.2861907039707099,0.2469963822069211,0.07956659308769,0.0,0.0,0.0,0.02234853905575734,0.14187176989629421,0.18051897836291061,0.2861907039707099,0.2861907039707099,0.15440017135191894,0.1294145265106722,0.021914545468507136,0.15973145901816838,0.0,0.06979695354692134,0.11757853902128722,0.08976727386556017,0.3592285050453312,0.22612426919313824,0.09293311134353156,0.07473475406257696,0.05745270722723021,0.013443076022699823,0.0,0.0,0.0,0.1236650328686248,0.3592285050453312,0.3350649781336178,0.08389218700313185,0.011755629138226639,0.020620738052075153,0.10553772500089531,0.1342871968809143,0.30364269262512317,0.2998201657871739,0.1148575423859259,0.09627084176075511,0.016302124621871902,0.11882346155386599,0.0,0.0,0.020876906167316245,0.03273313319027254,0.3592285050453312,0.3592285050453312,0.030068046379821557,0.023054685729856406,0.03988828794710388,0.020620738052075153,0.0,0.0,0.0,0.08419158030348854,0.37356639328157826,0.22811339114260018,0.05711408985281092,0.008003272805987683,0.01403866948770248,0.0,0.0,0.0,0.01615972191823467,0.37356639328157826,0.24782131451048237,0.02049135276767881,0.020969964292234466,0.00701933474385124,0.0,0.014213069622851642,0.02228482981524204,0.37356639328157826,0.37356639328157826,0.02047042953560746,0.01569570944972718,0.02715608381744342,0.01403866948770248,0.0,0.03331488290223222,0.045118731472673784,0.37356639328157826,0.37356639328157826,0.17206358337762748,0.04905446678618752,0.0,0.0,0.0,0.0,0.0,0.014958435051137685,0.3740100008674194,0.22939868991245488,0.0189680596631677,0.01941109200252455,0.006497529066364233,0.0,0.0,0.005811566501331746,0.008471741115982619,0.3740100008674194,0.3740100008674194,0.10480458438948557,0.02857288665834424,0.021466798268954215,0.0,0.030838309882484524,0.0417646799702752,0.3740100008674194,0.3740100008674194,0.15927266258932155,0.045407839262467754,0.0,0.0,0.030820486145532077,0.08872795772306949,0.1796590672832287,0.3740100008674194,0.0,0.09686853024016061,0.0484063969157116,0.07281330446216014,0.0803285883076952,0.0,0.0,0.007576257376594525,0.011044197998569642,0.37845470278798204,0.37845470278798204,0.1366286534619898,0.03724908650125117,0.027985223725782327,0.0,0.0,0.007576257376594525,0.047592664412184786,0.20779867636706406,0.37845470278798204,0.2099095502644453,0.07165963811406571,0.019500586265772262,0.0401791729401717,0.11567033502163813,0.23421281223655302,0.37845470278798204,0.0,0.12628280458009214,0.0631050718636675,0.0949231734540507,0.10472048449899685,0.16625288470209906,0.2539964485936794,0.17321360229610314,0.23874727452122965,0.043079476195211755,0.014424764353827968,0.03817373953492955,0.12446241060426631,0.0553631913484946,0.0,0.0,0.010728501886852168,0.06739448840846492,0.29425722763546286,0.3230626182713737,0.2972463703566333,0.1014749795978378,0.02761417229480403,0.02761417229480403,0.030580936092055016,0.051876769290188404,0.20317688470368753,0.3230626182713737,0.3230626182713737,0.11356120463125012,0.032629465854188536,0.0,0.2354255272176117,0.3230626182713737,0.24528238240732878,0.3230626182713737,0.06100350326966826,0.020426459120242168,0.054056642517704895,0.17624733963436787,0.07839808936262203,0.12268863676514949,0.09177961873923858,0.061954469171444614,0.02890808394654961,0.1327584399049661,0.05937137740153249,0.010728501886852168,0.09520542268471455,0.09759502801114422,0.03659197372359627,0.040523279060369004,0.0687427223407607,0.26923288327995293,0.31430969602526015,0.31430969602526015,0.15048173711397253,0.04323781804519671,0.0,0.31430969602526015,0.12474478681165502,0.23724423228487077,0.15818813412241253,0.040626342978053884,0.0,0.26817686759130366,0.31430969602526015,0.1453344179965341,0.1625766408917113,0.12161861530428089,0.08209684084601115,0.03830655638991209,0.17592029530076594,0.07867394534289127,0.014216506471610454,0.1261582019562638,0.129324705532072,0.26720924307711635,0.04954569315084214,0.08194176322799612,0.05885649543161688,0.0,0.02713367226552366,0.056866025886441816,0.20077104259049125,0.24667050871926763,0.2695022071465167,0.11023391715815345,0.20964692566612902,0.13978698523555189,0.03590050567037483,0.0,0.23698133895107854,0.2695022071465167,0.12842847066504864,0.2695022071465167,0.04378231727294065,0.012562779068563365,0.0,0.0,0.15454499165566665,0.2695022071465167,0.2695022071465167,0.2695022071465167,0.23612627283358087,0.04378231727294065,0.07240993207280073,0.052010045529388926,0.0,0.023977362558887824,0.05025111627425346,0.17741645997673483,0.2179766956079225,0.2695022071465167,0.2695022071465167,0.07537668076515885,0.0,0.0,0.01831323997441404,0.07946459182546645,0.10357909646096605,0.2695022071465167,0.2734719885341736,0.040293222322470956,0.011561627650772118,0.0,0.0,0.14222901151590758,0.2788273026075291,0.27547982588958225,0.29459369004713554,0.08700725477567699,0.11760646435778163,0.29459369004713554,0.20258561846964582,0.17231022419648698,0.08162679673556376,0.04046569823956094,0.009140269499433785,0.02890406961421647,0.29459369004713554,0.29459369004713554,0.06936977175206684,0.0,0.0,0.01685382354555913,0.07313190951559864,0.0953246840646736,0.25530446289473097,0.29459369004713554,0.29459369004713554,0.15364284429447886,0.08442634548582006,0.0,0.027420807523729,0.07299267041410194,0.03192558891318134,0.07059011566178006,0.07961407265040034,0.10761320560770779,0.31052695172810574,0.18537150940288555,0.15766867651386765,0.07469080299429627,0.037027246150905975,0.008363602343831076,0.02644803245535514,0.28471148461563583,0.11226232653811828,0.26057269930603916,0.08586155741438903,0.026491775114655395,0.016727204687662152,0.18108075510456015,0.23124708973501681,0.13889869177710995,0.31052695172810574,0.31052695172810574,0.1405875015757226,0.07725246843433207,0.0,0.025090806139732254,0.0667903358205893,0.02921280715836788,0.0645919309968643,0.030155396724441647,0.0,0.0,0.023655839669433534,0.15422849096670135,0.31052695172810574,0.31052695172810574,0.31052695172810574,0.0,0.27311673199817055,0.10769049162872625,0.2499609883264225,0.08236488245969188,0.025412908980166193,0.01604599647929999,0.1737063193242274,0.2218296515779082,0.13324210236267398,0.18259565946237846,0.27858763422168364,0.2830407080534214,0.11304428693669925,0.05766289225270723,0.14483404454791396,0.06089027179497199,0.019321937888831735,0.07057506572116021,0.02892733117740743,0.0,0.0,0.02269246578482965,0.14794760208110536,0.2830407080534214,0.2830407080534214,0.2830407080534214,0.0,0.0,0.02092141872860657,0.05179808526072069,0.06813539306251518,0.2830407080534214,0.2830407080534214,0.19634013241973747,0.19183803123593468,0.04883237589275424,0.22540097988182858,0.2964231168767857,0.2964231168767857,0.13954490002991832,0.07118062091316271,0.1787870295354664,0.07516458478951611,0.02385151841057774,0.08711975419137245,0.10241491493742415,0.16930478764667675,0.05072995862397884,0.16711717842849924,0.08451977074311498,0.20089109588393447,0.19510390078482776,0.11755112059859887,0.04952540668893373,0.0,0.025825960462754448,0.06394094584802824,0.08410815682115787,0.2964231168767857,0.2964231168767857,0.2423675259742691,0.23681001151119738,0.06027999465371967,0.2964231168767857,0.10710167385103754,0.0320896765658698,0.0,0.0,0.028012188454508872,0.06312072966906718,0.18065432938936912,0.2964231168767857,0.10565897510269841,0.1746676287692846,0.0523368636149034,0.17241072558229195,0.08719699038063929,0.2072544542103419,0.20128394587896664,0.121274630088894,0.05109415670065559,0.3106534849038423,0.3106534849038423,0.3106534849038423,0.040870055121960194,0.027794642922103603,0.0,0.012924245817257006,0.041082276569025196,0.22473494742269975,0.3106534849038423,0.11049419020460417,0.03310613829439322,0.0,0.0,0.028899493050357546,0.06512012052778711,0.18637667475297626,0.3106534849038423,0.3106534849038423,0.19414500813981636,0.09077276924313743,0.0772515699880066,0.0962823691964188,0.11914003966527341,0.08109647353485466,0.13301494714248582,0.1757372422934119,0.31139345106152816,0.31139345106152816,0.2823114736723399,0.03545475075154886,0.024111837727911076,0.0,0.011211776268351112,0.035638852742294155,0.19495744554924652,0.31139345106152816,0.13326236587312965,0.05085139303432371,0.025070294617635512,0.011891884746267152,0.008863687687887215,0.016817663929985623,0.008863687687887215,0.11842594557015991,0.31139345106152816,0.16842068973760846,0.07874532830796296,0.0670156952545662,0.08352490329266553,0.10335392008297639,0.07035114700549855,0.11539039482805312,0.15245196280465978,0.19347504271058336,0.2011696893728126,0.31139345106152816,0.31139345106152816,0.2707277612933326,0.04790418100514785,0.014292266608825085,0.01772737537577443,0.09722414034208218,0.2986398336516995,0.12368568926075676,0.04719704288687084,0.023268659905862635,0.011037294376507151,0.008226713625301684,0.015609090693439812,0.008226713625301684,0.10991546344109714,0.2986398336516995,0.2986398336516995,0.2986398336516995,0.1341033680704655,0.0,0.17026833396031588,0.05473173182310684,0.10907061988236275,0.11565224410795644,0.1795712829771845,0.18671296675114563,0.2986398336516995,0.2986398336516995,0.2512723643933088,0.04446162731145436,0.013265176818892643,0.016453427250603368,0.09023729041733673,0.2986398336516995,0.11768126790308123,0.09323219957182226,0.11437753339038564,0.09953941840744013,0.17573171271435684,0.06792756521262157,0.20794592587925864,0.06875718819824689,0.3128914369293772,0.31232643367736834,0.3128914369293772,0.11570813084298083,0.0,0.14691227332891696,0.047224066614966115,0.09410917666021636,0.09978798583564413,0.09030506699352855,0.10159970997227137,0.24537026241530363,0.22773786057381712,0.3128914369293772,0.058466381485499694,0.0224465999062205,0.050288090023431674,0.07247875598299271,0.3128914369293772,0.10153868422710031,0.08044334532423399,0.09868812983189236,0.08588538986634801,0.1516262290841905,0.05860980016055346,0.17942155179323324,0.0593256220399908,0.03861859190932963,0.050208839504675445,0.07269024812296941,0.3128914369293772,0.3128914369293772,0.10698996830559007,0.0,0.0,0.0,0.08280920001941658,0.0931663192898296,0.22500304595999812,0.20883424016066215,0.33983545531022014,0.053613318056573885,0.020583396295173945,0.046113874270678576,0.06646258068535886,0.0,0.019527123880057173,0.05166230504649985,0.19073286008068488,0.35500097792679886,0.24489753001548306,0.05854792958143759,0.020991027688384817,0.0,0.03541301510929695,0.046041202024504416,0.06665651769803081,0.35500097792679886,0.35500097792679886,0.09810915356636142,0.0,0.0,0.0,0.0,0.0,0.0,0.024004158151940656,0.35500097792679886,0.35500097792679886,0.11472325384867234,0.0,0.017706507554648476,0.0,0.020856577257838665,0.05517959854911298,0.20371841016198278,0.34877117759465065,0.2615707405962762,0.06253401289930136,0.02242014714472875,0.0,0.0,0.018162266980004983,0.044343459026007226,0.22815095627824708,0.34877117759465065,0.14702248587841393,0.011210073572364376,0.006952192666369818,0.0,0.0,0.0,0.0,0.02563841874924707,0.34877117759465065,0.34877117759465065,0.12253388783020644,0.0,0.018912009011075554,0.1452757791130587,0.0,0.0,0.0,0.34877117759465065,0.34877117759465065,0.12886224108511998,0.051615295810356746,0.14069721630998056,0.0,0.02345123949786276,0.05725656818762798,0.2945900268528108,0.3274248581433236,0.1898364081808517,0.014474521293162207,0.008976717247566799,0.0,0.09749391228168953,0.11175839057231711,0.1807829642200829,0.3274248581433236,0.05252088093731709,0.02552896439627283,0.034064244856097624,0.03238512979556211,0.0,0.1875810488288513,0.0,0.0,0.0,0.3274248581433236,0.3274248581433236,0.16638777974387256,0.06664601203882183,0.18166917819237183,0.20210239119104056,0.3274248581433236,0.08946212820514715,0.08190589412050871,0.3274248581433236,0.10589469822052931,0.04286139519702274,0.017953434495133598,0.016552248105839787,0.13406524045997706,0.15368052378703947,0.2485971790649412,0.3186778502934109,0.07222219692740409,0.03510523550015854,0.04684221887132093,0.04453324429965487,0.0,0.13406524045997706,0.02468801852692275,0.0744442622940488,0.07213726197437467,0.14905103448273044,0.1802675489816532,0.1024525593946709,0.06449624868155439,0.06836696187228765,0.2779138208576325,0.3186778502934109,0.12302062199771743,0.11262993897125335,0.3186778502934109,0.14561727853687015,0.0589393031734779,0.02468801852692275,0.022761227552865162,0.20272830327835245,0.3186778502934109,0.3186778502934109,0.08640806089572564,0.01656122605363672,0.06982826107934871,0.08587740301897903,0.24790575916465857,0.146368926284587,0.14792875631899252,0.027240975096435915,0.08214244869482845,0.07959688440876886,0.1644642122256285,0.19890878675214801,0.11304704814575597,0.07116572365788627,0.07543670237248924,0.21813671870465054,0.1508254100846572,0.2779358779610946,0.09300650071899028,0.21319434918137026,0.040861461192382625,0.07364849173502877,0.043924751465992846,0.0,0.22369217905948585,0.2779358779610946,0.2779358779610946,0.09534340848071196,0.018273801358403167,0.0770491126704069,0.09475787594842638,0.27354137815082313,0.1615047506328767,0.2779358779610946,0.2779358779610946,0.2779358779610946,0.26688061157368703,0.1705554793450962,0.013620487548217958,0.021962375732996423,0.03045633559733861,0.0,0.10009146633365384,0.044762265195145104,0.3405520210735235,0.044762265195145104,0.15013719950048077,0.0,0.01415507067443261,0.0,0.0,0.3405520210735235,0.044762265195145104,0.10686384087619523,0.2539066102759383,0.09008231970028846,0.2516230102453382,0.16986084332045828,0.13428679081270228,0.08253753558855487,0.061679141079972466,0.022381132597572552,0.0,0.09879509658622747,0.3405520210735235,0.03165170117987632,0.17126248046774195,0.06714339540635114,0.0,0.03165170117987632,0.044762265195145104,0.16348412834665868,0.3405520210735235,0.3405520210735235,0.16231307147784374,0.27174958727920545,0.022381132597572552,0.03165170117987632,0.27329505697280104,0.035648211733856405,0.0851052735968537,0.2022086363208471,0.07174064118857684,0.20039000053350758,0.135275444206873,0.10694463140061328,0.06573205202695226,0.0,0.06859642201669612,0.19414422411923168,0.2989344347017537,0.2989344347017537,0.2989344347017537,0.03381886105171825,0.0,0.0,0.025207092189770627,0.035648211733856405,0.1301970934004193,0.2989344347017537,0.2989344347017537,0.12926447564682914,0.21641860133047724,0.017824105866928203,0.025207092189770627,0.08768300589714947,0.07550411970433205,0.13003953617473898,0.2183189120590842,0.007971182354286316,0.2989344347017537,0.23276990328686645,0.035648211733856405,0.0,0.0,0.055239851928863215,0.15634194726045753,0.2772527985325129,0.2772527985325129,0.2772527985325129,0.02723391136122253,0.0,0.0,0.2772527985325129,0.2772527985325129,0.2772527985325129,0.2772527985325129,0.20005446094267904,0.14254938069254747,0.018155941417625505,0.0,0.0,0.07061004233219721,0.06080253561142445,0.10471923333613858,0.17580952505772074,0.006419094757472474,0.2772527985325129,0.18744672991738082,0.028707064884924985,0.0,0.06419094757472474,0.051851439965562934,0.05446782272244506,0.22249069620826042,0.13533224551571232,0.27511706707827294,0.22784813678976482,0.06620497087759399,0.0,0.26537674220048674,0.26537674220048674,0.26537674220048674,0.26537674220048674,0.19672550282489856,0.1401773220250979,0.017853821843368825,0.0,0.0,0.0,0.20493207519714074,0.26537674220048674,0.26537674220048674,0.17674382196243812,0.18638322906264387,0.13969303643243172,0.1511429280762623,0.0706607522642076,0.06312279355801362,0.05098861855593975,0.0535614640251418,0.2187883933164227,0.13308028184949808,0.26537674220048674,0.22405668469710305,0.06510330299075022,0.0,0.012624558711602722,0.05098861855593975,0.07632070769160192,0.26537674220048674,0.2651157329436572,0.028229371879550297,0.11604983671452102,0.0,0.0,0.0,0.21799735534672293,0.2973543052216932,0.2973543052216932,0.1880119826270179,0.19826594239848755,0.14859905397107115,0.16077892427668564,0.0751656718724436,0.06152206806522725,0.03922479902546259,0.2973543052216932,0.2973543052216932,0.11415013230926087,0.05748213337557832,0.03370628397176895,0.0,0.0,0.013429427330501278,0.054239357051769084,0.08118647322023333,0.2973543052216932,0.28201797394052686,0.03002911285078801,0.12344850101111736,0.0,0.0,0.1007207049787596,0.024210244200981078,0.2973543052216932,0.2973543052216932,0.25563631927488417,0.015014556425394005,0.01899207794066324,0.0,0.021233789275548406,0.0398049097595462,0.025378528951424423,0.27393686937787676,0.3321138947163586,0.07385538000434257,0.03719106336567267,0.021808037896311007,0.0,0.0,0.20675279699565569,0.3321138947163586,0.3321138947163586,0.2448281465386318,0.07886812486076489,0.0,0.0,0.0,0.022152354402841034,0.06516651176853756,0.015664079833189345,0.22636000920800003,0.3321138947163586,0.16539724589899832,0.009714450154028892,0.012287915090449518,0.0,0.013738307123718792,0.047788775296927544,0.0,0.006143957545224759,0.3321138947163586,0.3321138947163586,0.239575064373029,0.03132815966637869,0.0,0.0,0.14588006397755765,0.27954612750540603,0.3607166248106088,0.1727451633039476,0.05564755237976363,0.0,0.0,0.0,0.015630196662383643,0.09922275719173952,0.1262519722683168,0.285473892516946,0.28188009084747156,0.1079849128802234,0.09051036827438477,0.01532666876277418,0.11171352683925317,0.0,0.0337186712781032,0.0,0.004335036491872072,0.3607166248106088,0.3607166248106088,0.1690387081868562,0.022104435842415678,0.0,0.0,0.0,0.0,0.0,0.17269625014519924,0.3607166248106088,0.25304120583040685,0.05957163772732255,0.0,0.0,0.08718588374066087,0.11093614093935898,0.2508425920464993,0.24768476028078543,0.09488508812476687,0.07953040884003847,0.013467365740508724,0.0981613778827463,0.0,0.0,0.01724664345335167,0.027041203936985177,0.39677653350474673,0.39677653350474673,0.02483954619978479,0.01904573127479943,0.03295215654440818,0.01703502013559222,0.0,0.0,0.0,0.15174618821075175,0.39677653350474673,0.22234436713438918,0.052344905827385185,0.0,0.0,0.0,0.0,0.1550382086640351,0.39677653350474673,0.27192546377532983,0.15493342641014277,0.019422910913326173,0.0,0.0,0.0,0.014207010750582802,0.022275330042077886,0.36307756005007413,0.36307756005007413,0.020461703220945277,0.015689018544718752,0.027144507483299017,0.014032684960256437,0.0,0.03330068114107068,0.045099497863173584,0.36307756005007413,0.36307756005007413,0.171990234600659,0.04903355541683803,0.0,0.0,0.0,0.0,0.12771351731127673,0.36307756005007413,0.22399999151501862,0.1276272023937367,0.015999722200995065,0.0,0.0,0.0022187622811933897,0.09298267297677874,0.13026232962281656,0.36307756005007413,0.24829219851071355,0.028065367804536275,0.01882682140727186,0.0,0.013496204484593053,0.0,0.0370937737288101,0.05023652705278352,0.35934054106628605,0.35934054106628605,0.1915806712425909,0.054618690892422425,0.0,0.0,0.037072334497281666,0.10672617272934039,0.21610240040808107,0.35934054106628605,0.0,0.11651803733290146,0.05822549747572984,0.08758327711404151,0.096623015009418,0.0024714889664854446,0.10357380431617444,0.14509977618617195,0.35934054106628605,0.27657376109421783,0.03126213540639393,0.020971278345798032,0.0,0.015033480943782,0.060413694432995324,0.08915502545499822,0.25239760518837717,0.35934054106628605,0.15667585813760473,0.0806600646552273,0.02983351090625743,0.013309375231935532,0.0,0.0494278317764963,0.1422959569002036,0.2881251811819646,0.31529453587553047,0.0,0.15535126196707322,0.07763093782357329,0.11677310173020074,0.1288256106982845,0.20452187081224363,0.3124627217093292,0.21308484394243818,0.293703410463528,0.05299574248497224,0.017745134449588362,0.04696077688861013,0.153111839882949,0.06810698947581856,0.08054841881213878,0.11886868361478618,0.31529453587553047,0.31529453587553047,0.20889291339426078,0.10754251548826058,0.03977644727188372,0.017745134449588362,0.0,0.023601057147922783,0.03583603595053681,0.039739905852670294,0.14265004538930684,0.31529453587553047,0.12899104641148296,0.11036891318696694,0.03757544584404633,0.0,0.29151310970987593,0.29151310970987593,0.29151310970987593,0.29151310970987593,0.08182863684707943,0.02739956257976231,0.0725102843717015,0.23641395620266628,0.1051613176312221,0.16457159613832212,0.12311098034120167,0.08310423971018753,0.0387766107915192,0.17807898866637278,0.07963934233456557,0.01439095523631895,0.12770627162676015,0.1309116309255512,0.03644146197427418,0.05533301043318511,0.06136082205617555,0.22026031173524943,0.29151310970987593,0.1991699898595267,0.17041628804321649,0.05801876468117151,0.0,0.07185795525165599,0.022754098849647457,0.0287819104726379,0.020978241777987214,0.010175942209507018,0.2574121820437972,0.29151310970987593,0.2884808035747068,0.053157399314641175,0.19119304016505076,0.14302566883625856,0.09654735454738653,0.045049196085430024,0.20688541663061105,0.09252196815842381,0.016718866117081267,0.14836430400749087,0.15208816889996044,0.3142428534868356,0.05826662212134065,0.09636498049237331,0.06921629228719638,0.0,0.03190968433615901,0.06687546446832507,0.23611034032589584,0.2900889341938722,0.08348184770026108,0.02643484925323114,0.033437732234162534,0.024371725844353518,0.01182202380746349,0.29905171253918933,0.35604672106150226,0.3351460589733049,0.06175625090062064,0.35604672106150226,0.2837056844273633,0.03791449328184689,0.07489576264989163,0.0,0.0,0.04627392704503505,0.07148404533866116,0.09914076186393717,0.19790223149109842,0.03669485053140589,0.06068823671064255,0.04359067691494888,0.0,0.02009591520135228,0.04211648253391269,0.14869634332217188,0.18269070170038637,0.3818589111876104,0.3309746165228816,0.06317472912610016,0.0,0.0,0.015348698868943066,0.06660089052382903,0.08681174728872315,0.23250458925689876,0.3818589111876104,0.17867069182923093,0.023877592578715853,0.04716746424994562,0.0,0.0,0.029142153339224198,0.04501885064865776,0.06243635388011358,0.3818589111876104,0.3818589111876104,0.3004708690395479,0.0,0.0,0.0,0.0,0.0,0.037411729594443534,0.3267970565215265,0.26056915392064506,0.04973609725873285,0.0,0.0,0.012083698502561033,0.05243343999148005,0.06834501019757688,0.18304583216020986,0.3267970565215265,0.3267970565215265,0.11015742525793841,0.06053122021634761,0.0,0.019659916927325705,0.05233360962849415,0.022889713417299826,0.050611048146556564,0.3267970565215265,0.3267970565215265,0.23655421357070502,0.0,0.0,0.0,0.0,0.0,0.029453445190284457,0.05160993312798914,0.3267970565215265,0.3267970565215265,0.24311791879157454,0.0,0.009267774023624137,0.0,0.017120193139934545,0.0,0.3190700756647963,0.3190700756647963,0.13255284181566224,0.07283744368079563,0.0,0.02365685156924151,0.06297322820032503,0.027543277765477145,0.06090046352651044,0.028431997774357686,0.0,0.0,0.022303894290561684,0.14541424050818852,0.3190700756647963,0.3190700756647963,0.31204455641550316,0.0,0.062102425560625174,0.3190700756647963,0.3190700756647963,0.29254470097384794,0.0,0.011151947145280842,0.0,0.020600792436983657,0.0,0.08498652647323172,0.137690537704306,0.05802503434525327,0.0,0.04231866347668809,0.27904256168876845,0.14659917137242415,0.04908720486636882,0.11992409482289061,0.03019419436878456,0.0,0.0,0.02368627504597705,0.15442691986467771,0.2999966516864345,0.2999966516864345,0.2999966516864345,0.0,0.0,0.02183766555193468,0.05406656579209691,0.0711193607493901,0.2999966516864345,0.2999966516864345,0.20493878554909847,0.20023951628785933,0.050970974133518976,0.09025393570391077,0.1462245070213043,0.06162138795804535,0.0,0.044941546513298805,0.29633743684353436,0.15568529196755432,0.052129597663805774,0.12735691165003662,0.0640380264278867,0.013503254073804457,0.015889235429895267,0.02368627504597705,0.022470773256649403,0.0951142999099398,0.2999966516864345,0.2999966516864345,0.26562764864626504,0.0,0.01942870053110197,0.04810235384462651,0.06327401427946555,0.3131215787952793,0.3131215787952793,0.1823314988578717,0.17815061720756456,0.04534824429211714,0.3131215787952793,0.08057188620855002,0.024140853039612768,0.0,0.0,0.021073385498608457,0.047485310597201826,0.13590506616065512,0.3131215787952793,0.05697383885247652,0.012013677880147169,0.014136455936713479,0.021073385498608457,0.019991968613470138,0.08462201441728387,0.3131215787952793,0.3131215787952793,0.23632562858221093,0.08996385876061563,0.0,0.0,0.0,0.0,0.1745595686919137,0.3131215787952793,0.3131215787952793,0.08747744612975257,0.33129542815451635,0.08925837467770838,0.026743488418179723,0.0,0.0,0.023345315929354245,0.052604721627115464,0.15055704770976597,0.33129542815451635,0.33129542815451635,0.15683238952438958,0.07332720238624377,0.062404634720273126,0.07777791546033064,0.09624258325137619,0.06551058844280572,0.10745088015754199,0.14196240171909924,0.0996628996859124,0.0,0.0,0.0,0.0,0.19337890819079043,0.33129542815451635,0.33129542815451635,0.09690842587808175,0.07405417715844052,0.15070906490260785,0.1402812571574305,0.13517554373511975,0.21096728050553665,0.33129542815451635,0.23262950519140385,0.0,0.011672657964677122,0.2845230583370961,0.1622195211633609,0.07584596329507222,0.06454820967401541,0.08044955663381685,0.09954847858857115,0.06776085170002011,0.11114177613819654,0.14683875505506871,0.18635138494248335,0.19376271842539894,0.2845230583370961,0.2845230583370961,0.26075969568260415,0.046140372162617876,0.013766032244819728,0.017074661963571873,0.09364439438161347,0.0765979093682095,0.15588586272019364,0.14509986383095788,0.13981877113654484,0.21821392461422937,0.2845230583370961,0.24062023830065082,0.0,0.012073609230057313,0.21486672795664175,0.2845230583370961,0.19783569593496902,0.07766400558757482,0.10749161491180745,0.11755327483990087,0.07839617299646036,0.17865125091947384,0.14580672532737116,0.1629285770823388,0.16940836803761838,0.28649194297818464,0.28649194297818464,0.2279843865453604,0.04034091393967992,0.01203575732163369,0.014928520003998557,0.08187407854812975,0.28649194297818464,0.10677454218072634,0.08459141886525158,0.10377699850733343,0.09031408327571142,0.1594448590336703,0.06163202356897107,0.18867345185634038,0.062384756914312854,0.18785978037736978,0.28649194297818464,0.17296940639709957,0.0679022907439292,0.0939808194678508,0.10277781303823195,0.06854243084351903,0.15619628539532251,0.1274800415030788,0.13162663605037464,0.03732129921412692,0.03823395138742345,0.010556057700931919,0.06390834396110422,0.2107229964398611,0.28649194297818464,0.28649194297818464,0.28649194297818464,0.30794277252796987,0.09309536021827833,0.07375417819452261,0.09048184015679961,0.07874369623711316,0.13901793708061932,0.05373617454077433,0.16450197402356606,0.05439247313500565,0.03540731054659641,0.04603378540315922,0.06664578022528428,0.30794277252796987,0.30794277252796987,0.09809334949499698,0.0,0.0,0.0,0.11476358359550769,0.032539964332251266,0.03333569411101469,0.009203691948309537,0.0557208692306299,0.18372669045622875,0.27744075608556956,0.30794277252796987,0.2800922190600664,0.026552461632637848,0.0,0.0,0.0,0.2166833773333881,0.2741962623119647,0.30794277252796987,0.30794277252796987,0.04808978057213771,0.03325417157718164,0.04323444437072527,0.0625930119032942,0.3355684001358743,0.3355684001358743,0.09212823635373912,0.0,0.0,0.0,0.0,0.0,0.0,0.02254081984509918,0.3355684001358743,0.3355684001358743,0.10772951005729973,0.0,0.01662708578859082,0.024937791131191964,0.0,0.0,0.0,0.2035067362228768,0.257522229505242,0.30656494537726836,0.309374270144804,0.04516541328803659,0.11445401487884596,0.15786307621115936,0.2661624427685661,0.3355684001358743,0.010933903924175564,0.0,0.0,0.0,0.01127040992254959,0.0,0.0,0.0,0.022031687790245464,0.3151352040039408,0.3151352040039408,0.1052962113928866,0.0,0.016251527915720692,0.12483884596032538,0.0,0.0,0.0,0.3151352040039408,0.31443211562898765,0.1107343121003545,0.04435422065677667,0.1209043807660391,0.11186882906120615,0.15429740500091763,0.26015060148049923,0.3151352040039408,0.01068693859590695,0.0,0.0,0.0,0.011015843895122732,0.23459341466847508,0.29955330625142806,0.3151352040039408,0.3151352040039408,0.0,0.0,0.0,0.0,0.0,0.12479815626546988,0.0,0.0,0.0,0.30915026333837403,0.30915026333837403,0.11069821960578892,0.04433976394107897,0.12086497346198868,0.13445924284439378,0.22852348382343143,0.059519384955428634,0.05449220290286652,0.30915026333837403,0.07045201622829268,0.028515796925917318,0.011944466339293369,0.011012253415547082,0.23451695181442883,0.2994556705152871,0.30915026333837403,0.30915026333837403,0.0,0.0,0.0,0.0,0.0,0.02136691063798105,0.23164512928191497,0.30915026333837403,0.30915026333837403,0.07026418036111577,0.0,0.0,0.0,0.0,0.13905444508176623,0.23633337180095665,0.061553485439176985,0.05635449728591901,0.3545446852244492,0.07285974407021062,0.029490336504323828,0.01235267359440978,0.011388601894559392,0.10143529971897439,0.23421523527196536,0.3476801035712202,0.0432343556047965,0.008286425236627077,0.03493863696828398,0.04296884043051854,0.12403988281991499,0.07323583173700308,0.022097133964338878,0.23956170083054817,0.3545446852244492,0.3545446852244492,0.07266548883178892,0.0,0.0,0.0,0.0,0.0,0.0,0.3545446852244492,0.3545446852244492,0.08908174762432035,0.0,0.0,0.0,0.0,0.11987127733935048,0.2767841126527984,0.37199188509740927,0.0510922474291385,0.009792492164398967,0.04128877277917308,0.050778474579037426,0.14658426835470983,0.08654652494394052,0.17126142780242856,0.25864615173406613,0.1876894331509802,0.14301492319021822,0.09139659353439035,0.007298892823407224,0.011769110764578586,0.01632082027399828,0.0,0.0,0.0,0.37199188509740927,0.37199188509740927,0.10527245352390327,0.0,0.0,0.0,0.0,0.0,0.0,0.054387186101939856,0.37199188509740927,0.37199188509740927,0.08002621579205642,0.0,0.0,0.0,0.05290904899936002,0.01919878293588372,0.0,0.08474752590020256,0.3260124598036834,0.027151179139602973,0.14691084882441655,0.05759634676059958,0.0,0.027151179139602973,0.03839756587176744,0.1402384923956027,0.3260124598036834,0.3260124598036834,0.13923394686905538,0.23310979979875163,0.01919878293588372,0.027151179139602973,0.0,0.0,0.03642712724656003,0.3260124598036834,0.3260124598036834,0.1039463067890347,0.012142376090028606,0.0,0.0,0.10581808981051372,0.0654355758119572,0.2738045956095663,0.3260124598036834,0.3260124598036834,0.07679513174353488,0.03642712724656003,0.11559145916850565,0.0,0.02279844309534907,0.03224186750882335,0.11775618554979062,0.3016521772227717,0.3016521772227717,0.11691268354547907,0.19573884722848786,0.016120933754411676,0.02279844309534907,0.0793045070540328,0.0682893672774441,0.11761368361355415,0.19745757486606952,0.007209500641275708,0.3016521772227717,0.21052770999699433,0.03224186750882335,0.0,0.0888538831628368,0.05494528410312426,0.22990966470198917,0.3016521772227717,0.3016521772227717,0.0644837350176467,0.03058731937156975,0.09706043669822279,0.0,0.0,0.1298171325015787,0.0,0.09169293481364403,0.3016521772227717,0.3016521772227717,0.1073379642861893,0.25893945289911846,0.059559827648271245,0.07558352693375876,0.06508521927243432,0.11209523081868264,0.18819283395829783,0.0068712297212507965,0.3293176057426152,0.2006497162641552,0.03072907394263801,0.0,0.06871229721250796,0.055503644803853044,0.058304314935779145,0.23816203721067075,0.14486449924246345,0.294495195904527,0.24389683414767108,0.07086818013694322,0.0,0.0,0.1237260919383956,0.0,0.0873906876868989,0.3293176057426152,0.3293176057426152,0.10230164988116477,0.2467899724674983,0.05676527103504915,0.021728736508897516,0.0,0.02477457086121504,0.0,0.061841067491257166,0.3293176057426152,0.3293176057426152,0.10515102783256991,0.0701268684869761,0.07210650065424856,0.058245376194956816,0.0611843919300224,0.24992660395033808,0.15202041749671868,0.30904246979967565,0.2559446844958176,0.07436887842078575,0.0,0.014421300130849711,0.058245376194956816,0.08718275679670956,0.31999460915114003,0.30284730274784394,0.032247007889963764,0.1325661802228446,0.0,0.0,0.022802077893702054,0.0,0.025998368304993053,0.0,0.06489585058882369,0.31999460915114003,0.31999460915114003,0.11034520696862857,0.073590947960856,0.04326390039254913,0.025998368304993053,0.04204495218984641,0.31999460915114003,0.31999460915114003,0.16715075131415463,0.19113682703122828,0.09429862652208108,0.03676724548910398,0.011844481739803465,0.047838009646117875,0.07160481797999368,0.300014087047915,0.24873411653587274,0.02648506671731472,0.1088790668468296,0.0,0.0,0.08883361304852598,0.021352942928803156,0.300014087047915,0.300014087047915,0.22546603374552926,0.01324253335865736,0.016750626429035766,0.0,0.01872777022813525,0.035533445219410396,0.021352942928803156,0.03453230041293115,0.300014087047915,0.300014087047915,0.13728401765245576,0.15698422729116068,0.07744921399562654,0.03019762184180437,0.02368896347960693,0.07744921399562654,0.1984763309688299,0.15891039465599932,0.300014087047915,0.300014087047915,0.2970943243522618,0.123243026692308,0.0,0.05551760444612506,0.013344771180638666,0.19284391802751535,0.33170855672738164,0.14090763223469582,0.008276075954143062,0.010468499708595909,0.0,0.01170413882767073,0.040712909927158376,0.0,0.005234249854297954,0.33170855672738164,0.33170855672738164,0.2041022804206366,0.02668954236127733,0.0,0.0,0.01480469451896668,0.04840279123763314,0.12404010212470512,0.09931290792000251,0.33170855672738164,0.33170855672738164,0.1856725693861816,0.07702216955770122,0.0,0.0,0.021581364633819582,0.06045302031053453,0.1783816481455502,0.33170855672738164,0.33170855672738164,0.13513574469176598,0.0518863721038755,0.0,0.029017112644761624,0.0,0.003730581230983795,0.32993461270384344,0.3748401616991707,0.14546881744917087,0.01902230664720201,0.0,0.0,0.0,0.0,0.0,0.14861637051058413,0.3748401616991707,0.21775843753711138,0.05126527401123292,0.0,0.0,0.0,0.015381580184949608,0.04308638471691965,0.12713707733636664,0.3748401616991707,0.3748401616991707,0.09631463663664512,0.036980719549644284,0.0,0.0,0.0,0.02269224057122817,0.2527483025302084,0.3748401616991707,0.019204342592957245,0.016890925457497884,0.0058985670306454015,0.010876419772120357,0.0,0.0,0.0,0.1429214871362043,0.422332825016315,0.20941407479093127,0.04930082180689919,0.0,0.0,0.0,0.0,0.14602206227692946,0.422332825016315,0.2561118149405914,0.14592337356699647,0.018293384136880107,0.0,0.0,0.0,0.0,0.02182268856216931,0.24306315074620966,0.422332825016315,0.018468444582712556,0.016243676098390822,0.005672537750021199,0.01045964238803929,0.0,0.04799517540020659,0.030594187164778193,0.1859854447291167,0.08167317185064432,0.422332825016315,0.08050774895904579,0.0,0.0,0.0,0.0,0.14658715124612462,0.40011380218239534,0.2571029388793083,0.1464880806219761,0.01836417747744666,0.0,0.0,0.0025466532356146613,0.10672374728898423,0.14951262964242498,0.40011380218239534,0.28498507301786663,0.032212896502682255,0.021609068289812558,0.0,0.015490687357782001,0.0,0.04818091133469715,0.030712583230542014,0.18670518749680864,0.08198923784623649,0.40011380218239534,0.08081930489903252,0.0,0.0,0.0413182645245606,0.22022321415287444,0.1148088739188507,0.09221125119606886,0.03855161436927422,0.3406276159644693,0.18399769750365294,0.13741844573632783,0.010500120028493359,0.002710182558605921,0.11357684448226801,0.15911334746381597,0.32974953170025373,0.30328494023240643,0.03428139687132381,0.022996660545596077,0.0,0.016485397427005836,0.06624838029768151,0.0977655163655476,0.27677387869879116,0.32974953170025373,0.1718074342379034,0.08845012191799739,0.03271479744257017,0.014594779547338007,0.0,0.0439714517470622,0.234364500690728,0.12218114477331082,0.09813245133018551,0.04102714551339009,0.32974953170025373,0.1958128195956329,0.1462425546034108,0.011174368683776829,0.20902386368508125,0.32974953170025373,0.32974953170025373,0.04640928651536448,0.016485397427005836,0.041381309813791865,0.051149293913854026,0.021850190382359514,0.033024560358452096,0.0949082070999059,0.14006002611320234,0.29936530274763756,0.29936530274763756,0.24613334660689143,0.12671468270295222,0.04686760275435117,0.020908652462627873,0.0,0.02780854115579744,0.04222471367893151,0.04682454690504243,0.16808101574526516,0.29936530274763756,0.1519869555156266,0.13004495711542888,0.04427421727986314,0.0,0.29936530274763756,0.29936530274763756,0.29936530274763756,0.06648648851741408,0.023617173825173234,0.059283350086827336,0.07327707874482038,0.0313028391737741,0.047311372742995274,0.0,0.020908652462627873,0.11091749603490442,0.2911825765798587,0.29936530274763756,0.2690322601471438,0.02799811019511072,0.0420526791231409,0.016008531717834465,0.03146090644427764,0.0477704946565429,0.05297446857143435,0.1901567249355158,0.28621445399078177,0.17194887575865708,0.14712502200086314,0.050089179433456386,0.0,0.062036929502043286,0.01964423314404807,0.024848207058939527,0.018111087376478336,0.008785168006203535,0.2222309462395977,0.28621445399078177,0.24905333322359535,0.045892230334766755,0.0,0.023654788480894966,0.12548536603331206,0.28621445399078177,0.28621445399078177,0.28621445399078177,0.03167537342322318,0.0475758651348219,0.018111087376478336,0.03953325602791591,0.01964423314404807,0.02826179128835499,0.051564008815845476,0.28621445399078177,0.28621445399078177,0.28621445399078177,0.28621445399078177,0.15062584831330225,0.05018519597963919,0.01589133598514584,0.02010112607127762,0.014651087290885316,0.007106821398871122,0.17977523515904406,0.289906782357812,0.20147338750537047,0.03712483180227602,0.289906782357812,0.170549955059037,0.022792335438596777,0.045023662390951104,0.0,0.0,0.027817617380015747,0.04297270512769094,0.05959856784167542,0.03198069629492005,0.01589133598514584,0.022862568246467454,0.04171305557335516,0.2575951924472928,0.25214611608511206,0.289906782357812,0.289906782357812,0.12184980426785151,0.25041026606623573,0.289906782357812,0.289906782357812,0.289906782357812,0.289906782357812,0.03276082775292249,0.0,0.0,0.0,0.3262880716904295,0.12353369098188656,0.01650907103348383,0.03261178928338762,0.0,0.0,0.020149011168520598,0.03112622852384984,0.04316876577403952,0.3262880716904295,0.3262880716904295,0.20774686158638236,0.0,0.0,0.0,0.0,0.0,0.025866632045255133,0.18137855513483025,0.264739795793245,0.29625037413868194,0.31613582840871185,0.2614101713055259,0.023729504769083178,0.0,0.0,0.0,0.3262880716904295,0.3262880716904295,0.02428142712662493,0.0,0.0,0.0,0.0,0.0,0.2093756698759232,0.3492231422365486,0.3492231422365486,0.2370298211273076,0.0,0.0,0.0,0.0,0.0,0.029512663248120033,0.05171369823883164,0.3492231422365486,0.3492231422365486,0.24360672310233858,0.0,0.009286407483125814,0.0,0.017154614396292404,0.0,0.3492231422365486,0.3492231422365486,0.027704015765102296,0.0,0.0,0.0,0.0,0.0,0.23888821809452246,0.18352301301738827,0.08322824331531023,0.11233979084491978,0.04494040006484247,0.04404929785648462,0.006566481720959461,0.01245902232503107,0.036854058859026054,0.17951735616931125,0.08421269986152623,0.29645068769268984,0.29645068769268984,0.29645068769268984,0.0,0.015122365500850589,0.0,0.027935275228690118,0.0,0.11524420796056054,0.1867123839494065,0.07868363848367496,0.0,0.05738534161478557,0.29645068769268984,0.1987927509640112,0.06656368109837084,0.16262056936288907,0.29645068769268984,0.13553227313090052,0.18293870697930578,0.07318278427582434,0.07173167701848196,0.0106931272205577,0.020288781180960863,0.06001465575021892,0.2923334000442677,0.29645068769268984,0.07575639552130002,0.11554490505786434,0.015122365500850589,0.038256894409857044,0.06232410924294138,0.12535447859269658,0.29645068769268984,0.23747246560751448,0.13028353756050176,0.2110782859960141,0.08895182631037753,0.0,0.06487410900728946,0.28658440444586786,0.2247351367613951,0.07525021864450392,0.18384249787157017,0.09244029699478763,0.019492243696551302,0.022936460164237647,0.03419165802081705,0.03243705450364473,0.1372995799929479,0.28658440444586786,0.28658440444586786,0.28658440444586786,0.28658440444586786,0.08564257914571478,0.1306234755258381,0.017095829010408525,0.04324940600485964,0.07045738411648739,0.14171319504141838,0.28658440444586786,0.2684625408953272,0.13365416885801393,0.10436336824035715,0.28658440444586786,0.10164460694292488,0.06487410900728946,0.17879852253259876,0.1734972555956332,0.04361172499830784,0.0,0.05836573849086629,0.012307178094173579,0.014481816690047535,0.02158821894227216,0.020480382496828802,0.08668937293901198,0.34894566452711995,0.34894566452711995,0.24209918296420627,0.09216172123572962,0.0,0.0,0.0,0.0,0.17882414705688704,0.34894566452711995,0.34894566452711995,0.0896145642893791,0.08438770234826036,0.06589382830613502,0.21757035246170026,0.06417723374657873,0.040960764993657604,0.11289132713711808,0.1095441682705617,0.027535940700518725,0.0,0.0,0.0275196871417548,0.024614356188347158,0.05733239887945308,0.2887021627083006,0.34894566452711995,0.3020920221557188,0.012307178094173579,0.04891047726658785,0.07041345125700303,0.0,0.0,0.0,0.0,0.1366253276689421,0.37633255440202457,0.37633255440202457,0.0684673709420853,0.052320474420837954,0.10647839295216,0.09911097804955876,0.09550370890199128,0.1490517973038554,0.2514154746326465,0.16435650955729755,0.0,0.008246921725393467,0.0,0.021025607195503282,0.018805874569742375,0.043803132361425065,0.22057439237334078,0.37633255440202457,0.23080452048832426,0.009402937284871188,0.037368610967657055,0.0,0.014044001287743338,0.0,0.016493843450786933,0.0,0.37633255440202457,0.37633255440202457,0.10694905035433545,0.0,0.05956706884513718,0.12122607513999874,0.11283824388327084,0.108731353568635,0.16969606582837232,0.2862375208167281,0.18712054178252596,0.0,0.009389153283008447,0.16709308755670313,0.3624050977370555,0.1538487488364122,0.06039612837715662,0.08359184315262834,0.09141638555302244,0.06096550509789191,0.13892978869220707,0.11338794122838271,0.0,0.015989151490473134,0.0,0.018778306566016895,0.0,0.3624050977370555,0.3624050977370555,0.1217619204699236,0.0,0.04506662531023357,0.0,0.016795827502448936,0.07929173251658367,0.21157819439617645,0.3266010471831866,0.3624050977370555,0.06281265943050922,0.01224195768876102,0.19535488562343958,0.2888605918450588,0.17987042535225983,0.07061141142187655,0.09773040403357555,0.10687837423411435,0.07127709140769971,0.16242810146436826,0.13256615586944062,0.13687818850296404,0.03881031972169928,0.03975938428767598,0.010977216308128935,0.06645811679235258,0.21913028315610916,0.2888605918450588,0.2888605918450588,0.2888605918450588,0.052689106184164856,0.0,0.01963664092075906,0.09270298109372728,0.2473641164399012,0.2888605918450588,0.2888605918450588,0.07343666981189215,0.014312538472205384,0.08146995162288609,0.09395564409287985,0.022334273293461056,0.2302195115546307,0.2888605918450588,0.19635969884400128,0.022334273293461056,0.09392553849520788,0.02528975478033432,0.1270844235201209,0.03603340431669233,0.03691456240747106,0.010191786007922119,0.061702975128181965,0.20345130232412414,0.2878780976023151,0.2878780976023151,0.2878780976023151,0.029403092635354035,0.0,0.0,0.0,0.23994616787031361,0.2878780976023151,0.2878780976023151,0.2878780976023151,0.05325262465452026,0.07564069885380177,0.08723302811497044,0.02073623473018761,0.2137470858505005,0.2878780976023151,0.18230997504495813,0.02073623473018761,0.08720507660153565,0.023480248696850715,0.05518649809073758,0.0,0.0,0.04397045078791818,0.08071933577855661,0.2878780976023151,0.2878780976023151,0.1264108578218412,0.0,0.031115666822087988,0.0,0.0,0.0,0.2539217594312618,0.2870806653334915,0.2870806653334915,0.2870806653334915,0.05635430757917651,0.1428078763947146,0.19697072836384513,0.2870806653334915,0.2870806653334915,0.01364257603167702,0.0,0.0,0.0,0.014062445156169915,0.05840081888544203,0.0,0.0,0.04653149631915938,0.0854208089378273,0.2870806653334915,0.2870806653334915,0.13377361978410762,0.0,0.09350723219493037,0.2192786331592642,0.1848644929961968,0.2870806653334915,0.2870806653334915,0.05072309029576892,0.00964675785975465,0.012297251741598401,0.07402630403057178,0.13104730282383314,0.18074971310394145,0.27732100927238545,0.27732100927238545,0.012519076942079049,0.0,0.0,0.0,0.01290436882998387,0.2748114422089514,0.27732100927238545,0.27732100927238545,0.27732100927238545,0.0,0.0,0.0,0.0,0.0,0.08580668575869282,0.20122050805512748,0.16964045546120593,0.27732100927238545,0.2644698939983692,0.04654592128922853,0.008852324048439168,0.011284543356894272,0.06793005908448982,0.27732100927238545,0.24270852769982162,0.10928921978387537,0.0,0.0,0.07569890555970529,0.04038034370946838,0.2101608331343104,0.2449929115745142,0.2322858294465003,0.29162625224814415,0.29162625224814415,0.29162625224814415,0.0,0.0,0.0,0.0,0.0,0.02116363240206209,0.22944132855295304,0.29162625224814415,0.29162625224814415,0.0695957084947754,0.0,0.0,0.0,0.0,0.29162625224814415,0.2051506706464771,0.0923772928194016,0.0,0.0,0.06398490151934323,0.0341316997447172,0.17763955914416693,0.20708155823558885,0.19724710621628233,0.16773339617026622,0.03387834239905124,0.01774624489301413,0.0,0.02132833246320113,0.2155887823733425,0.29162625224814415,0.21686958886576888,0.02132758284894438,0.23121876484719983,0.34335694751033463,0.34335694751033463,0.0701348525931059,0.0,0.0,0.0,0.0,0.0,0.0,0.34335694751033463,0.34335694751033463,0.08597940148494228,0.0,0.0,0.0,0.0,0.19877514027943524,0.16903279339739438,0.03414079117298734,0.017883721519210336,0.0,0.021493558808667945,0.2172589057501535,0.34335694751033463,0.21854963439548883,0.13023573865445978,0.028903192240417732,0.04346193466237334,0.0745842297047555,0.0,0.05015915438556301,0.16256664133640128,0.34335694751033463,0.08496439093844246,0.0,0.0,0.3774109330188906,0.3774109330188906,0.10521324880937234,0.0,0.0,0.0,0.0,0.0,0.0,0.05435659901367963,0.3774109330188906,0.3774109330188906,0.07998120943851984,0.0,0.0,0.0,0.15936985996958605,0.035368922137807235,0.05318449845420019,0.0912689432777236,0.0,0.06137990610879285,0.1989332815491425,0.3774109330188906,0.10397117739076955,0.019573969829111977,0.0,0.020925270767836245,0.06863168719281589,0.3774109330188906,0.15643815252988832,0.04613628621336521,0.02917915184669719,0.0,0.0,0.0,0.029832997707200878,0.29245991284157596,0.29245991284157596,0.08512968676117919,0.009944332848481823,0.0,0.0,0.08666263494592615,0.05359026447389802,0.22423980397226173,0.29245991284157596,0.29245991284157596,0.06289348522385653,0.029832997707200878,0.09466680457684687,0.0,0.0,0.015723371305964132,0.1103723497732631,0.09839878351309148,0.29245991284157596,0.29245991284157596,0.29245991284157596,0.0,0.0,0.05809100758674842,0.2309114396420596,0.29245991284157596,0.08022112759414034,0.04219023187128086,0.2433881404257562,0.29245991284157596,0.03515852655940072,0.0,0.08076033727204403,0.049940413606285025,0.20896759266455006,0.2811859234518745,0.2811859234518745,0.05861002359393112,0.027801173575820484,0.08821937009950362,0.0,0.0,0.117992315375836,0.0,0.08334078463900664,0.2811859234518745,0.2811859234518745,0.09756073555008044,0.23535310787540054,0.05413462639470792,0.05413462639470792,0.21518484589237152,0.2811859234518745,0.07475753910423888,0.03931679849841162,0.2268118009689444,0.2811859234518745,0.03276399874867635,0.0,0.0805036561188223,0.11154149067256011,0.24748255158634677,0.2811859234518745,0.27575992325723103,0.15670216299715978,0.05142762885748391,0.02930501179696556,0.0,0.0,0.08814336629410693,0.0,0.062257760467497696,0.30349706469181037,0.3542867630064158,0.07288043820584542,0.1758149683717986,0.040439991268114074,0.015479709665165101,0.0,0.017649584174101916,0.0,0.04405602551977893,0.3542867630064158,0.3542867630064158,0.07491035574826733,0.04995889031380613,0.06013835076203073,0.08332443039214762,0.18487598218911572,0.3542867630064158,0.20599992336343892,0.11706064168790908,0.03841779283323494,0.021891615406015242,0.0,0.0,0.0,0.0,0.15209325223654538,0.3542867630064158,0.29534161633028244,0.08366156889140625,0.0,0.0,0.013019451117491315,0.0,0.014844457898062094,0.0,0.03705400702549894,0.36733531776297407,0.36733531776297407,0.06300452243320863,0.04201870347661795,0.024702671350332633,0.014844457898062094,0.02400668054573033,0.2928341379040227,0.2593780491784926,0.095439154542475,0.10913464061855489,0.05384230174873233,0.020993233932527115,0.0,0.0,0.0,0.12792040068103303,0.36733531776297407,0.24840167031207533,0.07036486666448588,0.0,0.0,0.0,0.0,0.0,0.36733531776297407,0.36733531776297407,0.23545030465406278,0.02400668054573033,0.0,0.0,0.022826303252786007,0.013716901010376637,0.022183178590611013,0.27059101178850326,0.23967618415425307,0.08818977724636687,0.1008449801567476,0.04975254255358197,0.01939862767085264,0.015217535501857336,0.04975254255358197,0.12749906155229854,0.10208232936715878,0.3420201218126662,0.3420201218126662,0.19085020043713116,0.07916999558300927,0.0,0.0,0.0,0.0,0.3420201218126662,0.3420201218126662,0.2175659457543696,0.022183178590611013,0.0,0.0,0.0,0.0,0.0,0.16805440261230167,0.3420201218126662,0.33682090814514043,0.013716901010376637,0.01701372216588366,0.01939862767085264,0.013280237091822354,0.04341869686795908,0.11126754172465804,0.08908653682561835,0.3333433652249485,0.3333433652249485,0.16655363876217497,0.06909110294321745,0.0,0.0,0.019359105230777707,0.05422809917571238,0.16001347256223458,0.3333433652249485,0.3333433652249485,0.12122065246178991,0.04654356916930687,0.0,0.0,0.0,0.0,0.14665990499864703,0.3333433652249485,0.29394125724920667,0.011970643837868873,0.014847756665312265,0.016929047065043196,0.03360931195573381,0.029849709961667907,0.04272238034422608,0.04211073265233562,0.3333433652249485,0.3333433652249485,0.08126188419278932,0.026818400503181142,0.0,0.0,0.016719826808682527,0.04683503785807702,0.13819840929646923,0.3620957087298328,0.3620957087298328,0.10469431777117323,0.04019816031226172,0.0,0.0,0.0,0.024666538007787727,0.2747382124385698,0.3620957087298328,0.020875181760780983,0.018360489942643467,0.006411761209572955,0.011822703044926358,0.02902726486374276,0.025780219431579772,0.03689792434592945,0.03636966421435681,0.3620957087298328,0.3620957087298328,0.07018323489923362,0.023162176472195335,0.0,0.0,0.0,0.016719826808682527,0.27828171764142967,0.3620957087298328,0.1193813916523113,0.022415644002601116,0.0,0.0,0.0,0.0,0.02554276917157496,0.28449775727400095,0.3957037486736797,0.021616732310061313,0.019012710917677214,0.006639526653787953,0.01224268175636515,0.0,0.05617684013151057,0.035809531832690394,0.21769010131152708,0.09559587353997431,0.3957037486736797,0.09423178277624619,0.0,0.0,0.0,0.0,0.01731376639186471,0.2881671386613018,0.3957037486736797,0.12362218522087037,0.02321191650039705,0.0,0.0,0.0,0.014846432718313193,0.22236017159114066,0.15295101447804282,0.1965545723530406,0.3957037486736797,0.054834123283294116,0.08575798806485577,0.0,0.0,0.058317930261433365,0.03717435468468138,0.22598701025494344,0.09923935688326364,0.3351351911920423,0.09782327598866129,0.0,0.0,0.05001141743310129,0.26655705940678764,0.13896407762157817,0.111612029901544,0.04666267814311649,0.3351351911920423,0.22270987812459553,0.1663305884651155,0.012709291929008805,0.0,0.015412280681340805,0.23083507277047344,0.1587804969959982,0.20404593452063666,0.3351351911920423,0.056924037914839506,0.08902651618743891,0.0,0.02465964909014529,0.0,0.04402416346725459,0.08527243610264132,0.17334280460219653,0.3351351911920423,0.3351351911920423,0.0826124148797166,0.0,0.04633648215330882,0.24696993326699976,0.12875272953974298,0.10341056296885599,0.0432338146763466,0.3044806189810359,0.2063447273193186,0.15410829645596075,0.011775388678744541,0.22026633518886538,0.3044806189810359,0.3044806189810359,0.04890543729911434,0.017372074228085833,0.043607027912045654,0.05390038878468444,0.02302541572933729,0.034800805769905546,0.0228476105781415,0.0,0.040789183140900485,0.07900645325489196,0.16060524144508523,0.3044806189810359,0.3044806189810359,0.07654189551488488,0.0,0.01999165925587381,0.02940381941158553,0.016652914191058927,0.3044806189810359,0.3044806189810359,0.3044806189810359,0.014279756611338438,0.0,0.0,0.20991619920266616,0.318403436382635,0.318403436382635,0.04660741056672078,0.016555774585796584,0.04155796912847503,0.05136765334350981,0.021943470166784263,0.03316554420422423,0.0,0.014657085544040055,0.0777538021936202,0.20412065968829918,0.29512724439925475,0.18859316056504608,0.019626836159560946,0.029479169753557417,0.011222072739607248,0.019052267443181992,0.028022157846450728,0.01587040729414171,0.318403436382635,0.318403436382635,0.318403436382635,0.013608762459415709,0.0,0.0,0.0,0.0,0.04304901799658985,0.318403436382635,0.318403436382635,0.24645039802416746,0.041554233965896616,0.0,0.0,0.0,0.015289400889463305,0.08110814724020565,0.2129265457596479,0.3078592083988787,0.1967291811339947,0.020473549487971907,0.030750918584489965,0.011706199599574642,0.025552534547699724,0.012697156685548583,0.01826716215243251,0.033328676893053896,0.20581822214347326,0.20146441725087016,0.26743213411252054,0.32388971717124265,0.09735783437833709,0.0,0.0,0.044906178112279704,0.34216604535786127,0.34216604535786127,0.2570824140609242,0.04334690821378819,0.0,0.0,0.0,0.0,0.058825785968261886,0.34216604535786127,0.34216604535786127,0.0,0.0,0.0,0.0,0.022224269785823626,0.011043328604672937,0.01588783058444561,0.028987555245961118,0.17901001903417446,0.17522330526034413,0.2325986053094002,0.2817024840268067,0.08467679685350342,0.1740170151041988,0.25399490589716867,0.2842265768011727,0.30330494796522406,0.25080041956806537,0.022766404698433645,0.0,0.0,0.0,0.0,0.0,0.05116361882932902,0.3344333437115479,0.3344333437115479,0.0,0.0,0.0,0.0,0.017285543166751707,0.0,0.3344333437115479,0.3344333437115479,0.11671669724792191,0.0,0.0,0.0,0.0,0.16498526112326875,0.24081217488032483,0.2694747750019464,0.287562949002764,0.23778348736464577,0.021584792853503305,0.0,0.0,0.0,0.3197575753489421,0.3197575753489421,0.022086831554887307,0.0,0.0,0.0,0.0,0.0,0.1904519502962179,0.016388396567521935,0.0,0.3197575753489421,0.3197575753489421,0.1106589189646965,0.0,0.0,0.0,0.0,0.07627237254742364,0.18575363629307665,0.2847524628818133,0.3197575753489421,0.1434197613920216,0.0,0.0,0.0,0.0,0.3338190267264536,0.3338190267264536,0.03231599056204461,0.0,0.0,0.0,0.0,0.0,0.27865669247310787,0.21407466725667343,0.09708351122370894,0.13104134979808724,0.05242177006625002,0.051382323265494745,0.007659624623361199,0.014533115028586558,0.04298927016066564,0.20940217609168119,0.11159668897107541,0.27178243028635074,0.3338190267264536,0.3338190267264536,0.20984230554018493,0.0,0.0,0.0,0.0,0.0,0.177589736635949,0.21992647327017414,0.2709408503029343,0.2510843505165824,0.05423515448683946,0.024701546601241815,0.032446688701820575,0.021664689994727638,0.25918854022070925,0.14352905917074285,0.1937326062058464,0.07750077477457792,0.07596404809988377,0.011324051859422316,0.02148587644370041,0.06355568955864453,0.25918854022070925,0.25918854022070925,0.08022623633588152,0.12236238005770608,0.016014627679688226,0.04051415898660468,0.06600140731539532,0.1327507460741223,0.25918854022070925,0.2514840102673092,0.0,0.25918854022070925,0.25918854022070925,0.25918854022070925,0.25918854022070925,0.08018169717346334,0.03651896907157466,0.047969450670640505,0.03202925535937645,0.20049581668231325,0.13792070831682107,0.25918854022070925,0.20277665453602847,0.1328691887567447,0.0,0.07161958653578,0.25918854022070925,0.10455538916717365,0.2573950750553174,0.08260730144006742,0.12599401986193093,0.016489931930095656,0.041716594182300115,0.06796028828705022,0.13669070616035117,0.2573950750553174,0.2573950750553174,0.12891730171729734,0.10066460288244732,0.2573950750553174,0.09804219780916651,0.06257489127345017,0.172461684307275,0.16734830075151957,0.042066072147674244,0.0,0.2064464085889162,0.14201410968670322,0.2573950750553174,0.2087949403002748,0.13681266414858076,0.0,0.07374521159392944,0.2573950750553174,0.10765852848880712,0.23413304014745734,0.08265253589859527,0.18210066205421285,0.2573950750553174,0.15278102476957048,0.2573950750553174,0.20144698642845807,0.09865612529093622,0.10757987543295003,0.09117573626181368,0.07119423972615425,0.23507142062680844,0.06933956459606648,0.04425559414725366,0.12197215450684909,0.1183557546576852,0.029750894942848164,0.0,0.0,0.029733333969555402,0.026594302079956392,0.06194414036677318,0.30990068147603794,0.30990068147603794,0.30990068147603794,0.013297151039978196,0.05284477064316916,0.16558873040543137,0.05845534861554805,0.12878924485222032,0.24976167949273068,0.1080531645841215,0.28344408349367906,0.1424717788898142,0.06977375992451404,0.07608501123505405,0.21533167675693143,0.04823006832647229,0.06367248059586432,0.06191497641913777,0.23751515685262342,0.30990068147603794,0.21830514732151335,0.30990068147603794,0.11315928926640725,0.0,0.018687849059750787,0.016714920150848894,0.03893282692400278,0.19604955580073893,0.3557281051435146,0.20514223447094687,0.008357460075424447,0.033213735748163116,0.0,0.012482501638117899,0.0,0.014659955070852224,0.0,0.3537272192383234,0.3557281051435146,0.09505778794026722,0.0,0.13533920807995933,0.03031332570876372,0.04001911483770334,0.03891449694284577,0.1492818600567863,0.19910695775183512,0.13720807919785738,0.279237553555156,0.07112232081624573,0.014099493570299092,0.008357460075424447,0.0,0.18788098052209845,0.2262358780836206,0.3557281051435146,0.3557281051435146,0.0,0.05074937793158646,0.0,0.011034382217407438,0.0,0.012959225020073326,0.0,0.3126906329302796,0.3464832804963256,0.08402994810520406,0.0,0.03110123568584002,0.0,0.011591082893303751,0.05472055748485048,0.14601366853190403,0.2253928727470053,0.2607324607528175,0.04334807213885313,0.00844838078540975,0.012463783754008537,0.0073878947916453785,0.0,0.1660845406285646,0.1999898115328316,0.3464832804963256,0.3464832804963256,0.0,0.044861843373026115,0.0,0.0,0.0,0.11614975606885335,0.25529879858564625,0.3464832804963256,0.3464832804963256,0.0,0.0,0.03552633702648123,0.0,0.013240268699576853,0.06250622924184408,0.16678857557737048,0.25746189770275146,0.29782962220583553,0.049515660271796144,0.0096504211646859,0.054932208353832966,0.06335085408199505,0.015059183533910484,0.15522859562229144,0.28714185637140033,0.13239816244305339,0.015059183533910484,0.06333055497869389,0.017051956594269235,0.0,0.0,0.0,0.13267560881911686,0.29162285552335115,0.3573539647317495,0.3573539647317495,0.0,0.0,0.0,0.0,0.0,0.2449231322186263,0.3573539647317495,0.3573539647317495,0.0,0.0,0.0,0.05554960483825307,0.06406286977856598,0.015228437369696328,0.15697324765960544,0.29036911371215124,0.13388621767486747,0.015228437369696328,0.06404234252869306,0.01724360769240047,0.04052828976729372,0.0,0.0,0.03229136169867558,0.05927929373010699,0.3665696991215193,0.3353461194532781,0.09283458912562564,0.0,0.0,0.0,0.0,0.247675883023963,0.3665696991215193,0.3665696991215193,0.0,0.0,0.0,0.0,0.0,0.0,0.02413750646677099,0.3665696991215193,0.3665696991215193,0.0,0.0,0.0,0.038099964807043564,0.0,0.0,0.03035656701418239,0.0557274688340319,0.3793607815361375,0.31525325698937545,0.08727223869725281,0.0,0.06100295036648839,0.143054641454474,0.12060328624917259,0.22197971635797253,0.1880208246520992,0.03309111057096886,0.006293424338444379,0.008022573441946148,0.04829383615138576,0.0,0.0,0.0,0.022691264600459605,0.3793607815361375,0.3793607815361375,0.0,0.0,0.0,0.0,0.0,0.030911542235722456,0.3793607815361375,0.3793607815361375,0.19896627304058215,0.0,0.0,0.0,0.0655166772122506,0.15363953237638364,0.12952695776931406,0.23840442694852917,0.20193285085240484,0.035539586148673384,0.006759087035372146,0.008616179241328991,0.05186719093851914,0.283746557873978,0.18531721771294338,0.08344648755570298,0.0,0.0,0.057799001523298185,0.030831932513661474,0.1604658115550556,0.1870614319268334,0.0,0.0,0.03319874731670721,0.3789570567844775,0.3789570567844775,0.21368817423764103,0.0,0.0,0.0,0.0075568892594367314,0.06858000037266672,0.06999628105589144,0.18570085440952608,0.3789570567844775,0.3789570567844775,0.02254436708264044,0.0306030691215117,0.0,0.3104027490799046,0.23975162680710152,0.10795775691931836,0.0,0.0,0.07477667112670563,0.039888392827089225,0.20760045851130493,0.242008180193997,0.230515037797947,0.19602351030575074,0.03959230393010669,0.020739347667788958,0.0,0.02492559438885264,0.25195024287510726,0.3104027490799046,0.2534470717142071,0.009776622571344198,0.08872444157481045,0.09055673542213429,0.2402479515590254,0.3104027490799046,0.3104027490799046,0.029166467908944872,0.03959230393010669,0.0,0.2148260383150832,0.04162228619994113,0.09258748722884884,0.08155123155672074,0.14981313318667286,0.07537499931887737,0.09719673009272889,0.18211172234073025,0.06761797911473746,0.2647012729939637,0.2553383983335008,0.05157256625023325,0.02701488106051686,0.0,0.03246784703953653,0.2647012729939637,0.2647012729939637,0.2647012729939637,0.1967321502853586,0.04366072798692384,0.06565294557414995,0.11266581691623247,0.0,0.07576966507594779,0.24557072617089726,0.2647012729939637,0.12834593253511084,0.2647012729939637,0.05421680224323455,0.12060359830238263,0.10622787447963905,0.19514519160249036,0.09818277190553013,0.12660755511632568,0.2372170329350188,0.08807854965343233,0.0,0.009004960673554014,0.0,0.02173989719404298,0.020135703905142518,0.2647012729939637,0.2647012729939637,0.2647012729939637,0.04600434252317333,0.21314398737121815,0.04730300381084011,0.07112986149972118,0.12206465198051886,0.0,0.08209054042587347,0.2660567867620468,0.3290256017022555,0.1390528380019786,0.026178563367358427,0.0,0.02798581644691266,0.09178919697289446,0.3290256017022555,0.20922307149903074,0.06170346141919851,0.03902469873476815,0.0,0.0,0.009756174683692038,0.0,0.02355348816275066,0.02181546947279869,0.3290256017022555,0.3290256017022555,0.2876998921892367,0.04984212792651109,0.0,0.0,0.0,0.14685345117171555,0.3290256017022555,0.3290256017022555,0.13157285258181747,0.04132781675969747,0.0,0.0,0.014665538224175824,0.10294674615220119,0.09177873451835765,0.27164889092340166,0.27164889092340166,0.27164889092340166,0.0,0.0,0.05418277516102373,0.21537623697696184,0.27164889092340166,0.07482403043373342,0.03935176789728367,0.22701353337442726,0.27164889092340166,0.03279313991440306,0.0,0.08739079563163298,0.1296045575940781,0.06492710574201428,0.02933107644835165,0.20987609545217958,0.09177872826356259,0.24704346374253985,0.27164889092340166,0.041480406006263765,0.27164889092340166,0.061960481465120336,0.12985419897443845,0.02933107644835165,0.0,0.12110980783931177,0.27164889092340166,0.24874196585016695,0.19622371675001454,0.0498637497995407,0.19820813462340384,0.28595214007679776,0.06885964628893344,0.03621495397325597,0.2089177971348164,0.28595214007679776,0.03017912831104664,0.0,0.07415243133643645,0.10274157879305246,0.2279577574263982,0.28595214007679776,0.25400422490739355,0.1443393622367564,0.04737031709493621,0.026993033358392753,0.0,0.27431416672077436,0.05702147843210372,0.11950324192214806,0.026993033358392753,0.0,0.1114558849823187,0.28595214007679776,0.22891420959775508,0.18058230291233024,0.09694898762141159,0.026993033358392753,0.025607838377062004,0.0,0.0,0.03250391551904297,0.2405776533981972,0.28595214007679776,0.28595214007679776,0.0627903420031739,0.08699888532436928,0.19302867475967467,0.35588135285364425,0.2150841430920073,0.12222280181543518,0.04011194720904994,0.022856995593126754,0.0,0.0,0.0,0.0,0.1588002863945715,0.35588135285364425,0.3083656412615995,0.08735089101462593,0.0,0.0,0.08209387042200324,0.022856995593126754,0.021684048664060932,0.0,0.0,0.027523466663191155,0.20371487303844055,0.35588135285364425,0.35588135285364425,0.14821840595599603,0.0,0.058539845754038956,0.09284808342565548,0.0,0.0666101628143336,0.18141610364494792,0.2731367043343409,0.23957498115352927,0.0,0.0,0.0,0.1454618263907094,0.39517349463984697,0.28246441106914727,0.08001383645034565,0.0,0.0,0.0,0.0,0.0,0.39517349463984697,0.39517349463984697,0.26773705489422445,0.02729866056679746,0.0,0.0,0.1357687729952092,0.0,0.05362278036989744,0.08504929114809512,0.0,0.06101522962673133,0.16617802380602292,0.25019453534291985,0.21945183543008676,0.06238132439595742,0.010468558968840346,0.019862692907127843,0.148937699758723,0.1693154921443319,0.34799363357555113,0.006620897821742602,0.0523427937280018,0.04441433187081527,0.0,0.0,0.0,0.3592942089410095,0.3592942089410095,0.24018464771827905,0.02448939753224485,0.0,0.0,0.0,0.0,0.0,0.1855257602424245,0.3592942089410095,0.3592942089410095,0.015142944478468088,0.018782511438637548,0.021415357707690447,0.055961758562564703,0.009391255719318774,0.017818653830040967,0.13361075090129926,0.15189149611733727,0.3121821457308884,0.0059395514435692425,0.046956277595260346,0.03984372151344158,0.0,0.0,0.0059395514435692425,0.041399649606516445,0.19423805075601092,0.3592942089410095,0.27115480394191904,0.0397819953101322,0.021415357707690447,0.0,0.0,0.0,0.16909903926337763,0.3485190095266103,0.33891460792347256,0.01380216612281572,0.017119480524304703,0.019519210750680062,0.03875157536799283,0.03441674994167684,0.049258953708717364,0.048553723215984564,0.3485190095266103,0.3485190095266103,0.09369504600360469,0.03092164664712042,0.0,0.0,0.0,0.005413654909434485,0.03773406434316582,0.17703993088783904,0.3485190095266103,0.24714636273859597,0.03625963951385147,0.019519210750680062,0.0,0.008559740262152352,0.0,0.0,0.3485190095266103,0.3485190095266103,0.11589799469792146,0.024511365888087416,0.0,0.03160153911340792,0.02806653043418231,0.04017020566336295,0.03959509694098386,0.35192286405272705,0.35192286405272705,0.07640741396699587,0.025216307122756552,0.0,0.0,0.0,0.018202619617942856,0.30296104803096724,0.35192286405272705,0.12996869444719514,0.024403568645740125,0.0,0.0,0.0,0.006980386323040753,0.0,0.0,0.35192286405272705,0.35192286405272705,0.09451370629017124,0.01998878446823691,0.0,0.0,0.0,0.0,0.0,0.35192286405272705,0.35192286405272705,0.051235522313105554,0.0,0.0,0.0,0.0,0.01707331246950827,0.28416506786878487,0.3818689541218032,0.12190531792268387,0.022889548955311468,0.0,0.0,0.0,0.01464024517371303,0.2192720292294611,0.15082682783215373,0.1938248186524484,0.3818689541218032,0.05407258591909356,0.08456697946875501,0.0,0.0,0.0,0.0,0.0,0.3818689541218032,0.3818689541218032,0.048056823707277686,0.0,0.0,0.0,0.0,0.0,0.02986035841088127,0.3818689541218032,0.2245497643418732,0.04630249237208971,0.0,0.0,0.0,0.0140497015328921,0.2104272523193133,0.14474292534386762,0.18600650599918814,0.3889537243730087,0.05189145975772303,0.08115580080636642,0.0,0.02247952245262736,0.0,0.040132045979347546,0.07773361392744228,0.15801779878585923,0.3889537243730087,0.3889537243730087,0.07530876162777604,0.0,0.0,0.0,0.0,0.02865588098834181,0.3889537243730087,0.21549209940481123,0.04443478851193896,0.0,0.0,0.0,0.0,0.0,0.16056888423227084,0.3889537243730087,0.14132987647348597,0.02194633573278145,0.0,0.0,0.020046583087022472,0.0,0.03578858918700771,0.06932057180195432,0.1409156684384498,0.33787976844631007,0.33787976844631007,0.0671581591794684,0.0,0.017540760201144662,0.025799026418722382,0.01461133219293838,0.33787976844631007,0.33787976844631007,0.33787976844631007,0.012529114429389044,0.0,0.0,0.0,0.0,0.0,0.14319065210286513,0.33787976844631007,0.12603386559367155,0.019571102706920415,0.0,0.0,0.0,0.0,0.04383399657881514,0.33787976844631007,0.33787976844631007,0.08939004858790439,0.08840677616765852,0.0,0.0,0.01783935852675445,0.026238206135145985,0.014860062537445061,0.33246369872685877,0.33246369872685877,0.33246369872685877,0.01274239894768175,0.0,0.0,0.0,0.0,0.04030842358034891,0.33246369872685877,0.33246369872685877,0.23076082794480132,0.038908800762585745,0.0,0.0,0.0,0.0,0.04458018761233518,0.33246369872685877,0.33246369872685877,0.09091174539741803,0.08991173462062792,0.0,0.0,0.029074304224904274,0.08939432742702934,0.17123982953020522,0.33246369872685877,0.036040946808750765,0.012994748212120058,0.0,0.0,0.0,0.0,0.0,0.04102293947694186,0.3529549721775003,0.3529549721775003,0.23485134464657323,0.03959850664023731,0.0,0.0,0.0,0.0,0.05373885640915067,0.3529549721775003,0.3529549721775003,0.0,0.0,0.0,0.0,0.02958968167472352,0.0909789507473764,0.1742752640488811,0.3529549721775003,0.036679816482524566,0.013225095949517292,0.0,0.0,0.0,0.03128533151803159,0.07699572523778576,0.12829685156044204,0.3529549721775003,0.3529549721775003,0.03969185412732986,0.026039073626632967,0.0,0.0,0.0,0.0,0.0543596811986118,0.35906235818669957,0.35906235818669957,0.0,0.0,0.0,0.0,0.01836532750007176,0.0,0.35906235818669957,0.35906235818669957,0.12400769527496562,0.0,0.0,0.0,0.0,0.031646759182309095,0.0778852278826916,0.12977901681628798,0.35906235818669957,0.35906235818669957,0.04015039918445403,0.02633989324733603,0.0,0.0,0.11467055327199371,0.15554431801837387,0.027959517913104037,0.2891642737086831,0.21583090993356838,0.09702441286474535,0.02837877099082454,0.04604403727700785,0.02993152013433026,0.019887386550366763,0.0,0.33910586556063366,0.33910586556063366,0.13428505269746455,0.0,0.0,0.0,0.0,0.09255683737665117,0.2254128006285632,0.33910586556063366,0.33910586556063366,0.17404046954886349,0.0,0.0,0.0,0.0,0.12417407851047867,0.16843532891708532,0.03027671248975174,0.31312927513969835,0.2337182789334683,0.10506548295727529,0.03073071190898487,0.049860018432220925,0.032412147888415586,0.03409266265777159,0.06610637635110769,0.18926551437121136,0.33910586556063366,0.2399016360347306,0.06869229973295517,0.018279288375928182,0.0,0.008984205567144096,0.11272460573766922,0.2745293573037378,0.30321879106695526,0.30321879106695526,0.2119631987041462,0.0,0.0,0.0,0.0,0.0,0.17938465047589797,0.22214928793346195,0.27367927140332254,0.25362208036670697,0.05478331358231554,0.02495120713175773,0.032774630010336626,0.021883656769758425,0.04152131885195695,0.08051069399227793,0.2305057205056793,0.30321879106695526,0.29217525257252125,0.08366007983938024,0.02226227293135085,0.0,0.010941828384879212,0.0,0.0,0.11723434813334764,0.30321879106695526,0.30321879106695526,0.03945637857555158,0.02495120713175773,0.09666925571785769,0.04209405505386783,0.0,0.24648080958395552,0.28738524031722207,0.28738524031722207,0.28738524031722207,0.07527419680356152,0.034283834863334195,0.045033492650185115,0.03006891293629489,0.1882245212468525,0.12947930646400613,0.28738524031722207,0.190365761000186,0.12473696387303292,0.0,0.06723612796846898,0.28738524031722207,0.09815610318170628,0.0,0.0,0.16108411150170993,0.28738524031722207,0.28738524031722207,0.05421444983588308,0.034283834863334195,0.1328269522949924,0.057838709949951744,0.08557762544180696,0.021261932294493826,0.026894452547607316,0.0771608487652107,0.12361212563816561,0.12242880702329573,0.26501995151726343,0.2398409967504612,0.09829888998020536,0.21639337990739282,0.14885661319900928,0.2502679063809968,0.2188550682376197,0.14340455235623725,0.0,0.07729839282683944,0.2502679063809968,0.11284571630373266,0.24541400478604267,0.08663488855661494,0.19087461009675635,0.2502679063809968,0.16014229824377502,0.2502679063809968,0.21115307630376048,0.10340956060312438,0.11276327359759263,0.09838479859653869,0.024443900093833307,0.030919358694520033,0.08870840393281826,0.14211137575055588,0.1407509668469614,0.2502679063809968,0.2502679063809968,0.11300987195002514,0.032794932865512896,0.031929250569050265,0.09700569725843369,0.2502679063809968,0.032794932865512896,0.11475346012324242,0.21480422064237642,0.2502679063809968,0.0345688949416562,0.1636019685652802,0.05775399136920796,0.1272440095184643,0.24676499624784276,0.10675672427941182,0.2800432730186964,0.14076237817816134,0.0689366024481418,0.07517213028863234,0.21274809055931418,0.0476513957376777,0.06290852730987742,0.061172109968128566,0.23466540947587297,0.3129885690904191,0.21568588491672874,0.31930707210616216,0.11180158480655258,0.02186230398889304,0.021285208447923917,0.06466755247877339,0.17175674316921016,0.02186230398889304,0.07649886155522108,0.1431963647871746,0.27128650333715076,0.02304489211409078,0.31930707210616216,0.22658281590260704,0.09748860627385632,0.055539233965064806,0.007287434662964346,0.00814759976361301,0.0,0.0,0.31930707210616216,0.1283948446629176,0.028757924631077188,0.037965701927993166,0.036917762864109145,0.14162208797363782,0.1888906199063127,0.13016782250342457,0.26490965051003834,0.06747297743808997,0.013376037236118733,0.007928632089576651,0.0,0.17824065658046018,0.2146275335567484,0.29588718254995827,0.29588718254995827,0.0,0.04814538660826261,0.29588718254995827,0.1367441906276043,0.05883500258934811,0.03351828586989749,0.004398013815694406,0.004917129001132261,0.0,0.0,0.28333222212229686,0.29588718254995827,0.2450100237817606,0.29588718254995827,0.11732241740162119,0.1269022623489216,0.0,0.1785561330048312,0.0373915479217691,0.29588718254995827,0.010165981633684497,0.006025874986743519,0.0,0.1354654752515179,0.16312002768123424,0.2889242160472828,0.2889242160472828,0.0,0.03659118970487087,0.0,0.0,0.0,0.09473658322843916,0.20823234330334803,0.2889242160472828,0.2889242160472828,0.0,0.0,0.23449815163156407,0.18621115939392494,0.2889242160472828,0.08916673297707023,0.09644755360194315,0.0,0.13570524189386518,0.02841811686956971,0.2889242160472828,0.0,0.0,0.0,0.056394015763891234,0.2889242160472828,0.2730008185409808,0.2889242160472828,0.17041716299547555,0.022737163838618627,0.0,0.0,0.0,0.09975094376148716,0.21925397832945656,0.31520905593340637,0.31520905593340637,0.0,0.0,0.0,0.0,0.0,0.18414321822435262,0.31520905593340637,0.31413535045890173,0.0,0.0,0.0,0.0,0.0,0.0,0.059378923149295604,0.31453264457500835,0.28745061695392116,0.31520905593340637,0.17943725921551737,0.023940630684271026,0.029915527323854746,0.0,0.0,0.10615868080786946,0.17329826494833572,0.2678456989678215,0.23161779753711897,0.07849931335750834,0.14268203550182218,0.0,0.0,0.0,0.2279018174036001,0.341896173328765,0.341896173328765,0.0,0.0,0.0,0.0,0.0,0.0,0.022210404679716158,0.341896173328765,0.341896173328765,0.0,0.0,0.0,0.03702445906743641,0.0,0.0,0.1313855406817396,0.21447973982130167,0.3314948123918003,0.2866579476058469,0.09715338067630729,0.17658806832675356,0.026841764518930968,0.04426041385907958,0.06419063482633933,0.16584492626132746,0.27801957069422595,0.26205394582015346,0.04373037178256173,0.0,0.022210404679716158,0.0,0.0,0.0,0.021227728513895396,0.3629056819167086,0.3629056819167086,0.0,0.0,0.0,0.0,0.0,0.028917816528940248,0.3629056819167086,0.3629056819167086,0.1861333910601666,0.0,0.0,0.0,0.025654178672491364,0.04230215805888692,0.06135058720801048,0.15850729065272717,0.26571888506095426,0.2504596425901936,0.04179556714064318,0.0,0.021227728513895396,0.062292562761288306,0.15845683682239387,0.3629056819167086,0.29058385712181717,0.11091243924060734,0.11382696978236942,0.002943756234646638,0.0,0.0,0.0,0.0,0.02667036427269602,0.33489552351363766,0.33489552351363766,0.17166736423266013,0.0,0.0,0.0,0.006070861270605068,0.0550940544325955,0.05623182994483528,0.1491836238760885,0.33489552351363766,0.33489552351363766,0.018111119574948886,0.024585114418533012,0.0,0.05745127190570161,0.14614179308188838,0.33489552351363766,0.2680000861561567,0.10229247958468415,0.10498049688899555,0.002714971617219921,0.0,0.0,0.0,0.0,0.0,0.0,0.0,0.33489552351363766,0.33489552351363766,0.14992744290080276,0.12189798568526743,0.008961241572155824,0.0813247262543332,0.08300420479380045,0.2202110100318632,0.3299011567509994,0.3299011567509994,0.026733952633567797,0.036290262544841106,0.0,0.19690931211492793,0.03815094207649235,0.08486558968211562,0.07474976978538649,0.13731855427275097,0.06908864206104584,0.08909041665754068,0.166923405819099,0.061978565813126024,0.0,0.0,0.0,0.0,0.0,0.3299011567509994,0.3299011567509994,0.22130896659343124,0.17993448510741564,0.0,0.0,0.0,0.03589077123152366,0.13969458467917348,0.3299011567509994,0.3299011567509994,0.2404805715291847,0.08127362167764751,0.2847928554825676,0.06046685770327759,0.13450665320202312,0.11847371118394379,0.21764132231865566,0.10950117771775954,0.14120273978965697,0.264563160898435,0.09823215144101839,0.0,0.010043042989304056,0.0,0.024246049485150443,0.022456926495319343,0.2847928554825676,0.2847928554825676,0.2847928554825676,0.051307674336855284,0.0,0.0,0.0,0.05688462823712693,0.221407181945287,0.2847928554825676,0.2847928554825676,0.2847928554825676,0.12881360851218496,0.2847928554825676,0.07256001165133782,0.050814223160585696,0.04708851108111179,0.12126740307472446,0.1771051582127262,0.09930721306119798,0.1291346946564305,0.03272146311250881,0.0,0.01131045049202399,0.0,0.027305841727554046,0.025290935784984855,0.32922764439701796,0.32922764439701796,0.32922764439701796,0.057782577558010126,0.0,0.0,0.0,0.17024896979724696,0.32922764439701796,0.32922764439701796,0.15253398831701281,0.047911834357101245,0.0,0.32922764439701796,0.08171690794883381,0.05722685404817629,0.05303096620150428,0.13657105323891822,0.19945539673388624,0.11183954086682564,0.14543117780833115,0.036850831859902865,0.10362622881565947,0.23651030694944852,0.15022051177489837,0.11214284608808128,0.2634443663059865,0.10277296460106915,0.018237552990368923,0.040858453974416904,0.015995392441495847,0.11008609121283233,0.16326272172919748,0.08178860523285333,0.03694832543777656,0.25822823748379575,0.11561356522726408,0.25822823748379575,0.25822823748379575,0.05225282280755387,0.25822823748379575,0.07805155182373967,0.16357719470738946,0.03694832543777656,0.0,0.15256189460461994,0.25822823748379575,0.25822823748379575,0.24718280482668986,0.25822823748379575,0.02978869159774122,0.0,0.0,0.16523793224124877,0.06307473684155349,0.11157729289101526,0.25822823748379575,0.25822823748379575,0.19136433970544642,0.03694832543777656,0.07652503575669485,0.12614946580394837,0.1487141390171239,0.25822823748379575,0.11141399732895299,0.048174720018277856,0.10219401866815306,0.28793292329064035,0.06326735739322824,0.13259309516747333,0.029949730094182687,0.0,0.12366426656494431,0.28793292329064035,0.25398845328527214,0.2003624846530499,0.1075683482331837,0.029949730094182687,0.028412807019704535,0.0,0.0,0.036064249759346696,0.26692945880895474,0.28793292329064035,0.28793292329064035,0.15511691682702958,0.029949730094182687,0.0620299875354408,0.10225476818201751,0.12054533654718315,0.2262519170710839,0.09031042974695995,0.03904966855236907,0.08283686040130413,0.2745754888019172,0.0,0.0,0.0,0.0,0.09138984958924762,0.26275864849307456,0.28793292329064035,0.28793292329064035,0.09331041626069658,0.025979963696436,0.02464675616656537,0.0,0.0,0.031284018137746644,0.23154858583226243,0.2832070588360467,0.2832070588360467,0.16846959567329675,0.0,0.066538187894748,0.1055339852892806,0.0,0.07571115830509498,0.20620311919130363,0.2832070588360467,0.27230828686927994,0.23818115250362648,0.0,0.0,0.0,0.0,0.07927633962259228,0.22793060663009476,0.2832070588360467,0.2832070588360467,0.22075326329604403,0.0,0.0,0.0,0.023237185610109897,0.10351742742512657,0.18074287116791038,0.2832070588360467,0.2832070588360467,0.19126910259715493,0.0,0.07554300487400392,0.1198162230942039,0.0,0.08595738149505151,0.23410921954688527,0.2971532100800979,0.2971532100800979,0.08788191623752693,0.014747955920071144,0.02798227724753228,0.20982129798536714,0.2385292399997218,0.2971532100800979,0.009327426011258504,0.07373977802786925,0.0625702745334733,0.25062847926523757,0.0,0.0,0.0,0.026381945185814475,0.11752675827136456,0.20520335809530885,0.2971532100800979,0.2971532100800979,0.053834187563443894,0.0,0.0,0.0,0.2971532100800979,0.2971532100800979,0.12732680845770258,0.0684952085689501,0.027193885995370357,0.09067910561104675,0.015217367914562296,0.02887292383234422,0.21649969019835102,0.2461213759472089,0.32621771715057835,0.009624308214537585,0.0760868379502744,0.06456182085513296,0.0,0.0,0.009624308214537585,0.06708300981522242,0.31473872820663135,0.32621771715057835,0.32621771715057835,0.06446180118004353,0.03470093744646985,0.0555476733843213,0.0,0.0,0.0,0.32621771715057835,0.32621771715057835,0.1313794874482182,0.07067533933701677,0.02805943891214298,0.11636590532192737,0.03968203863169603,0.04812154188395646,0.03470093744646985,0.2329941683977847,0.32621771715057835,0.12173334880868401,0.10055151028994522,0.04139571685307279,0.0,0.0,0.007574834665795525,0.052797842391071305,0.24771586444902052,0.3305907529123405,0.3305907529123405,0.05073481390180865,0.027311455332247075,0.0,0.011976865602379228,0.0,0.0,0.3305907529123405,0.3305907529123405,0.1621655171267111,0.034296523724020984,0.0,0.09158606248891482,0.031231842864588726,0.03787417396748846,0.027311455332247075,0.18337861427191807,0.3305907529123405,0.0958105216483554,0.07913930527410563,0.03258059738366116,0.08087362328039079,0.023953731204758456,0.13786431599081217,0.18845778913546105,0.3305907529123405,0.3305907529123405,0.0763752582994677,0.10332829707091788,0.0,0.0,0.008916327331302161,0.0,0.0,0.33518081324353777,0.33518081324353777,0.12072614660253075,0.025532475858157218,0.0,0.0,0.0,0.0,0.0,0.33518081324353777,0.33518081324353777,0.06544518695562425,0.0,0.0,0.060207379925273266,0.017832654662604322,0.10263481360565357,0.14029975720287663,0.33518081324353777,0.317320973333025,0.056858515877102826,0.0769240425547828,0.0,0.024572099244085963,0.008916327331302161,0.011278360733598083,0.22146359407061755,0.33518081324353777,0.33518081324353777,0.011278360733598083,0.0,0.0,0.0,0.0,0.0,0.0,0.4003699092920401,0.4003699092920401,0.057220236539109265,0.0,0.0,0.0,0.0,0.0,0.035554092834363824,0.4003699092920401,0.2673666222451031,0.055131391579673755,0.0,0.0,0.021483953158578848,0.0077957506531867145,0.009860930940383289,0.1936307286602225,0.35733308630653043,0.31658435270749063,0.009860930940383289,0.0,0.0,0.0,0.0,0.009860930940383289,0.01437465338654679,0.4003699092920401,0.11406561536035321,0.012570269923152615,0.012570269923152615,0.0,0.0,0.0,0.0,0.03297162341505206,0.42719076533241773,0.24794646353343686,0.05112692622987861,0.0,0.0,0.0,0.0,0.0,0.1847514925552417,0.42719076533241773,0.16261497827532856,0.025251581600857376,0.0,0.0,0.0,0.0,0.009144682807766839,0.013330551292396773,0.42719076533241773,0.10578046616992356,0.011657229114594549,0.011657229114594549,0.0,0.036885167537498584,0.02891802707181829,0.016229570903897535,0.058573691695557976,0.42719076533241773,0.34795118623150395,0.050295751973941503,0.04925362988027908,0.0,0.0,0.0,0.0,0.19996750850290448,0.3875408149152426,0.17600784492308455,0.027331285872948526,0.0,0.0,0.0,0.0,0.06121471586911723,0.3875408149152426,0.3875408149152426,0.12483430334709082,0.12346115130700554,0.0,0.0,0.039923006581288584,0.03129969747141283,0.01756622808745771,0.063397783856473,0.3875408149152426,0.3766082256171191,0.05443807826073106,0.05331012765127553,0.0,0.04242374880244742,0.020442236325637637,0.0,0.07910042033228784,0.21696357560039398,0.22348926494783797,0.1323022192309843,0.11205805165043499,0.053530716495636906,0.0,0.0,0.07996304839656024,0.38724008290308676,0.38724008290308676,0.1630675124170638,0.1612738028248811,0.0,0.0,0.052150296361450334,0.16034573458025572,0.30715121468788437,0.38724008290308676,0.06464629532264614,0.023308553324691613,0.0,0.0,0.0,0.05541694068966588,0.026703113939724264,0.0,0.10332663722139407,0.283413369640055,0.2919376926839824,0.17282263928103542,0.1463782569293693,0.06992565779436473,0.1027914312051195,0.09289756143429803,0.1236237837306489,0.13526118616730853,0.2110310913822949,0.07836234777370672,0.03587552364652071,0.06132885938983977,0.13767236403468167,0.050178151091035135,0.15428200907633977,0.29553580964491777,0.3703268201981081,0.06220159424776091,0.022427103814205405,0.0,0.0,0.0,0.05305363231352104,0.13056926995080767,0.21756566606133054,0.3703268201981081,0.3703268201981081,0.06730940452076,0.04415703369407694,0.0,0.0,0.09890421197466012,0.0893844944107483,0.11894875640759325,0.13014607221432642,0.2030506195956035,0.07539895265760944,0.03451883443822209,0.059009612359154875,0.13246606760798335,0.0490952326631832,0.019669871485478604,0.1903673382997746,0.3689481255191577,0.16341432529479366,0.25445150225083824,0.06553270136456751,0.07888376110512495,0.04172609633344351,0.04620335608503544,0.11371018741280048,0.18947362324799175,0.3047442283753544,0.3047442283753544,0.058618425342986114,0.0384554848077082,0.0,0.0,0.1674157020241013,0.22709022023412603,0.04082009012876166,0.3047442283753544,0.3047442283753544,0.14165284573711706,0.041432187535895094,0.06722296705475847,0.04369915652235084,0.04275606434277281,0.017130100932954147,0.16578713906801207,0.3047442283753544,0.14231429464381706,0.2215967663701597,0.057071129804428855,0.06869830291974342,0.03633842967696764,0.19923263936539087,0.3047442283753544,0.3047442283753544,0.1899021447662119,0.0,0.0,0.0,0.0,0.023299456642779225,0.1709842297406721,0.23193073241589843,0.041690185473799435,0.2829232588764759,0.2829232588764759,0.1446722286267295,0.04231532996394951,0.06865584950380434,0.044630620234269114,0.04694464202410597,0.0910266295262847,0.2606133146259088,0.2829232588764759,0.2829232588764759,0.09458737362777019,0.025170068348056653,0.0,0.01237099954480725,0.20347935688964433,0.2829232588764759,0.2829232588764759,0.19394997934111277,0.0,0.0,0.0,0.0,0.023796093193625734,0.11150544106213964,0.2829232588764759,0.11672987939490433,0.23345465502127805,0.15712969190514864,0.15348963046524158,0.09452265127655021,0.06849781922060304,0.12379265933647354,0.04869232409816496,0.09441542112902834,0.27031557666465045,0.2939663429586703,0.2939663429586703,0.0981087266553785,0.026107114097221166,0.0,0.012831554215381784,0.0,0.0,0.13748149222088157,0.2939663429586703,0.2939663429586703,0.0462707550352799,0.0292604449447234,0.11336467289310255,0.049363975614477085,0.11565662961320526,0.29394098047293554,0.12107556633444441,0.24214583889433441,0.16297940624963178,0.15920383051346637,0.09804159478332417,0.07104789534435982,0.12840128350089577,0.08475948346850185,0.18346297033873296,0.2836814286822198,0.2939663429586703,0.1347304630863478,0.1767278186125604,0.011476890657429907,0.08012118500812973,0.05024164319053263,0.0,0.0,0.1487001522182377,0.2941398233289487,0.2941398233289487,0.05004650593946536,0.03164813348303817,0.12261537057141916,0.0533921371480081,0.0789985170544703,0.019627339649891752,0.024826838291949895,0.07122881238695881,0.11410896907867933,0.11301662262369107,0.24464552564558,0.22140229965876462,0.09074178555955952,0.09167596227029523,0.19843377588562436,0.2941398233289487,0.2941398233289487,0.1457246356999507,0.19114902743900636,0.012413419145974948,0.08665917291232961,0.05434142348501403,0.2686482342762983,0.24364445640103524,0.2941398233289487,0.2941398233289487,0.07958064365860189,0.04738458741239619,0.10393014541792003,0.07110664624524822,0.10015921799204494,0.07987490716208383,0.019845080525914473,0.025102261126373277,0.07201900730302221,0.11537486590078776,0.11427040122304123,0.24735956290275868,0.22385848228672506,0.0917484525980908,0.026624969054027944,0.025922154248812238,0.0787552668017882,0.20917365223830614,0.026624969054027944,0.09316400607231966,0.1743914448836124,0.28781965048479047,0.02806518195441791,0.2716285516762471,0.2463473880423661,0.28781965048479047,0.28781965048479047,0.08046349173550726,0.047910260364369954,0.10508312087522259,0.0718954858801991,0.10127035970846489,0.07831783812052577,0.059535239461780985,0.15251572811253275,0.28781965048479047,0.28781965048479047,0.27155029492173,0.19755573199156212,0.059741338434403574,0.12733811967998385,0.020527056033999395,0.019985206807474024,0.06071795882024923,0.16126663928206297,0.020527056033999395,0.07182666650683119,0.13445059611945243,0.25471758411641315,0.021637417170840646,0.32398889406718656,0.21274419021605068,0.09153445513687047,0.052147155590988224,0.006842352011333132,0.007649982223980261,0.0,0.0,0.32398889406718656,0.060380714370014126,0.045899891712537715,0.11758507176775669,0.32398889406718656,0.32398889406718656,0.20935716802510743,0.152309569720047,0.04605878786565582,0.09817388755010444,0.1823915632588556,0.21964995582529767,0.11463209144539124,0.14226037418268087,0.15449884620978765,0.18785407244371502,0.13701681744322194,0.08933465321664669,0.32398889406718656,0.28616512534415534,0.1289044286879774,0.055461898314125554,0.031596629230311445,0.0041458686886218276,0.004635222174828443,0.0,0.0,0.2670883351895536,0.28616512534415534,0.23096320943114373,0.28616512534415534,0.1105961366112724,0.11962675381104895,0.0,0.1683192259070342,0.03524783100834547,0.28616512534415534,0.11051338339962836,0.13308872048748108,0.06945705188033524,0.0861973821251399,0.09361282901967498,0.11382318765309377,0.08302024396166514,0.05412901016585138,0.21849931844645315,0.1793420011437214,0.0,0.0,0.04635222075983231,0.1791296341822391,0.25646960754982423,0.2312836260709733,0.28616512534415534,0.28616512534415534,0.23039362370140207,0.18295182067708476,0.28058907246097464,0.08760600704639973,0.0947593881524476,0.0,0.13332993124963496,0.027920701629397488,0.28058907246097464,0.0,0.0,0.0,0.055406925626137964,0.28058907246097464,0.2682223608991521,0.28058907246097464,0.1674342737896241,0.02233918490625199,0.14206135130321465,0.0,0.0,0.036716770611752624,0.14189313004256218,0.20315608605000057,0.18320563083055652,0.26335855157808596,0.28058907246097464,0.0,0.04380626071174393,0.28058907246097464,0.28058907246097464,0.15365601547409866,0.0051925355940292805,0.06353869726875615,0.05346203329118313,0.07259254140525304,0.0,0.0,0.0,0.06401378329133829,0.2875548497238641,0.2875548497238641,0.2875548497238641,0.19344335020919093,0.02580933205251415,0.03225060310272845,0.0,0.0,0.11444496510391707,0.18682517278522406,0.2875548497238641,0.24969687410260974,0.08462662788868726,0.15381917380374438,0.0,0.0506110824290632,0.2875548497238641,0.2875548497238641,0.17752479071550106,0.005999138997380964,0.07340873639192408,0.06176677328224926,0.08386899582624027,0.06350386827713385,0.10400313066535974,0.2875548497238641,0.2875548497238641,0.2875548497238641,0.05733043088237367,0.0,0.0324175606300869,0.04331457785860509,0.04764384072511423,0.0,0.0,0.1690696348168752,0.2701074986900594,0.2701074986900594,0.2701074986900594,0.12501898235481426,0.22723718355996436,0.0345405384908306,0.05695521721164841,0.08260183831827793,0.21341268585372752,0.2701074986900594,0.2701074986900594,0.05627314809011906,0.0,0.02858080873169115,0.09381431336297807,0.15364390478373513,0.2701074986900594,0.2701074986900594,0.2701074986900594,0.08469428955984074,0.0,0.04789048720846796,0.06398865912669864,0.022420630929465522,0.050688458257988074,0.052349773948340214,0.2701074986900594,0.2701074986900594,0.23486199758340892,0.05616681015870544,0.03760054035822455,0.0,0.03759648914570205,0.06199429132401316,0.08990997979294943,0.23229422811068182,0.2861076471854456,0.2861076471854456,0.06125187660077414,0.0,0.031109476348831915,0.09129045562561766,0.23222028745139578,0.2861076471854456,0.2861076471854456,0.1625434347857014,0.16681471227530867,0.0043141080732457945,0.0,0.0,0.024404281004571333,0.05517308513342154,0.05698138459975701,0.2861076471854456,0.2861076471854456,0.25564125310978036,0.06113613049319016,0.040927222597464695,0.0,0.08390905060939964,0.04668260513851687,0.008628216146491589,0.06484628402616487,0.2861076471854456,0.2861076471854456,0.2507059410213629,0.010998860713295616,0.04966515768121937,0.0819965412921073,0.20857887342529707,0.2973044751338409,0.2973044751338409,0.1459955410544216,0.14983197695176148,0.0038749060714211867,0.0,0.0,0.0,0.0,0.0,0.0,0.0,0.2973044751338409,0.2973044751338409,0.2139818903019916,0.1739772312277526,0.07536660745008313,0.04193003675610301,0.007749812142842373,0.058244544507444186,0.2973044751338409,0.2973044751338409,0.22518257691076915,0.009879110915410978,0.04460894761318671,0.14388489351747558,0.12724687557349826,0.2973044751338409,0.12808474204401174,0.2973044751338409,0.04602136438123381,0.0,0.04912641001542929,0.036041132686622075,0.0,0.0,0.0,0.0,0.0,0.3011456520021683,0.3011456520021683,0.23785670325211353,0.19338856480967698,0.0,0.0,0.0,0.03857439964458903,0.15013984243577255,0.3011456520021683,0.3011456520021683,0.2584618093906627,0.08735062122050744,0.15993870496025622,0.14144431699490642,0.3011456520021683,0.14237566756929643,0.3011456520021683,0.05115615155766589,0.0,0.0546076395174871,0.04006238560755498,0.3011456520021683,0.3011456520021683,0.058797328708818306,0.0,0.0,0.0,0.04968637155700214,0.03819028230498233,0.040085064636536404,0.0,0.0,0.0,0.051659251073574664,0.20106889252972454,0.33178166930385683,0.33178166930385683,0.33178166930385683,0.11698089185157011,0.2925348540710909,0.06589470610887276,0.04614646862802336,0.04276299752684853,0.11012787490432893,0.16083641781744168,0.09018493065578496,0.11727248327540227,0.029715695273201274,0.33178166930385683,0.33178166930385683,0.07874201527982602,0.0,0.0,0.0,0.06654052342608893,0.05114483699918118,0.05368234988589841,0.33178166930385683,0.33178166930385683,0.043547900553498047,0.0,0.0,0.0,0.0,0.0,0.0,0.32793009397296663,0.09185838384655998,0.0643289920952456,0.059612373636822716,0.15352020219125975,0.22420880639440174,0.12571938576775915,0.1634799124159182,0.041424203913485294,0.1164867607213,0.26586241580546993,0.16886362661795043,0.12606033267992342,0.29613912628095734,0.11552760216141607,0.020500924289257746,0.04592919192327999,0.017980500431896952,0.32793009397296663,0.32793009397296663,0.060706542315337994,0.0,0.0,0.0,0.0,0.0,0.0,0.32793009397296663,0.24173285734236535,0.32793009397296663,0.12079396199814108,0.11371866828982206,0.043408768065919194,0.040205620737344586,0.04893058865044893,0.0,0.2985470087489179,0.021786040298565346,0.0,0.0,0.12084720937969706,0.04612987966063222,0.08160235542244522,0.2985470087489179,0.291736634855088,0.13995482825594566,0.027022257903161633,0.055966792209528424,0.09225975355882045,0.10876248844172737,0.20413665281635024,0.08148292877075788,0.03523271199228793,0.0747398723999527,0.0,0.013511128951580817,0.0,0.0,0.2985470087489179,0.2985470087489179,0.2985470087489179,0.2985470087489179,0.18650744657010915,0.08655412150437601,0.0,0.030211802344924266,0.10366191876864954,0.2985470087489179,0.2985470087489179,0.15080999347004873,0.027022257903161633,0.03821524351494118,0.14833398349347968,0.02864009200478472,0.05931754792059853,0.09778338433940516,0.11527414499570562,0.2163584012542868,0.08636134645657359,0.03734210948076054,0.07921458042594094,0.2625688858235517,0.0,0.0,0.0,0.0,0.08739356556164372,0.2512687708446578,0.2919130846350973,0.2919130846350973,0.09173615366126044,0.0,0.03202059583214045,0.10986820204166875,0.2919130846350973,0.2919130846350973,0.15983905207705928,0.02864009200478472,0.040503206437279685,0.03202059583214045,0.0,0.0,0.032654728685639525,0.2919130846350973,0.2919130846350973,0.2919130846350973,0.2919130846350973,0.12583727471095343,0.21554592699902833,0.0,0.0,0.0,0.0,0.07174241930322879,0.20626952796689743,0.2639832413015488,0.2639832413015488,0.1997742738039775,0.0,0.0,0.0,0.021028870926734472,0.09367978792765233,0.1635662154828142,0.2639832413015488,0.2639832413015488,0.02628608865841809,0.0,0.0,0.026806655873833896,0.2637310998708219,0.2639832413015488,0.2639832413015488,0.2639832413015488,0.10330131821799782,0.0,0.01895516792629121,0.05261778670490641,0.18865186023409733,0.20503149153566108,0.2639832413015488,0.2639832413015488,0.17533371837065012,0.09822230649813876,0.19801392001764465,0.0,0.0,0.0,0.02084357052817312,0.09285430841899892,0.16212491675471155,0.29283819601607153,0.29283819601607153,0.04253275023514538,0.0,0.0,0.0,0.29283819601607153,0.29283819601607153,0.10059702927600406,0.054115975929496754,0.021485060206416398,0.0,0.018788140405708843,0.052154133811614836,0.186989513976302,0.20322481264968795,0.29283819601607153,0.29283819601607153,0.17378872777136786,0.0973567996145247,0.0,0.0,0.1090343264359147,0.07760809319921882,0.29283819601607153,0.29283819601607153,0.29283819601607153,0.03757628081141769,0.0,0.04221702716035411,0.0,0.0,0.0,0.3306280919645804,0.3306280919645804,0.09985029168621043,0.053714269897760465,0.02132557535690765,0.08843975429044022,0.030158917568010778,0.036573060885148174,0.02637320934274925,0.1770789042305733,0.3306280919645804,0.09251908819690821,0.07642058761948828,0.031461337554450575,0.0,0.0,0.10822495829936526,0.07703200381684688,0.3306280919645804,0.3306280919645804,0.33042998264319284,0.03729734989697148,0.0,0.0,0.0,0.0,0.0327119405188237,0.14593958196899073,0.3306280919645804,0.3306280919645804,0.10771302289220568,0.0,0.08906926270832556,0.03037358678137182,0.036833385553389844,0.02656093213122954,0.17833934035160742,0.3442583514473759,0.09317763304817228,0.07696454439087667,0.031685277308550495,0.0786512030584036,0.023295478804752426,0.13407578233397152,0.18327893867004363,0.3442583514473759,0.3442583514473759,0.07427645387326133,0.10048881878863858,0.0,0.0,0.0,0.0,0.03294478198347021,0.14697837041983197,0.3442583514473759,0.3442583514473759,0.10847971718224,0.0,0.0,0.0,0.0,0.0,0.0,0.3442583514473759,0.3442583514473759,0.06085830632817773,0.0,0.07766900266228685,0.023004563629649935,0.13240143685167416,0.18099014156127086,0.32126412963309375,0.32126412963309375,0.07334888557704224,0.09923390908883128,0.0,0.03169861309320591,0.011502281814824968,0.014549363066974302,0.2856934897153697,0.32126412963309375,0.32126412963309375,0.014549363066974302,0.0,0.0,0.0,0.0,0.0,0.0,0.0,0.32126412963309375,0.32126412963309375,0.060098304570313406,0.0,0.03086386038802038,0.0,0.0,0.0,0.05186549681001379,0.32126412963309375,0.32126412963309375,0.10863945853827874,0.0,0.032644052237850246,0.011845347533457215,0.014983310676376446,0.2942145504871057,0.3533360218513327,0.3533360218513327,0.014983310676376446,0.0,0.0,0.0,0.0,0.014983310676376446,0.02184174079080262,0.3533360218513327,0.17331837762265054,0.019100048533266117,0.019100048533266117,0.0,0.031784402295638614,0.0,0.0,0.0,0.05341243108112621,0.3533360218513327,0.3533360218513327,0.11187972638384797,0.0,0.0,0.0,0.019100048533266117,0.09088148430823748,0.29665442142596044,0.3533360218513327,0.121530572045483,0.0522180688088126,0.027011547995553463,0.0,0.0,0.017312276992838355,0.025236763405856174,0.3894688052539156,0.20025852938386313,0.022068909730738277,0.022068909730738277,0.0,0.06982923855970952,0.0547462285218369,0.03072504895681538,0.11088891724766647,0.3894688052539156,0.3894688052539156,0.0952175168936896,0.09324462108908964,0.0,0.0,0.0,0.022068909730738277,0.10500786267117576,0.34276560272982726,0.3894688052539156,0.14042096381721172,0.06033470778087627,0.031210151815223575,0.13028387875494188,0.057824375132619926,0.09607464898067576,0.14637176201711946,0.25902891477639756,0.17322877755083627,0.09628313851847173,0.04105966993206182,0.0,0.08030620607199296,0.06296018687902102,0.03533494226760408,0.12752635462259468,0.3180003826744469,0.3180003826744469,0.10950366481212158,0.10723476169487937,0.0,0.0853365165957359,0.0411201105206453,0.0,0.15911263202714773,0.3180003826744469,0.3180003826744469,0.2661294875102186,0.22540779762022137,0.10767848211349061,0.14983127742695568,0.06650016928673379,0.1104893984020643,0.1683329379800759,0.2978928288162708,0.19921949880208967,0.11072916907880999,0.04722013848099858,0.0,0.21360502782154317,0.10408029068659758,0.21003818642573902,0.1297395459822337,0.1830182323717444,0.05373987756955848,0.09954878802367473,0.04112010716411092,0.02902321097097249,0.08814919964855113,0.042475425251140016,0.0,0.16435696846651376,0.24145980564480876,0.24145980564480876,0.24145980564480876,0.2328372160876079,0.11122755411543607,0.16350564067045428,0.14776791334608141,0.19664271354146418,0.21515379874416896,0.24145980564480876,0.12464741201640873,0.05706555896188606,0.09755301904605192,0.2189891493891907,0.22064542817671534,0.10751076665895408,0.21696102404521175,0.1340157484430499,0.1890504950077602,0.055511138559930506,0.10282990612143963,0.0424754217839746,0.029979813102074874,0.15996580346810477,0.016258837085536222,0.06720483695443424,0.230955377386829,0.24145980564480876,0.17762069297450708,0.24145980564480876,0.2060760385166487,0.045986935712046956,0.1335529556793193,0.12069823096629607,0.16061963060464537,0.17573966029607158,0.2596243059285108,0.10181318653171964,0.046611688964376674,0.07968222977273366,0.1788724110232567,0.06629458241487099,0.0265607442015824,0.257058017926007,0.2596243059285108,0.22066265639984084,0.2596243059285108,0.08849052822068378,0.10651881492559628,0.05634384403890843,0.13066158313058732,0.0132803721007912,0.05489354724649145,0.18864653937053644,0.2596243059285108,0.14508226406919847,0.2422893844752236,0.1683248597768833,0.037562564580614646,0.2596243059285108,0.2596243059285108,0.2596243059285108,0.13877273046823313,0.01781748860871645,0.0,0.0,0.15171920109205475,0.1950184112536506,0.0501568684634592,0.020095212982464153,0.19448384351992093,0.2815971162440325,0.16694799829317017,0.25995376407077414,0.0669497811518193,0.08058954434123174,0.042628381856301786,0.2337185482313187,0.2815971162440325,0.2815971162440325,0.2227730040727591,0.0,0.0,0.0,0.0,0.02733244511779965,0.2815971162440325,0.2815971162440325,0.1978479823323484,0.10499207227601318,0.013480278477417616,0.0,0.0,0.11478705703180218,0.14754618620250917,0.03218316596953494,0.1586618382452977,0.2815971162440325,0.2815971162440325,0.2573055387904611,0.11270199272311332,0.016201278272641867,0.016201278272641867,0.0,0.21208530027772274,0.2978544207231962,0.2978544207231962,0.20215288782206414,0.0,0.0,0.0,0.0,0.02480252369356508,0.11622144531884625,0.2953764579103973,0.1216668457246858,0.24332837182236913,0.1637753254170301,0.15998131144277355,0.09852038646802831,0.07139486176796593,0.12902833844610997,0.02920425644515434,0.1439759225851647,0.2978544207231962,0.28894260236784763,0.23348905283925428,0.102270171321286,0.014701669992984142,0.014701669992984142,0.0,0.045514293108370144,0.027352765710997023,0.02046813983076953,0.19382442067998384,0.2978544207231962,0.2978544207231962,0.00576646935170836,0.0,0.0,0.10851212013321862,0.27578323086040774,0.11359631041661138,0.22718765407340683,0.152911605407715,0.14936926002531012,0.09198522684570538,0.06665902145517187,0.12046949273124792,0.07952359742215331,0.17212982899443488,0.26615744701947847,0.3508526433143789,0.12640769703322483,0.16581073085306516,0.010767923481255028,0.07517182267799151,0.04713804336002293,0.04249519034980639,0.025538372807743678,0.01911042529308333,0.1809674519524096,0.3508526433143789,0.28221120560511087,0.005383961740627514,0.0,0.0,0.030456287372810295,0.03596571652804603,0.05668069206479338,0.3508526433143789,0.3508526433143789,0.04815561916932911,0.021535846962510055,0.017025582476941182,0.012038904792332277,0.05803559298355695,0.12561877253640705,0.1942392669029587,0.3309805428118542,0.09225117943375817,0.12100715259410394,0.007858331925287301,0.05485970763637393,0.03440091227212837,0.17006813121025002,0.15423945551507032,0.19321413509465032,0.3309805428118542,0.050378635035463235,0.029996877705538424,0.06579312034285198,0.0450141594123428,0.06340592959143808,0.022226719553135658,0.02624745048571204,0.04136504988873028,0.3309805428118542,0.3309805428118542,0.0351435297770346,0.015716663850574603,0.01242511414183685,0.00878588244425865,0.025005059497277615,0.0,0.0,0.2518364889621396,0.3309805428118542,0.3309805428118542,0.26895543978526343,0.09348572751310956,0.06955161195185848,0.1413480259759387,0.12819240388845307,0.16058526892680505,0.3075156997941797,0.0418709876033248,0.024931181514999547,0.05468236533840979,0.03741243305622563,0.05269830931369094,0.04075444848755741,0.03098050084203805,0.0793649893059995,0.30806666693220314,0.32659270939281204,0.14130730331367802,0.10280256830482806,0.031087749077748538,0.06626325449655407,0.020782352191437908,0.0,0.0,0.20930782463589687,0.32659270939281204,0.32659270939281204,0.2235358277803325,0.0776984079666663,0.05780614500129926,0.011545751217465506,0.018035040239997826,0.009796894332776362,0.07752648839077574,0.32659270939281204,0.32659270939281204,0.19091273832042618,0.02309150243493101,0.11630094607287307,0.04262733333184332,0.03240422052537899,0.08301223497253087,0.3222239776783699,0.33648466809698646,0.14780112954822758,0.10752689605988434,0.032516397391035234,0.06930840538646356,0.12876406059568463,0.15506759038842147,0.08092750182822811,0.10043240550346069,0.10907247265097693,0.1326204608102355,0.09673058045370023,0.06306811836333258,0.25458327864975583,0.01207634022734227,0.018863846782230655,0.010247114016709252,0.08108924510878458,0.33648466809698646,0.33648466809698646,0.19968619956087488,0.02415268045468454,0.12164559646956528,0.022273903952804996,0.09887931989649493,0.1986222411130195,0.33648466809698646,0.33648466809698646,0.06130390502785915,0.010247114016709252,0.010801407225689513,0.0,0.10185941378946581,0.12266694434486455,0.06401807971521441,0.07944752520790939,0.08628229083021316,0.10491003725827004,0.07651917914787221,0.04989033069922459,0.201389296080753,0.16529827014951928,0.0,0.0,0.042722518207259086,0.16510253300403152,0.23638624640938555,0.2131725031483433,0.306436005328604,0.33374204803932894,0.017619876143542636,0.0782189495575412,0.15712105498791745,0.33374204803932894,0.2705818813997881,0.04849474146943834,0.008106027582131121,0.0085445038236617,0.0,0.0,0.0,0.0243180845684922,0.33374204803932894,0.33374204803932894,0.30345723814954373,0.012233867684045281,0.0,0.0,0.1264778009982957,0.0,0.0,0.032689090763479436,0.1263280329232119,0.18087069274867004,0.1631087210236189,0.23446919357114987,0.3413741423269903,0.0,0.03900089274072697,0.26139289380230224,0.3413741423269903,0.13680057784220395,0.004622935636705727,0.05656876156060362,0.047597466485689494,0.0646294359555791,0.0,0.0,0.01860695733797688,0.3413741423269903,0.3413741423269903,0.23218999293491419,0.009360731246506996,0.0,0.0,0.0,0.01179318052082398,0.026409273996041368,0.3413741423269903,0.3413741423269903,0.007454259661222945,0.0,0.0,0.0,0.0,0.042341834649493384,0.28378464979013096,0.3306092368031048,0.14851935532493604,0.005018951171859654,0.06141462361512725,0.05167481855017408,0.07016580130391509,0.0531280929223821,0.08701025843172878,0.24348953233333048,0.3199108099398096,0.27416021788507866,0.047963321634308845,0.0,0.027120917515702954,0.03623749197959233,0.0,0.012803422294046891,0.028671577345352466,0.3306092368031048,0.3306092368031048,0.008092815518561055,0.0,0.0,0.0,0.0878858738745026,0.0,0.00448908626714625,0.3306092368031048,0.14639428779312283,0.3306092368031048,0.08855115247071288,0.21933539602852523,0.0,0.07862016635347015,0.12875976938142702,0.2861199313687304,0.2861199313687304,0.2861199313687304,0.07097721974066445,0.0,0.04013415369263182,0.05362506897867299,0.018789390128606503,0.042478965923089126,0.04387121526393074,0.227695564218672,0.2721321271120593,0.19682379647840295,0.047070045070156885,0.03151076453020836,0.0,0.13005552512920285,0.0,0.006643052473457615,0.2861199313687304,0.21663761348083874,0.2861199313687304,0.13104001960337625,0.2861199313687304,0.0,0.11890736139335852,0.12146400259511149,0.0449043865896479,0.010503588550047762,0.155478863220301,0.2861199313687304,0.09880898236591229,0.26407071009523103,0.08354943000971721,0.02675623012815794,0.060490360786853534,0.06247293411703417,0.2848931178534894,0.2848931178534894,0.2802785378997524,0.0670280913547292,0.04487156110515972,0.0,0.09199573908855599,0.05118161546468496,0.009459755719407317,0.07109580888840594,0.2848931178534894,0.2848931178534894,0.27486758783049037,0.012058869848997712,0.054451609863902156,0.1693249596499116,0.17296563557824232,0.0639441777052236,0.014957187566651771,0.22140304799213242,0.2848931178534894,0.14070471967508827,0.2848931178534894,0.11897500456989073,0.041219826864191865,0.014957187566651771,0.02624850302940979,0.09538325078537988,0.2848931178534894,0.2848931178534894,0.03560506510782282,0.05845746208696173,0.01378984503694316,0.10792724983279056,0.060045074411386797,0.0110979641992207,0.0834079404544709,0.29824645882809697,0.29824645882809697,0.29824645882809697,0.014147184117310732,0.06388135537366499,0.2060474973629442,0.18222135498879768,0.29824645882809697,0.18342120498801012,0.29824645882809697,0.06590397868855953,0.0,0.07035049747509224,0.05161198657246345,0.04835813697581802,0.017547422688218253,0.03079412994839756,0.11190139934054848,0.29824645882809697,0.29824645882809697,0.041771029781125964,0.06858092752727545,0.01617792372997818,0.03138978350775122,0.031652749310421606,0.07092567319232405,0.1323133157205163,0.2646084305777926,0.26908210098103363,0.15789274305958068,0.10914728393075224,0.05340162461846197,0.22504873891949487,0.19902540273127128,0.3077306118615367,0.2003359002266118,0.3077306118615367,0.07198149690463031,0.0,0.07683806375595376,0.05637152908876677,0.3077306118615367,0.3077306118615367,0.0827333488853915,0.0,0.0,0.0,0.06991337877324574,0.053737304387024384,0.056403440606829,0.03428447947092519,0.03457169539457059,0.07746628089751956,0.1445149551741864,0.289010031042039,0.29389625337172554,0.17245326036407785,0.11921260349906761,0.058326203571732606,0.3077306118615367,0.3077306118615367,0.07925696336431645,0.009582803474469784,0.0,0.02313493305723334,0.03030348489643422,0.0461568924743186,0.11351020976390049,0.3412517939222424,0.3412517939222424,0.08038271082490736,0.0,0.0,0.0,0.06792698451632896,0.05221050830464962,0.05480089367721863,0.3412517939222424,0.3412517939222424,0.04445527949448477,0.0,0.0,0.0,0.0,0.0,0.0,0.3412517939222424,0.3412517939222424,0.07700509713198683,0.009310534759656456,0.0,0.022477618263335428,0.02944249563487851,0.044845472718373434,0.11028513277959778,0.3412517939222424,0.3412517939222424,0.07970397959355484,0.013167084496405697,0.02081898832379783,0.013167084496405697,0.011776998055406059,0.07277707401916263,0.12436358607305345,0.3388344543649876,0.3388344543649876,0.05592467718726963,0.0,0.0,0.0,0.0,0.0,0.0,0.3124743930290194,0.22269151720427408,0.3388344543649876,0.11127900014181105,0.10476102857644834,0.03998945168995783,0.03703861684577761,0.04507631748560411,0.0,0.3388344543649876,0.3388344543649876,0.1002674908356673,0.01656417321704943,0.026190257144112085,0.01656417321704943,0.014815446488541288,0.09155345366033826,0.15644921107400953,0.11064391557917382,0.0,0.11184935437453926,0.07808162234260857,0.3356688118143541,0.20971917544416152,0.08962619026154683,0.06132817110692836,0.05975825329773732,0.0,0.009760362536268111,0.0,0.0,0.28718912844047584,0.23763629398629244,0.28718912844047584,0.260821200298829,0.1347319162419017,0.06252620398475786,0.0,0.02182483379570105,0.0748847792077964,0.28718912844047584,0.28718912844047584,0.10894427961089673,0.019520725072536223,0.027606474074392873,0.0,0.0,0.0,0.0,0.28718912844047584,0.28718912844047584,0.28718912844047584,0.19838416256237434,0.0,0.07420443490538356,0.019520725072536223,0.031476222646645,0.0,0.0882936012927353,0.28718912844047584,0.28718912844047584,0.1518392643909131,0.12191825180646823,0.07647701915751723,0.0,0.026694379730941895,0.09159303346605156,0.29238407787665155,0.29238407787665155,0.13325187246191222,0.023876179428786427,0.03376601667955907,0.026694379730941895,0.0,0.0,0.027223032704169172,0.26782752726340225,0.29238407787665155,0.29238407787665155,0.29238407787665155,0.1049058553766611,0.09076089108520244,0.023876179428786427,0.03849918160617199,0.0,0.10799362518787738,0.29238407787665155,0.29238407787665155,0.18571756466325573,0.14912059080585152,0.12385145780033614,0.0,0.04530186257736697,0.011938089714393214,0.0,0.29238407787665155,0.29238407787665155,0.11256531673367917,0.055778763049984706,0.027141460376600788,0.0,0.0,0.02767896729267979,0.2723131345343348,0.2819935798069149,0.2819935798069149,0.2819935798069149,0.1066628311156715,0.0,0.019571985238605982,0.05433001430961445,0.19479075247948754,0.21170339093748616,0.2819935798069149,0.2819935798069149,0.18103922693401847,0.10141854402761519,0.12592573674134436,0.0,0.046060583558141945,0.012138030260352338,0.0,0.2819935798069149,0.2819935798069149,0.11445057404219636,0.05671295240556415,0.0379980445272411,0.019571985238605982,0.053737350935714086,0.07067407197307211,0.0714028340166542,0.2819935798069149,0.2819935798069149,0.12513690284675483,0.05671295240556415,0.0,0.020432375835713487,0.05671837874392352,0.20335381492786203,0.22100993826611887,0.29792878508412407,0.29792878508412407,0.1889977680151958,0.1058769349670061,0.0,0.0,0.11857641515471887,0.08439992963101836,0.29792878508412407,0.29792878508412407,0.29792878508412407,0.040864751671426974,0.0,0.03966845045802134,0.020432375835713487,0.05609966170260325,0.07378092629794597,0.07454172494906595,0.29792878508412407,0.29792878508412407,0.13063796026366567,0.059206071544429195,0.16051302638313275,0.05844724009399264,0.016028474193129767,0.0,0.011333842988006096,0.03801486425827915,0.23241287107153386,0.20559584003203202,0.22593440363405556,0.0,0.0,0.11673054645053922,0.08308608329372112,0.3279364024798202,0.3279364024798202,0.3279364024798202,0.04022861364924155,0.0,0.0,0.0,0.0,0.03528282895390334,0.157409228145699,0.3279364024798202,0.3279364024798202,0.11617837714722733,0.0,0.15801433411260668,0.057537397009308336,0.015778960334490638,0.0,0.011157410043542822,0.03742309018468756,0.22879492019487999,0.20239534753671176,0.22241730249449557,0.033472230130628465,0.057537397009308336,0.05167222749360204,0.01764141447695167,0.0,0.04989745535300598,0.3279364024798202,0.3279364024798202,0.05292424077072115,0.0,0.0,0.0,0.03286590285473589,0.14662646261824677,0.3488183595472854,0.3488183595472854,0.10821998604846063,0.0,0.0,0.0,0.0,0.0,0.0,0.3488183595472854,0.3488183595472854,0.060712594324928724,0.0,0.031179332735531556,0.053596000000252136,0.04813260329298681,0.016432951427367944,0.0,0.04647940567557555,0.3488183595472854,0.3488183595472854,0.0492988518041931,0.0,0.0,0.0,0.0,0.015589666367765778,0.29033410497571754,0.3488183595472854,0.1214251985615004,0.0,0.0,0.0,0.0,0.0,0.0,0.3349926200404273,0.3349926200404273,0.06233755987816327,0.0,0.03201384396390899,0.0,0.0,0.0,0.053797998730932585,0.3349926200404273,0.3349926200404273,0.11268735116874645,0.0,0.0,0.0,0.0,0.0,0.016006921981954494,0.2981048636586653,0.3349926200404273,0.12467512993325344,0.0,0.03734948462456049,0.01923792581529759,0.0,0.0,0.02134256264260599,0.3349926200404273,0.3349926200404273,0.27580986277953845,0.10487041289434562,0.0344965124399931,0.0,0.0,0.0,0.05797002492298475,0.29146163466006975,0.29146163466006975,0.12142623721802757,0.0,0.0,0.0,0.020729823883543566,0.09863625009661868,0.29146163466006975,0.29146163466006975,0.13190057347662473,0.0566737497059303,0.029316398426656606,0.040245931179991944,0.020729823883543566,0.0,0.0,0.0229976749599954,0.29146163466006975,0.29146163466006975,0.29146163466006975,0.11300309663142616,0.0,0.0,0.0,0.04188671883894055,0.27022268077994593,0.29146163466006975,0.26157194879981666,0.18947980333863543,0.27392110123857655,0.0,0.0,0.02588756557403152,0.12317771760617101,0.2832195291569293,0.2832195291569293,0.16471846380900337,0.07077462018397648,0.03661054676238645,0.15282732566575685,0.06782991644295508,0.11269876064720762,0.17169894814182807,0.2832195291569293,0.20320312117233766,0.11294332581363607,0.048164359308328276,0.0,0.0,0.0,0.0,0.05230846082994973,0.2832195291569293,0.2832195291569293,0.2832195291569293,0.23662385466658523,0.2832195291569293,0.0,0.0,0.020307877070323548,0.059315444230279464,0.2832195291569293,0.2832195291569293,0.17819662905093653,0.08060740388676808,0.03661054676238645,0.18543100291976108,0.08230052694561404,0.1367415422836799,0.20832863504946517,0.2704148339762967,0.24655380437541147,0.13703828217553177,0.05843958475766351,0.0,0.2643573172294551,0.1288096385322809,0.25994299874643934,0.1605655010287719,0.22650313715598677,0.06650840575904764,0.12320145646275941,0.05089019357341048,0.03591908986374977,0.0,0.0,0.024640292538764715,0.07196960533293126,0.2704148339762967,0.2704148339762967,0.21621250975825715,0.09780392138884864,0.044420919976297435,0.15178824126382692,0.05843958475766351,0.11765134791128383,0.0194798622782283,0.0878375918027646,0.2704148339762967,0.2704148339762967,0.26679908019093146,0.09938686093009058,0.2406716179240355,0.12263792057005167,0.2406716179240355,0.15287224920301462,0.21565058376001914,0.06332175662984078,0.11729844601658494,0.04845186733201179,0.034198081291526544,0.18247357087386235,0.018546514298262005,0.0766608007036731,0.2406716179240355,0.2406716179240355,0.2026125672204099,0.2406716179240355,0.23507168284982952,0.05245746397664981,0.1445155384929984,0.055639540917281946,0.11201426247685356,0.018546514298262005,0.08362898715745133,0.2406716179240355,0.2406716179240355,0.2406716179240355,0.09462489061636986,0.12678083905216503,0.055639540917281946,0.19940736534720907,0.17690542566001285,0.2406716179240355,0.2406716179240355,0.08210891933062411,0.15973096103160012,0.026228731988324906,0.12270636467340827,0.012471808032278181,0.05155140068916039,0.17716095657009254,0.2570294729217993,0.13624905481763822,0.22753780304497656,0.15807654501430432,0.0352756000429813,0.27501758960535383,0.27501758960535383,0.24558307069209645,0.13032367176005355,0.0167326860918284,0.0,0.0,0.14248190762049395,0.18314488249696745,0.08525517309621529,0.03741542276704013,0.13409368147769987,0.11896200403042283,0.27501758960535383,0.17851781496019883,0.05521504813038223,0.10741284592674681,0.01763780002149065,0.27501758960535383,0.052632683123225533,0.0,0.0,0.0,0.19212333523091035,0.27501758960535383,0.27501758960535383,0.27501758960535383,0.2626215360946801,0.2626215360946801,0.18365765811357687,0.09746168693453111,0.01251342746433752,0.0,0.0,0.10655414236571428,0.13696367636452783,0.029874880819944275,0.14728207637304866,0.2626215360946801,0.2626215360946801,0.23885071819699705,0.10461862589778925,0.015039267982028268,0.015039267982028268,0.0,0.2626215360946801,0.03936100031408506,0.0,0.0,0.0,0.14367815223598074,0.24883898337754792,0.2626215360946801,0.2623116284999413,0.20002296089216834,0.08965493226665248,0.0471910894105938,0.009326958284197495,0.09631781462645647,0.2626215360946801,0.2626215360946801,0.2626215360946801,0.046692494010162636,0.02710520319820278,0.13362766638652485,0.2827328915340031,0.26817487938808665,0.21670704863345294,0.09491951216030413,0.013644988813912249,0.013644988813912249,0.0,0.042242957475797274,0.02538678819033667,0.018996994162276952,0.17989330826385758,0.2827328915340031,0.2805361232515222,0.005352004897224416,0.0,0.0,0.18147898336280302,0.08134309125633042,0.04281603917779533,0.008462263030872415,0.0873882628282833,0.2827328915340031,0.2827328915340031,0.2827328915340031,0.04236366818010573,0.054528048858789445,0.037844390205389114,0.15179653661064216,0.2827328915340031,0.2827328915340031,0.18630759920950068,0.2528101239500085,0.029557414123903083,0.04323182089364916,0.033717774132203254,0.020263401080151316,0.015163151366033675,0.14358847718961898,0.3503048481586289,0.22392025097054905,0.004271900052983984,0.0,0.0,0.024165516381704367,0.028536968452502306,0.04497324890101064,0.3503048481586289,0.3503048481586289,0.03820903676350361,0.017087600211935935,0.013508934533559887,0.009552259190875902,0.04352357280722579,0.03020689547713046,0.12116200288345824,0.3503048481586289,0.23330521757246664,0.1487082800217797,0.20178972228837327,0.023592339952351993,0.03450707193148332,0.01510344773856523,0.058668451550386976,0.19258182987575512,0.3503048481586289,0.3503048481586289,0.09198995491842596,0.0,0.0,0.0,0.01771606848767513,0.02092083941222607,0.03297049999092016,0.32458145169955105,0.32458145169955105,0.028011564141986064,0.01252715194920731,0.009903583503527323,0.007002891035496516,0.01993057704863452,0.0,0.0,0.2007292383153091,0.32458145169955105,0.32458145169955105,0.21437409960464937,0.07451389969100206,0.05543693111444769,0.011072542804796958,0.04301063918168175,0.1411843568194444,0.32458145169955105,0.32458145169955105,0.06743908616605532,0.0,0.0,0.0,0.04121186628436713,0.043042305309232844,0.1546526531542841,0.2908562495441546,0.32458145169955105,0.15777162099559197,0.007984524094221197,0.02092083941222607,0.020416760025652785,0.019635899455901402,0.0,0.0,0.19776141612965087,0.3286326557092603,0.3286326557092603,0.21120453539877224,0.07341219668799713,0.05461728493112574,0.010908833031056334,0.01704014221169981,0.009256451354805809,0.07324976100816685,0.3286326557092603,0.3286326557092603,0.18038108968508113,0.02181766606211267,0.10988523641005342,0.040602540547381064,0.04240591616288459,0.15236608255323783,0.28655588135923404,0.3286326557092603,0.1554389358273134,0.007866471298586466,0.02061152059115494,0.020114894119759138,0.008727066424845067,0.007866471298586466,0.0170798012944918,0.0581281452626521,0.13142653626914086,0.3286326557092603,0.21103281982023775,0.09385871818335685,0.01802422241156817,0.012489752138046485,0.019509616841260354,0.010597905639427887,0.08386519039741472,0.34492035451689185,0.34492035451689185,0.20652209948979672,0.02497950427609297,0.12580991591722174,0.023036411220621337,0.10226427658022523,0.2054217183272316,0.34492035451689185,0.34492035451689185,0.06340253458235082,0.010597905639427887,0.011171174085135587,0.0,0.00999180171043719,0.009006488268790358,0.0195550233584088,0.0665521348166225,0.15047300272085987,0.34492035451689185,0.24161590933183127,0.10746081847320835,0.02063631093817467,0.017485652993265082,0.02500117543301432,0.14394391694475245,0.20900310748935008,0.31621277209514015,0.1059121966943608,0.07877539628300098,0.009006488268790358,0.010299313211676164,0.021928395341541368,0.09734552247272416,0.19554125024413382,0.3672886148144787,0.3367462074792793,0.060352970376435125,0.010088162710244297,0.010633857827158014,0.0,0.0,0.0,0.030264490398382415,0.3672886148144787,0.3672886148144787,0.3672886148144787,0.015225367360494629,0.0,0.0,0.016644620030835732,0.023798657423149735,0.1370204363667976,0.19895038010671176,0.30100342506214084,0.10081798325105576,0.07498642111987973,0.008573290062655106,0.009803932118116771,0.3024068279961721,0.158609892937752,0.08606497295439589,0.019607864236233542,0.038241641480583975,0.04387651016329592,0.006725441995800325,0.010633857827158014,0.009803932118116771,0.0,0.0,0.022667492909040705,0.37236768531758624,0.37236768531758624,0.28286005727869523,0.01140349307517162,0.0,0.0,0.0,0.014366767815671267,0.03217248366643859,0.37236768531758624,0.37236768531758624,0.009080978418113103,0.0,0.0,0.0,0.22649661497736973,0.11879561083448348,0.06446092891307433,0.014685894845267654,0.02864221817980935,0.032862621174454695,0.005037220410561302,0.007964545040075568,0.007342947422633827,0.1346221348025817,0.2276687583529473,0.1377137687674675,0.24875676812390235,0.37236768531758624,0.04588769366965555,0.0,0.0,0.0,0.0,0.012015713464637156,0.02690760720445199,0.32359885653253556,0.32359885653253556,0.007594918777178193,0.0,0.0,0.0,0.08247884462549279,0.0,0.004212902852477718,0.32359885653253556,0.13738762766574344,0.32359885653253556,0.08310319308503986,0.20584115799701996,0.0,0.1125918521507059,0.19041183099198816,0.11517755467866675,0.20804888660521173,0.31397640433197727,0.03837838724491583,0.0,0.0,0.0,0.0,0.2477737967061548,0.32359885653253556,0.1694012606995782,0.32359885653253556,0.013322368998454322,0.0,0.0,0.0,0.10018750232423662,0.0,0.005117436067890028,0.2979805707683354,0.16688550050116305,0.2979805707683354,0.10094590180262447,0.2500363770720895,0.0,0.09159958051863636,0.09356907390300738,0.034591827846986174,0.008091377134691559,0.1197722200174015,0.2979805707683354,0.0761169134537404,0.2034253051159929,0.0643618078122514,0.0,0.2979805707683354,0.2979805707683354,0.20577263511790136,0.2979805707683354,0.016182754269383117,0.0,0.0,0.0,0.022885870505831164,0.07008931372255342,0.2979805707683354,0.2979805707683354,0.18250266453679467,0.11060677634987919,0.03518190768285257,0.012137065270669725,0.0,0.14870771042208952,0.15190509244308775,0.056158243185336486,0.013135979019214197,0.19444469625420166,0.2948284832287021,0.12357231179458446,0.2948284832287021,0.10448843787487844,0.03620084179935672,0.013135979019214197,0.023052447764235144,0.08376924976823534,0.2948284832287021,0.28803854308949894,0.031269741463756634,0.05133959790695701,0.012110773785265167,0.03715415927310018,0.11378678056954515,0.2948284832287021,0.2948284832287021,0.2948284832287021,0.1795650195670079,0.05711621068760122,0.019703967828515797,0.0,0.011749176642685754,0.06079881478112751,0.03374306642321979,0.0299546405661707,0.08267020152112421,0.25279961851542804,0.22496176897490744,0.2948284832287021,0.0762932252388326,0.0631281063465252,0.022906911532245455,0.04019954513969929,0.14607931321728992,0.2904240383046356,0.2904240383046356,0.05452910668468087,0.0895275202278809,0.02111912810459879,0.04097712847090512,0.041320411611956986,0.09258841882645098,0.17272561740835807,0.2904240383046356,0.2904240383046356,0.20611773940328024,0.1424840115503303,0.06971202053704553,0.02048856423545256,0.1060227844014917,0.05884216442891488,0.05223579456284258,0.14416276014352064,0.2904240383046356,0.2904240383046356,0.2904240383046356,0.1330423989334416,0.11864045117393598,0.15724419499012307,0.2602814736354352,0.2904240383046356,0.0,0.07149980396469219,0.08692561231589231,0.029921596605635346,0.02111912810459879,0.038214362095144144,0.03853450034647694,0.08634590794626038,0.16108008377007027,0.3055146075405657,0.3055146075405657,0.1922208368842183,0.1328774322002352,0.06501188576642933,0.3055146075405657,0.3055146075405657,0.08834184865294763,0.010681239077015847,0.0,0.02578679106520434,0.03377704321161213,0.05144765880713096,0.12652139756393402,0.1106414560871721,0.1466424522396331,0.24273273534099674,0.2926594151521798,0.0,0.06667913297972042,0.08106490006346355,0.027904218031394142,0.019695230940740608,0.3055146075405657,0.3055146075405657,0.09524464434512164,0.021362478154031694,0.0,0.015105553127065225,0.08544598576913072,0.12454736884570514,0.3055146075405657,0.31147859437512965,0.31147859437512965,0.07330372153373281,0.008863008719827939,0.0,0.02139719487780061,0.028027294057925076,0.042689901923787625,0.10498409798418756,0.31147859437512965,0.31147859437512965,0.0758728778075826,0.012534187102982366,0.01981828969173245,0.012534187102982366,0.011210917434168093,0.06927892524824236,0.1183858474564372,0.31147859437512965,0.30569878171203396,0.07903147820782286,0.017726017439655878,0.0,0.012534187102982366,0.07090081136519963,0.103346101341972,0.31147859437512965,0.31147859437512965,0.31147859437512965,0.18635352261415952,0.09451585516321513,0.11588385491153841,0.0,0.011210917434168093,0.008863008719827939,0.07572671882831539,0.31714582744488,0.31714582744488,0.09776235709647824,0.01615032552980839,0.02553590650400996,0.01615032552980839,0.014445289874964273,0.08926603583635288,0.152540404801263,0.10787953199239736,0.0,0.10905485349479349,0.07613079157073184,0.31714582744488,0.20447944542018853,0.08738692416175818,0.05979591704010897,0.05826522285204159,0.31714582744488,0.31714582744488,0.2401168922338067,0.12178387126923786,0.1493165823274741,0.0,0.014445289874964273,0.011420004729679913,0.09757403095495219,0.0621149548017325,0.011420004729679913,0.13448981219946377,0.31714582744488,0.31714582744488,0.173884323162414,0.10262041758088407,0.022840009459359826,0.0,0.0,0.0,0.0,0.0,0.290015321399009,0.290015321399009,0.290015321399009,0.21553022524110055,0.0,0.08061781929803707,0.021207873740578982,0.03419666806637064,0.0,0.09592469241584708,0.290015321399009,0.290015321399009,0.16496251732961342,0.13245547393223736,0.061648920639675406,0.0,0.023711123322952075,0.0,0.13752451527312204,0.16476898888928374,0.19261604545061103,0.290015321399009,0.290015321399009,0.07171716629172965,0.0,0.01709833403318532,0.03454892401815695,0.023711123322952075,0.08129446332328402,0.290015321399009,0.290015321399009,0.18210928548206662,0.08522240003312509,0.022419186173839343,0.03614985063014713,0.0,0.10140354305412043,0.31343137121870945,0.31343137121870945,0.174384543823526,0.1400208227451416,0.11629368503486211,0.0,0.042537412410260884,0.011209593086919671,0.0,0.31343137121870945,0.31343137121870945,0.10569625681095898,0.05237498223255891,0.07581337585380153,0.0,0.018074925315073567,0.03652222609128681,0.025065411774448553,0.08593769137071929,0.31343137121870945,0.31343137121870945,0.1925106696290549,0.015039247064669133,0.0,0.0,0.022419186173839343,0.2475396439496169,0.31343137121870945,0.31343137121870945,0.029231041032731293,0.0,0.12080111558824691,0.0,0.044186121300192976,0.011644066053838262,0.0,0.32131338924225494,0.32131338924225494,0.10979294131438067,0.05440498579704525,0.036451691988040866,0.018775491907239664,0.05155047816099108,0.06779794947753601,0.06849705412557085,0.32131338924225494,0.32131338924225494,0.12004438374814679,0.05440498579704525,0.01562215370916037,0.0,0.0,0.023288132107676524,0.2571340407045053,0.32131338924225494,0.32131338924225494,0.030364007860798358,0.0,0.026677980664986466,0.0,0.0,0.03975532571702875,0.04729743842918745,0.32131338924225494,0.32131338924225494,0.19682985599631933,0.016467196092426684,0.04128920840437622,0.021267193811114034,0.058391759615238736,0.07679543836499447,0.07758732142816335,0.32510407884249876,0.32510407884249876,0.1359755146613852,0.06162508992856388,0.16707120448185225,0.060835254441190194,0.01668335928736733,0.0,0.011796916686964634,0.03956806063007617,0.24190870474476908,0.2139959939987732,0.23516554263285158,0.030218424534200823,0.0,0.0,0.045031268486872784,0.05357429753704096,0.32510407884249876,0.32510407884249876,0.22295121299449405,0.01865256327522475,0.05308612509134086,0.021267193811114034,0.0,0.0,0.2619730124660978,0.32510407884249876,0.32510407884249876,0.060835254441190194,0.0373051265504495,0.1836873647947564,0.06688565877990395,0.018342612139086525,0.0,0.012970185650198036,0.04350332428451084,0.2659678706051714,0.23527908556222174,0.25855406352475074,0.03891055695059411,0.06688565877990395,0.060067558773566156,0.020507664413622236,0.0,0.05800443444090328,0.3234170696261012,0.3234170696261012,0.06152299014853347,0.05836583542589116,0.023382334495393106,0.0,0.0,0.28802768530030215,0.3234170696261012,0.3234170696261012,0.06688565877990395,0.04101532882724447,0.012970185650198036,0.0,0.018342612139086525,0.06775405398317484,0.12375348140220384,0.3234170696261012,0.3234170696261012,0.08823326583871653,0.020507664413622236,0.03942950855134101,0.06777771539412603,0.06086868212469373,0.020781175925897486,0.0,0.058778041823129804,0.32598265814411914,0.32598265814411914,0.06234352464411667,0.0,0.0,0.0,0.0,0.019714754275670505,0.32598265814411914,0.32598265814411914,0.15355479046454765,0.0,0.01314316951711367,0.0,0.018587248265563582,0.06865769241775971,0.1254039863629326,0.32598265814411914,0.32598265814411914,0.08941003631271072,0.020781175925897486,0.0,0.0,0.0,0.04787651335828642,0.07228743234412519,0.28024002076675586,0.32598265814411914,0.27582275683719415,0.15178238985419806,0.0,0.0,0.0,0.0,0.017967349996288472,0.30600342005889497,0.30600342005889497,0.13994456260040977,0.0,0.04192381665800643,0.021594067036483398,0.0,0.0,0.02395646666171796,0.30600342005889497,0.30600342005889497,0.30600342005889497,0.11771428728472628,0.0,0.0,0.0,0.043633010083817356,0.06588028331972438,0.25540113083211147,0.30600342005889497,0.2513753881858356,0.13832925755250025,0.12149152673440072,0.043188134072966795,0.0,0.032331320822688935,0.017967349996288472,0.19460991973264677,0.30600342005889497,0.30600342005889497,0.06832677295856482,0.04015215919205792,0.020681523925309562,0.0,0.0,0.022944090966890235,0.2834291215441082,0.2834291215441082,0.2834291215441082,0.11273980231313994,0.0,0.0,0.0,0.041789123857823206,0.2695930688609603,0.2834291215441082,0.26096249286458084,0.18903832025422246,0.2732828720947323,0.11635741950021647,0.041363047850619124,0.0,0.03096503238605265,0.017208068225167676,0.18638590425107587,0.2834291215441082,0.2834291215441082,0.06543935365646049,0.0,0.06204457451107748,0.06489568813275397,0.025652273918584687,0.011472045483445117,0.2834291215441082,0.2834291215441082,0.153055665630191,0.03627779358866941,0.0,0.0,0.0,0.0474345104229765,0.28360090727477677,0.28360090727477677,0.28360090727477677,0.2145759313583267,0.28360090727477677,0.0,0.0,0.018415648085925787,0.05378860346763861,0.28360090727477677,0.28360090727477677,0.1615927848753727,0.0730966401834319,0.03319928238066182,0.0,0.07042631538167284,0.07366259234370315,0.02911769719566302,0.013021829864362313,0.28360090727477677,0.28360090727477677,0.17373229913437765,0.04117864217395359,0.04663298081570142,0.1229499990681088,0.28360090727477677,0.12000335454761026,0.2278820226263405,0.2108569626371078,0.09792109915050577,0.10534881609774024,0.0,0.0,0.0,0.02132151714783053,0.06227609399582307,0.270298835880733,0.270298835880733,0.18709107155012966,0.08463081287434861,0.038437912435779674,0.13134404081665058,0.050568417828739165,0.10180501014788568,0.016856139875336233,0.07600683786121452,0.25467565274199433,0.270298835880733,0.2308641893908919,0.08600054793408754,0.05399136079692553,0.14235070637888134,0.270298835880733,0.13893910058693604,0.26384031832271865,0.24412881499633327,0.11337240942758621,0.1219721716255143,0.0,0.12258245246958734,0.11525140440524767,0.1609669967837275,0.07151454108559109,0.270298835880733,0.270298835880733,0.2486210973938004,0.1255749781399118,0.12461119594509355,0.138102853532701,0.05317061023371125,0.10704377844576145,0.017723537374488736,0.07991806199478811,0.24885311931154794,0.24885311931154794,0.2427441940658967,0.09042603685121034,0.12115510781023985,0.05317061023371125,0.19055892852118198,0.16905548250265517,0.24885311931154794,0.24885311931154794,0.07846544515761485,0.15264311191736235,0.025064866864178748,0.12889040396372972,0.12118210862900647,0.16925017261691983,0.07519459681302633,0.24885311931154794,0.24885311931154794,0.24885311931154794,0.13203692155045893,0.13102354423649146,0.16285723743763286,0.14967590939860123,0.24885311931154794,0.24885311931154794,0.1743765486726734,0.1461929398400628,0.056046745461293485,0.1282487187719327,0.050129733728357495,0.09678559339997665,0.04247570866734577,0.15222931420665645,0.1350511380598677,0.27440142855656036,0.20266163361009104,0.06268266198786888,0.12194000263266093,0.020023241750075995,0.27440142855656036,0.05975104246830109,0.0,0.0,0.0,0.21810724594179232,0.27440142855656036,0.27440142855656036,0.27440142855656036,0.13009962724452293,0.1195696324377369,0.26145868386743504,0.26139812903627296,0.13930190846562213,0.11678723818618637,0.04477332912868134,0.10245237343661658,0.04004648350015199,0.0914812124097429,0.19969908450883078,0.12536531189858757,0.16283434434770852,0.1271621503071024,0.27440142855656036,0.23036533601808748,0.09362285345680524,0.02610711220785626,0.29547058530812875,0.03855058012891347,0.0,0.0,0.0,0.140719902348756,0.2437155329220833,0.29547058530812875,0.2569107840893506,0.19590460404881357,0.08780898916995009,0.04621945222877918,0.00913492161847632,0.09433468664337614,0.29547058530812875,0.29547058530812875,0.29547058530812875,0.04573112261868664,0.05902246494130868,0.1288432007376697,0.08088403653035284,0.10505855931878792,0.08204333284025252,0.25328369361547926,0.14862865948825454,0.06040422334051898,0.0168439625406943,0.024511566489770674,0.00913492161847632,0.04931346353813029,0.03113472456556363,0.21728976391797888,0.29547058530812875,0.28909063048568445,0.02740476388142682,0.0,0.1489952662883073,0.06678313553378194,0.035152209035428005,0.006947565554552044,0.07174625540271458,0.24613971581418864,0.31729265450022076,0.2723730268514614,0.03478080990141851,0.044767834871849925,0.03107045726004594,0.12462581052005782,0.31729265450022076,0.23997500162236673,0.15295958706282028,0.20755853399844448,0.024266803277053,0.03549356816320979,0.018642274356027562,0.006947565554552044,0.037505359647554186,0.02367951789588045,0.1652597517749801,0.31729265450022076,0.21986790805557918,0.020842695922878705,0.0,0.009321137178013781,0.043325490848231146,0.026799250176103233,0.31729265450022076,0.31729265450022076,0.31729265450022076,0.008788052258857001,0.03542577221307266,0.0,0.03586453354009106,0.024891251937885744,0.0998405791602883,0.3243674085661791,0.19224944693227983,0.1225394137598218,0.16627987539330685,0.019440689560529,0.0284347069607198,0.012445625968942872,0.048344299713022065,0.1586923373084034,0.3243674085661791,0.3243674085661791,0.07580206795375086,0.0,0.0,0.0,0.007467375581365723,0.03470903884709323,0.02146949052911454,0.3243674085661791,0.3243674085661791,0.32133248049953045,0.00704030909451096,0.02838039407883629,0.0,0.03082632771292773,0.036044551782994726,0.24429144265647784,0.3243674085661791,0.2729968262198921,0.0,0.0179493368720396,0.0,0.0,0.01141511755047263,0.04434135056738344,0.14555247677016167,0.32827930076845363,0.32827930076845363,0.06952559223780672,0.0,0.0,0.0,0.04248692521708766,0.04437399641709806,0.15943747035990774,0.29985508634906644,0.32827930076845363,0.16265293632579672,0.008231558254227703,0.021568111801894323,0.02104843664200139,0.028273881552488212,0.033060032230096924,0.22406390337111365,0.32827930076845363,0.25039245675408267,0.0,0.016463116508455406,0.0,0.0,0.036528376161512416,0.08287670404038308,0.32827930076845363,0.32827930076845363,0.21091079167344906,0.09505729426387606,0.036310447587717204,0.0,0.025216817847789563,0.05030758168088631,0.052542009991410184,0.18878545628194923,0.3147712540771215,0.3147712540771215,0.19259279973866072,0.00974675825844382,0.025538198884298143,0.024922866039658046,0.010813057534911626,0.00974675825844382,0.021162308740588807,0.07202225221219356,0.1628408252109298,0.3147712540771215,0.26147503770276165,0.11629334193909398,0.022332470554306597,0.043252230139646505,0.09813199088074669,0.3147712540771215,0.3147712540771215,0.24973357863103432,0.11255468761530182,0.04299418700118017,0.0,0.02985852982129883,0.3147712540771215,0.20651968901025794,0.20472459375397967,0.05994095672320793,0.032631287684495816,0.044753032524010826,0.05422557950492872,0.15209663211523683,0.0692342427009576,0.016055666331090304,0.014472381923625061,0.03142265421573813,0.10694156081192639,0.24179266097722235,0.2790673960455791,0.2790673960455791,0.17267707016938047,0.03316015793046241,0.028097416079408036,0.040173988863112305,0.23130117748843904,0.2790673960455791,0.2790673960455791,0.17018861460602966,0.1265829241284988,0.014472381923625061,0.016549801643214068,0.2790673960455791,0.2790673960455791,0.2790673960455791,0.0890027633356171,0.048452259254566435,0.06645111756688923,0.0805163394655201,0.225839247358152,0.10280181122715022,0.04816699899327092,0.0844433381807004,0.0662600100348855,0.07431937801031462,0.253494211450958,0.2487257562124624,0.09512543922143582,0.07057855640286874,0.09458188291355984,0.035425529599057065,0.050651804691229034,0.28664790788511746,0.28664790788511746,0.28664790788511746,0.21457566728233615,0.15959713565034006,0.018246937467676198,0.02086617097861461,0.28664790788511746,0.28664790788511746,0.1831761398691966,0.04173234195722922,0.08139148864180679,0.09338444534111263,0.014314075301663893,0.022632540995844903,0.02086617097861461,0.06072947931266926,0.10646708464967902,0.08354134558461893,0.09370268490337921,0.28664790788511746,0.28664790788511746,0.11993519451178218,0.08898621609340605,0.11924987277191133,0.11283336240939029,0.15759397064928427,0.28664790788511746,0.28664790788511746,0.16278297728361357,0.03200724634549902,0.014314075301663893,0.0,0.0,0.27473958340398114,0.21664785049057395,0.11755755613817212,0.026782702899611478,0.05223488442332665,0.0599316438454221,0.009186391371949355,0.014524960568382067,0.013391351449805739,0.24551072155407905,0.27473958340398114,0.25114894209346733,0.27473958340398114,0.27473958340398114,0.08368550090080454,0.0,0.0,0.0,0.07241343957336663,0.10113960292464995,0.27473958340398114,0.196834140397236,0.1044697688466533,0.020541396176249758,0.009186391371949355,0.0,0.0,0.2569204012351061,0.17032596489571064,0.041338763109659366,0.056799818091182244,0.18620435380676753,0.27473958340398114,0.22666091605591437,0.23611572748881976,0.20272432982763883,0.1522459780444926,0.25747365272768646,0.15574234836598438,0.28132236584829645,0.28385777245927757,0.0518950082999932,0.0,0.0,0.0,0.0,0.28385777245927757,0.28385777245927757,0.22906329476360476,0.28385777245927757,0.018014421641491658,0.0,0.0,0.0,0.15932134253862415,0.10562244674193351,0.025634971788363894,0.035222672978607567,0.11546894482654847,0.2776155252107969,0.14055684668660037,0.14641995932264815,0.1257133035683931,0.040134723930618586,0.0866420409526807,0.08028539793702137,0.015338727280965492,0.02025228603758762,0.11609271110915517,0.28385777245927757,0.23997927769848948,0.27504700982772234,0.0,0.30550537230716573,0.30550537230716573,0.23855953992217957,0.30550537230716573,0.018761243014484154,0.0,0.0,0.0,0.026532404250261238,0.08125703607543994,0.30550537230716573,0.30550537230716573,0.2115818347834435,0.12823037263037457,0.040787637800317744,0.014070931760763287,0.0,0.041798583599668586,0.09023394799643052,0.0836137785151952,0.015974622764922845,0.021091882243662406,0.12090555049031343,0.2964689394728937,0.24992806524367175,0.286449595467436,0.04258791316122453,0.06981215151154255,0.12607685475717156,0.2477519348566851,0.1074916168758485,0.13317876039988727,0.13586932947625016,0.05272799326734791,0.08115351941202209,0.03647911543813599,0.1117194194388761,0.2938893730097656,0.2938893730097656,0.29090157465099903,0.17630255146638552,0.05607848175884853,0.019345971785348633,0.0,0.01153570904138028,0.059694177618180196,0.03312999780836156,0.029410402832405005,0.08116818906911628,0.2482065708648063,0.22087449965647354,0.2938893730097656,0.07490707433797517,0.05855366086781691,0.09598397152226132,0.1733417030504758,0.2938893730097656,0.14778906063921274,0.18310603625329233,0.18680527055581336,0.07249514725759929,0.11157709549872455,0.2166885454219602,0.2588854539222056,0.2938893730097656,0.136646175353803,0.10810366307234255,0.03376998248273779,0.03882396203423623,0.039228117138924094,0.08761992348882551,0.015968852386579583,0.08263449670094347,0.045861770843184234,0.04071274507495056,0.11236091557798264,0.3016594119934484,0.3016594119934484,0.3016594119934484,0.10369367054272918,0.0924687464725094,0.12255662766739242,0.20286421164903368,0.24459050178423464,0.0,0.05572717551412783,0.06775009979877526,0.02332098793625484,0.016460315879628207,0.29996139667648014,0.3016594119934484,0.3016594119934484,0.18915894944888945,0.14964762303368714,0.04674769998357147,0.053743910891211825,0.0543033817642108,0.12129203495835007,0.04025253737396366,0.041174707927912675,0.025685813461129938,0.02035637253747528,0.3016594119934484,0.3016594119934484,0.1430162553006238,0.0,0.0,0.09503966531650192,0.12596408321909008,0.20850446789123592,0.2513908787125152,0.0,0.05727656437379345,0.06963376335970424,0.023969383957970835,0.016917963873002775,0.30683326304734443,0.30683326304734443,0.08181399126397722,0.01835010895455532,0.0,0.012975486444121066,0.07339706270440433,0.10698467527235592,0.30683326304734443,0.041371683148087486,0.04231949291252615,0.026399958989966842,0.020922343027488206,0.30683326304734443,0.30683326304734443,0.14699255215524734,0.0,0.0,0.30683326304734443,0.30683326304734443,0.11761735612341065,0.21783628509396905,0.16539076711294506,0.01835010895455532,0.11965736996765416,0.16183650690989432,0.14370264702994395,0.2940715526262858,0.23438697944237832,0.0605954310784502,0.01359098542020885,0.0,0.009610277929079496,0.05436144338827374,0.07923806694626806,0.2940715526262858,0.2940715526262858,0.2940715526262858,0.14288195402468085,0.072467694104151,0.08885107937538461,0.0,0.008595693641487342,0.006795492710104425,0.058061588567176185,0.2940715526262858,0.28115471477865295,0.08711314882083891,0.16134017416663,0.12249646637172598,0.01359098542020885,0.08862408254242073,0.11986400796404448,0.10643318715252367,0.2940715526262858,0.25220371224972293,0.008595693641487342,0.0125302689432,0.0,0.0,0.0,0.2534487546068123,0.2940715526262858,0.30551169697256914,0.30551169697256914,0.16277428603598307,0.0825568018648431,0.10122111716330857,0.0,0.009792404541412251,0.0077415757763146685,0.0661450474249854,0.04210748076051374,0.0077415757763146685,0.09117010867592347,0.25957428465601795,0.29110612174611594,0.11787549094235326,0.06956597284366757,0.015483151552629337,0.0,0.30551169697256914,0.28731605385227277,0.009792404541412251,0.014274759853269637,0.0,0.0,0.0,0.2887344336759752,0.30551169697256914,0.03920717229269934,0.07502653573910222,0.1756110751201614,0.30551169697256914,0.30551169697256914,0.07818352570779759,0.012482915561060903,0.012482915561060903,0.0,0.07360717959100335,0.0,0.028310453688847444,0.0,0.16420063139531518,0.19672981181760074,0.2299784603279413,0.27565789350213865,0.27565789350213865,0.08562839842480316,0.0,0.020414958296571778,0.04125050087647078,0.028310453688847444,0.0970634375995899,0.27565789350213865,0.27565789350213865,0.2174336670063451,0.25663173990727406,0.0,0.044437176448592575,0.030565921887392898,0.13022808696869825,0.025321639940626552,0.1766064017103438,0.2540604892595879,0.27565789350213865,0.045699118291242236,0.0,0.020414958296571778,0.012660819970313276,0.27565789350213865,0.27565789350213865,0.27565789350213865,0.12492238240483773,0.0,0.07283568646828856,0.0,0.01736500424048082,0.035087758311128245,0.024080928367084958,0.08256235359518545,0.2951353214473863,0.2951353214473863,0.1849495107821271,0.014448557020250975,0.0,0.0,0.021538637432276696,0.23781713572489604,0.2951353214473863,0.2951353214473863,0.028082945995009878,0.0,0.03887176115598125,0.0,0.01736500424048082,0.010769318716138348,0.2951353214473863,0.2951353214473863,0.2951353214473863,0.10625922760543939,0.0,0.0,0.010769318716138348,0.10042091793240814,0.11483036953271486,0.20347559554351463,0.2951353214473863,0.2951353214473863,0.17176041100783285,0.04569034734435238,0.013722608501011204,0.0,0.0,0.020456457258264272,0.22586833022913913,0.30860743775141325,0.30860743775141325,0.02667195574647544,0.0,0.023434123814086563,0.0,0.0,0.03492135468652287,0.04154639896314944,0.30860743775141325,0.30860743775141325,0.17289671484694874,0.01446489960940847,0.0,0.010228228629132136,0.09537540255176814,0.10906087043261842,0.1932522350322046,0.30860743775141325,0.30860743775141325,0.16313053773672437,0.04339469664707553,0.0,0.0,0.0,0.0,0.1105380149283213,0.30860743775141325,0.30860743775141325,0.22904265362046475,0.02332394957133527,0.024847995508443712,0.0,0.0,0.03702829562920925,0.04405305455490474,0.3188075690319848,0.3188075690319848,0.18332824508502385,0.015337623176191315,0.04365164028777863,0.017487580654566348,0.0,0.0,0.21541507664384335,0.3188075690319848,0.3188075690319848,0.05002359164684038,0.03067524635238263,0.0,0.0,0.0,0.0,0.11720720263499525,0.3188075690319848,0.3188075690319848,0.24286168638326688,0.024731174025773867,0.014550546762592877,0.0,0.0,0.015337623176191315,0.04365164028777863,0.3188075690319848,0.3188075690319848,0.14621402858745325,0.0,0.04719678136558469,0.018907823745575852,0.0,0.0,0.2329098794039275,0.32598391601080273,0.32598391601080273,0.05408622682933227,0.0331665175898142,0.010488173636796598,0.0,0.014832517147833972,0.05478844342999652,0.10007165942798778,0.32598391601080273,0.32598391601080273,0.0713486944301343,0.0165832587949071,0.015732260455194897,0.0,0.0,0.0165832587949071,0.04719678136558469,0.32598391601080273,0.32598391601080273,0.15808871085551032,0.0,0.04195269454718639,0.0,0.048572858041243804,0.023452269556029425,0.0,0.32598391601080273,0.32598391601080273,0.19395951578126677,0.0165832587949071,0.011613416270669656,0.0,0.016423850514383168,0.06066652044568219,0.11080802798273166,0.3154937790996414,0.3154937790996414,0.0790034678563006,0.01836242363816567,0.0,0.0,0.0,0.04230409403866232,0.06387378948868311,0.2476224637160554,0.3154937790996414,0.24371933177176927,0.13411620946063646,0.046453665082678626,0.0,0.05378408476286443,0.025968388613492675,0.0,0.3154937790996414,0.3154937790996414,0.2147688124196009,0.01836242363816567,0.0,0.0,0.0,0.0,0.046453665082678626,0.3154937790996414,0.3154937790996414,0.2846891592703393,0.01836242363816567,0.0,0.0,0.0,0.04224326706200841,0.06378194850756025,0.247266419551496,0.29811116953066974,0.2433688997287089,0.13392337035777524,0.11762193348003416,0.041812560674808895,0.0,0.031301544801899055,0.01739507686569825,0.18841145262245418,0.29811116953066974,0.29811116953066974,0.06615051567676188,0.0,0.0,0.0,0.0,0.046386871641862004,0.29811116953066974,0.29811116953066974,0.28427981872687486,0.018336021212127962,0.011596717910465501,0.0,0.020906280337404447,0.04983829579429564,0.0347901537313965,0.29811116953066974,0.29811116953066974,0.29811116953066974,0.023907245849880455,0.1143865270267792,0.040662429703212905,0.0,0.030440538550321798,0.016916593454645502,0.18322885094565633,0.3050949096666835,0.3050949096666835,0.06433092472995033,0.0,0.06099364724363946,0.06379646795540087,0.025217768978462705,0.01127772896976367,0.3050949096666835,0.3050949096666835,0.15046316864372325,0.03566331081100101,0.01127772896976367,0.0,0.020331214851606452,0.04846740229627756,0.033833186909291005,0.3050949096666835,0.3050949096666835,0.3050949096666835,0.023249633317814856,0.04038711334502784,0.0862114189109223,0.14792415882886856,0.04658433552647439,0.01127772896976367,0.3050949096666835,0.3050949096666835,0.19573059536411705,0.0,0.0,0.0654602641877293,0.06846833785694038,0.02706448776478829,0.012103606705947944,0.3006448109799385,0.3006448109799385,0.16148171514645898,0.038274965557838124,0.04334469619081495,0.11428028539135963,0.3006448109799385,0.11154142098060904,0.211813117354089,0.19598856486021918,0.0910162768733037,0.09792023473397823,0.0,0.04334469619081495,0.09252475483824231,0.1587567714717231,0.04999574625193178,0.012103606705947944,0.3006448109799385,0.3006448109799385,0.21006411423433552,0.0,0.0,0.021820087100668198,0.14634267232957282,0.03266972521845085,0.0,0.3006448109799385,0.3006448109799385,0.3006448109799385,0.07485667442592532,0.047404127291565734,0.12498316222496555,0.28525678094004,0.12198779050543618,0.23165039461516188,0.21434379965255992,0.09954037180264658,0.10709091722122013,0.0,0.10762674055275005,0.1011901193879371,0.1413281660741431,0.06278938627922695,0.28525678094004,0.28525678094004,0.21828799967745205,0.11025416215697487,0.1094079665217815,0.0,0.02386363909161083,0.160048339865144,0.035729395956963596,0.0,0.28525678094004,0.28525678094004,0.28525678094004,0.08186734791007284,0.07495250647326043,0.02386363909161083,0.05616053399694735,0.014799601056552305,0.28525678094004,0.28525678094004,0.08424080099542101,0.1606959229788399,0.03374828244802297,0.11213246701857858,0.10542638071727757,0.14724478173096656,0.06541802483204816,0.2844821100305701,0.2844821100305701,0.22742649083929678,0.11486988399196764,0.11398826290349773,0.1416830364722192,0.1302155044749286,0.2844821100305701,0.2844821100305701,0.15170464201783776,0.12718537998824128,0.048759718673127034,0.11157421177697237,0.04361201874677181,0.07809034647809857,0.024862675480465807,0.058511659777264795,0.015419177137940079,0.2844821100305701,0.2844821100305701,0.08776748966589719,0.16742335771669326,0.03516113327506985,0.0,0.0,0.044230272123574076,0.2844821100305701,0.2844821100305701,0.2844821100305701,0.03461461987271312,0.024862675480465807,0.0,0.1136850851940478,0.10448364947853733,0.22847069880013288,0.22841778411247873,0.12172632364151839,0.1020523071739477,0.039124322215377955,0.08952605821523976,0.034993858052183406,0.0799391177878585,0.17450324736818604,0.10954809376034784,0.14228969522635962,0.1111182268335811,0.34120376029876875,0.20130036807675988,0.08181055008975698,0.022813203530109682,0.0,0.0,0.035489938525635534,0.33533052802395225,0.34120376029876875,0.22996588171147544,0.02777443303849976,0.019949568067754768,0.0,0.016599044132934327,0.0,0.25340331022936535,0.34120376029876875,0.34120376029876875,0.09318401025883215,0.0,0.0,0.0,0.05115165512962965,0.11166160167123639,0.0700979253612521,0.09104870831867405,0.07110262628480736,0.21950760881743867,0.1288086144840325,0.0523491522043309,0.014597773301314301,0.021242880944035616,0.007916754421035174,0.042737376059409235,0.02698282247475392,0.18831356972609453,0.3893853790071942,0.2505395910949404,0.023750262418989275,0.0,0.010621440472017808,0.0,0.16214838357307682,0.3893853790071942,0.3893853790071942,0.05962683212247825,0.0,0.0,0.0,0.0,0.020682137896655205,0.08898248731864787,0.3893853790071942,0.3893853790071942,0.0,0.025530765263007564,0.0,0.0,0.013568794847448143,0.005056791349518673,0.0272983071173867,0.017235156734606943,0.1202844473560645,0.3408208517915978,0.16003103918375433,0.015170373509380556,0.0,0.006784397423724072,0.031534494437614816,0.019505856461521847,0.2994086386904128,0.3408208517915978,0.2919428960155727,0.006396391123303539,0.025784677678890245,0.0,0.0,0.013210622743010776,0.05683716434805834,0.3408208517915978,0.3408208517915978,0.0,0.016307661708633275,0.0,0.0,0.0,0.0,0.3408208517915978,0.3408208517915978,0.2842757864016144,0.0,0.0,0.0,0.0,0.006402739269707042,0.02976051272881422,0.018408549109863323,0.2825653228876353,0.3297177885867243,0.2755195676324121,0.006036560371061005,0.024334153502574007,0.0,0.026431366259512944,0.03090561933644709,0.2094624002913684,0.3297177885867243,0.2340752089804234,0.0,0.015390269687598818,0.0,0.0,0.0,0.0,0.3297177885867243,0.3297177885867243,0.2682837733909402,0.0,0.0,0.0,0.0,0.045774592594005285,0.10124257382537906,0.3297177885867243,0.3297177885867243,0.03653326910745689,0.0,0.01670779299608341,0.058809738890363145,0.010882564188437685,0.03003642311785164,0.03512093359058495,0.23803163335031802,0.34540541969347527,0.2660014601328104,0.0,0.017489396790761388,0.0,0.0,0.03880548767803252,0.08804308472993659,0.34540541969347527,0.34540541969347527,0.22405858095798917,0.1009829904552545,0.038573973839374345,0.0,0.026788787706983376,0.052017932697897416,0.11505136568053646,0.34540541969347527,0.34540541969347527,0.04151615614629729,0.0,0.01898662123132665,0.06683098343906314,0.012366871215121113,0.0,0.014167930825009474,0.16135305093411062,0.34540541969347527,0.18061888442836896,0.030749602685557126,0.0,0.0,0.0,0.04725422766576742,0.1072118460343445,0.3361316319332802,0.3361316319332802,0.27284066838441573,0.1229690311054623,0.04697230857920683,0.0,0.03262124892486046,0.3361316319332802,0.22562832876931452,0.2236671387995016,0.06548711144737124,0.035650561654089086,0.04889389473780289,0.05924290772894272,0.16616967166698363,0.07564027695901797,0.0,0.01725257608698569,0.1964828754805951,0.3361316319332802,0.21994327081596457,0.03744441348066782,0.0,0.0,0.0,0.021152993810697733,0.006603979177267679,0.0420640610329124,0.26427574498319456,0.3361316319332802,0.14537645683583938,0.01482531958893965,0.025514898317458463,0.0,0.3053055072596967,0.3053055072596967,0.3053055072596967,0.09162737529975543,0.049881073086441886,0.06841070164787727,0.08289069437260262,0.23249904496862686,0.10583334478374819,0.04958740075492933,0.08693349677100289,0.06821395852551504,0.0765109900612534,0.2609695292419928,0.2560604565192712,0.09793060342665307,0.07265985496713984,0.09737101812894162,0.02959656121287065,0.009240066711960091,0.0588546268374034,0.3053055072596967,0.3053055072596967,0.2034058744666292,0.020743091150176512,0.03569959206015202,0.0,0.0,0.09178257395460818,0.10038992398300119,0.3053055072596967,0.3053055072596967,0.11945190655107514,0.020661416981220555,0.024095144855672986,0.0,0.056112384976466735,0.09837268668856433,0.077189928152706,0.08657872894902433,0.2953093420710969,0.2897543064309712,0.11081685341024447,0.0822208402170605,0.11018363478667637,0.10425495395914033,0.14561253696107082,0.3343887387513366,0.2833857135581822,0.15040703777363063,0.029573823936945413,0.013225815748786392,0.0,0.0,0.0,0.10385983224498904,0.1135997849561095,0.3343887387513366,0.3343887387513366,0.13517004853093773,0.02338016040686114,0.027265717170522452,0.0,0.0,0.14189609000784748,0.3343887387513366,0.3343887387513366,0.0751488286617425,0.07589038423311871,0.03660597727050046,0.010455925752434182,0.0,0.0885617676697705,0.12369391744402206,0.27799472534661623,0.24072850998435957,0.12776671639438042,0.025122164704393234,0.011234973275670619,0.0,0.0,0.27799472534661623,0.20830896336501858,0.05055738210811141,0.06946628033571038,0.22772826174383057,0.27799472534661623,0.27720671060271246,0.27799472534661623,0.24793222231924678,0.0,0.1205368961310839,0.27799472534661623,0.27799472534661623,0.06383690032806483,0.06446683175801092,0.031095789036802268,0.008882026532977637,0.0,0.05689946840694396,0.12164361924723321,0.11977123529386757,0.24502842366772046,0.22641328888067389,0.1251171177469139,0.11852345663183173,0.0,0.0,0.25293497153378325,0.16768381520211484,0.04069750327384576,0.05591872152990456,0.18331589357313263,0.2649221154357343,0.22314488096241605,0.23245302640023519,0.19957960655384746,0.06371698287971837,0.13755095088206645,0.1274592877401592,0.02435141762149612,0.03215207272791725,0.18430617086066306,0.2649221154357343,0.2649221154357343,0.2649221154357343,0.04580273355174695,0.09792025192226972,0.09641302688619001,0.1972421169489788,0.18225737135200773,0.10071633650315574,0.09540859441627596,0.0,0.0,0.0,0.039044972637645,0.0115287419612783,0.03958223834832743,0.058046835190605967,0.24479756518734264,0.2649221154357343,0.2649221154357343,0.225973941446425,0.06064987549377898,0.13092974067520868,0.1213238540588062,0.023179227579384766,0.030604387083052152,0.17543433179401943,0.26119877336468333,0.26119877336468333,0.26119877336468333,0.06179519515557506,0.10129765012327979,0.18293791045422747,0.26119877336468333,0.15597067217839636,0.19324279774717126,0.19714682188951363,0.07650848309431288,0.11775401040766705,0.0,0.03716548747453252,0.01097378960757416,0.03767689113784594,0.05525266840967722,0.233013887016902,0.26119877336468333,0.26119877336468333,0.21509636511566027,0.009624650381345192,0.08118223812034694,0.19745633040268096,0.26119877336468333,0.2140129343851208,0.26119877336468333,0.1311385875179896,0.05504732208519175,0.019249300762690384,0.06028669358344044,0.09882484193682124,0.17847215668763666,0.28260933504274405,0.15216322398447674,0.18852548819791903,0.19233421000257073,0.07464081091140541,0.11487948093368583,0.22310195036968627,0.2665477751946373,0.28260933504274405,0.14069053891439345,0.11130324414048517,0.03476948419759615,0.03997304810944076,0.040389165130911106,0.09021324031472573,0.009389700071779005,0.07920047346169286,0.1926361630079429,0.28260933504274405,0.20878859862302276,0.28260933504274405,0.12793732300316182,0.05370354492422877,0.01877940014355801,0.055057111738767414,0.28260933504274405,0.28260933504274405,0.28260933504274405,0.06256598116647455,0.0,0.0,0.0,0.04494945915693002,0.20532033514197506,0.24530345182382066,0.29783930146890086,0.1294772571613219,0.10243218112367784,0.031998295560996745,0.036787126337878145,0.037170078105735846,0.08302308744935007,0.02755242693062552,0.028183642711365083,0.017581661796039278,0.013933717064856705,0.29783930146890086,0.29783930146890086,0.09789308155790696,0.0,0.0,0.050668963742456205,0.29783930146890086,0.29783930146890086,0.29783930146890086,0.057579363157967724,0.0,0.0,0.0,0.04136690873055397,0.0,0.0,0.0,0.29783930146890086,0.20813739743756088,0.29783930146890086,0.29493721991375954,0.02350694444848443,0.0,0.030885939231797017,0.03159352453073136,0.0197088314286711,0.015619529256780684,0.2897106034360228,0.2897106034360228,0.10973696712176421,0.0,0.0,0.2897106034360228,0.2833940280378957,0.08780697901096206,0.1626252004253726,0.1234721141092094,0.013699233556405352,0.0893299468679815,0.12081868895721642,0.10728089567273023,0.0,0.0,0.0,0.2897106034360228,0.23331951937690681,0.2897106034360228,0.2897106034360228,0.026351002022043477,0.0,0.015619529256780684,0.03181226824809421,0.14245152472096453,0.2897106034360228,0.2897106034360228,0.24328952135966708,0.11855978424570551,0.0,0.0,0.3069499582054867,0.25429118195867073,0.07878973537837552,0.14592457970534162,0.11079227763955625,0.012292405443774464,0.0801563036830356,0.10841134314065094,0.09626379903303904,0.3069499582054867,0.2281063653257147,0.0077743995777175105,0.01133303740730397,0.0,0.0,0.0,0.2292324474290226,0.3069499582054867,0.014015498434616523,0.028545341444218518,0.12782261801319592,0.3069499582054867,0.3069499582054867,0.2183051646255446,0.10638441422828407,0.0,0.0,0.3069499582054867,0.3069499582054867,0.052863628443880956,0.0,0.0,0.0,0.0,0.02093321212098592,0.15527104228920982,0.34269823166327246,0.27605989002464554,0.009408768095391692,0.013715518441750547,0.0,0.0,0.0,0.277422702066975,0.34269823166327246,0.037671155252831656,0.07208722564356233,0.16873117055167303,0.31036279141004536,0.34269823166327246,0.0751205344054008,0.011993873126021808,0.011993873126021808,0.0,0.34269823166327246,0.34269823166327246,0.06397685322670982,0.0,0.0,0.0,0.0,0.025333884162900625,0.18791280461273133,0.1446476844568386,0.07481045139424244,0.009408768095391692,0.1026293363164486,0.10644806138759062,0.007438284525951774,0.0803746052597375,0.13314778723428883,0.09610900222443121,0.29411822886538025,0.0,0.05274627335721016,0.036281298681357196,0.15457881942575705,0.03005641332109077,0.2096291953208044,0.29411822886538025,0.29411822886538025,0.0542441797210473,0.0,0.024232254543281758,0.015028206660545385,0.29411822886538025,0.29411822886538025,0.29411822886538025,0.14828102632448437,0.0,0.04704572765131736,0.0692451829811737,0.03801868854716868,0.1026190074790693,0.29411822886538025,0.18528559863924657,0.16252056511386195,0.03005641332109077,0.03426958342521003,0.0,0.05122091843066012,0.15917996126357747,0.1002732433749428,0.29411822886538025,0.29411822886538025,0.04324160041923403,0.0,0.03426958342521003,0.04419464245804669,0.0,0.01974287068216428,0.012244008916052167,0.28093040636156263,0.28093040636156263,0.28093040636156263,0.12080977121274591,0.0,0.0,0.012244008916052167,0.11417199610593759,0.13055459731962343,0.231338404192681,0.28093040636156263,0.28093040636156263,0.19528031988255565,0.0519469276569402,0.0,0.04173148507465518,0.12968951711882767,0.08169614070769723,0.28093040636156263,0.28093040636156263,0.035230453841672976,0.0,0.027920635807415606,0.09486384049642538,0.0,0.035230453841672976,0.15839263379059035,0.28093040636156263,0.28093040636156263,0.28093040636156263,0.012244008916052167,0.0798675608533447,0.0,0.010614423599363213,0.09897656381681333,0.1131787642671517,0.20054900594547692,0.2952033763367861,0.2952033763367861,0.16928998092570197,0.045033183054396464,0.0,0.0,0.0,0.0,0.11471168242564896,0.2952033763367861,0.2952033763367861,0.23769079045861313,0.024204609589504735,0.08223817821394953,0.0,0.030541545929705424,0.13731176786942598,0.2952033763367861,0.2952033763367861,0.260595235866574,0.010614423599363213,0.06923779038039599,0.018987657889342605,0.021228847198726426,0.0,0.0,0.0,0.2952033763367861,0.2952033763367861,0.1860668461170885,0.06460521008308752,0.0,0.0,0.0,0.0,0.1131099761067623,0.3281487422084228,0.3281487422084228,0.2343719406870087,0.023866643348352073,0.01404190151848064,0.0,0.0,0.014801464005553721,0.04212570455544192,0.3281487422084228,0.3281487422084228,0.1411028068940737,0.0,0.018722535357974187,0.020932431193121083,0.0,0.0,0.0,0.3281487422084228,0.3281487422084228,0.18346881567363987,0.06370313480152105,0.0,0.020932431193121083,0.013238831486055501,0.0,0.07054214998906215,0.3281487422084228,0.3281487422084228,0.0636826057840461,0.0,0.014222788033703334,0.0,0.0,0.01499213513657077,0.04266836410111,0.33238631235287236,0.33238631235287236,0.14292048058973505,0.0,0.03792743475654223,0.0,0.0439124095408459,0.02120208089324746,0.0,0.33238631235287236,0.33238631235287236,0.17534956835562504,0.01499213513657077,0.0,0.02120208089324746,0.013409372925189034,0.0,0.07145086763467763,0.33238631235287236,0.33238631235287236,0.0645029593967969,0.0,0.0,0.0,0.0,0.0,0.05254259498959937,0.2984766996766469,0.33238631235287236,0.2585425842511396,0.02417409130614215,0.03679313934160226,0.0,0.04259912154441595,0.020567990470344594,0.0,0.3117366025082787,0.3117366025082787,0.17010539055466847,0.014543765499796453,0.0,0.0,0.0,0.0,0.03679313934160226,0.3117366025082787,0.3117366025082787,0.22548506963733422,0.014543765499796453,0.0,0.0,0.0,0.0,0.050971204122584046,0.2895501599809658,0.3117366025082787,0.25081035374925437,0.023451116997309753,0.01896274951714517,0.0,0.0,0.046902233994619506,0.2731450303457586,0.3117366025082787,0.3117366025082787,0.08556957773254617,0.014543765499796453,0.0,0.0,0.0,0.0,0.03814200150865273,0.2987497233496458,0.2987497233496458,0.23375150966151118,0.015076950093451051,0.009535500377163183,0.0,0.017190367617935548,0.04097996450485361,0.02860650113148955,0.26718059636525915,0.2987497233496458,0.2987497233496458,0.019657937148987458,0.019657937148987458,0.0,0.0,0.04862170262702176,0.283158717792501,0.2987497233496458,0.2987497233496458,0.08870661817321897,0.015076950093451051,0.0,0.0,0.026970467453215973,0.010661013677933076,0.15767458978800145,0.2987497233496458,0.2987497233496458,0.19507870527637164,0.015076950093451051,0.009240497254390943,0.0,0.0166585431799607,0.03971215295623471,0.027721491763172828,0.2589147364570925,0.31084164611126014,0.31084164611126014,0.019049772646147076,0.0330915037041652,0.07063801425618219,0.12120284032192818,0.03816924716705917,0.009240497254390943,0.31084164611126014,0.31084164611126014,0.16037342570578986,0.0,0.0,0.0,0.0261360726331622,0.010331190155043817,0.15279655564931155,0.31084164611126014,0.31084164611126014,0.18904348688545006,0.014610509195383313,0.0,0.0,0.0,0.023558737971675858,0.060063232153541125,0.2953182116091961,0.31084164611126014,0.23245287508460968,0.0,0.03287054393976928,0.07016634759736315,0.12039354040974928,0.037914382113581974,0.009178796277775176,0.31161358567421005,0.31161358567421005,0.1593025745690113,0.0,0.0,0.016547310163500344,0.11097928152261066,0.024775156655056644,0.0,0.31161358567421005,0.31161358567421005,0.26224321390394634,0.05676772067037342,0.0,0.0,0.0,0.023401430729363043,0.05966217580553864,0.2933463023529003,0.31161358567421005,0.23090073248719173,0.0,0.023401430729363043,0.06638739549574867,0.0,0.0378451456546519,0.1850415903557331,0.31161358567421005,0.31161358567421005,0.05233347540035316,0.029025902768437868,0.0,0.015408556556633915,0.10334190385381713,0.023070178702576022,0.0,0.32463378543471566,0.32463378543471566,0.2441961474769161,0.05286107686976558,0.04839622031749161,0.015408556556633915,0.0362623974080691,0.009555981341323252,0.32463378543471566,0.3079684194917314,0.05439359611210365,0.10376004297309385,0.021790989915382433,0.021790989915382433,0.06181874443861152,0.0,0.03524071655464742,0.1723073890652608,0.32463378543471566,0.32463378543471566,0.04873198770941346,0.027028396760299993,0.03111202068862462,0.023013849988322795,0.0549920474357065,0.32463378543471566,0.32463378543471566,0.13586650531669495,0.11573382158181383,0.0,0.025995080100555106,0.0381119410380154,0.012134212033808564,0.02855657617158816,0.007525319023916772,0.27443107905000974,0.24252460560432465,0.04283486425738224,0.08171085704523999,0.01716036742883578,0.0,0.0,0.021586554539642203,0.20396289857665903,0.3443874824109641,0.1398754479170453,0.01689364193065981,0.012134212033808564,0.0,0.024500663280719474,0.01812336765265288,0.04330614365502211,0.40269676045084685,0.40269676045084685,0.10699464143483069,0.09114018729756244,0.0,0.020471081286336967,0.0,0.0,0.03640263770618535,0.40269676045084685,0.40269676045084685,0.03102768458973786,0.0,0.0,0.0,0.0,0.0,0.016568166348153973,0.15654611421493464,0.2643251421308747,0.1073575537428293,0.01296625032120388,0.00931328077904758,0.0,0.007749118083598606,0.0,0.118299111564263,0.38850132220138134,0.2848357816287883,0.043502137425265396,0.0,0.0,0.0,0.0,0.0,0.027939843568831894,0.38850132220138134,0.38850132220138134,0.02381444610517965,0.0,0.0,0.0,0.0,0.0,0.2007593402729375,0.38850132220138134,0.38850132220138134,0.01317096814289044,0.0,0.0,0.0,0.007184605673398594,0.0,0.10968118680518517,0.3547130913996726,0.26408589346554057,0.0403330675799154,0.0,0.0,0.0,0.0,0.013989910847006997,0.06018996057144254,0.3547130913996726,0.3547130913996726,0.0,0.01726964260996937,0.0,0.0,0.0,0.0,0.18613430322678493,0.3547130913996726,0.3547130913996726,0.01221148154186063,0.0,0.0,0.0,0.01744753521584481,0.02060916523594466,0.13511732854789835,0.3547130913996726,0.32095068359341256,0.022802623615904807,0.01396436286604277,0.0,0.0,0.0,0.01404043348623993,0.06040732833715966,0.3393621281110067,0.3393621281110067,0.0,0.017332009549459324,0.0,0.0,0.0,0.0,0.3393621281110067,0.3393621281110067,0.3021322573784106,0.0,0.0,0.0,0.0,0.017510544590018388,0.020683592402171404,0.13560528619959444,0.3393621281110067,0.3221097528524009,0.022884972155442298,0.014014793242255623,0.0,0.0,0.0,0.017332009549459324,0.182985358065083,0.23336927642945898,0.3393621281110067,0.023004437905148903,0.027611141186789888,0.019414861051663842,0.007600589143997533,0.0,0.0,0.32945038282203476,0.32945038282203476,0.32098316718032505,0.0,0.0,0.0,0.0,0.054766166143796445,0.12112980814759727,0.32945038282203476,0.32945038282203476,0.04370955528672552,0.0,0.019989730443597555,0.07036182625390999,0.013020242991579577,0.0,0.018413404007428663,0.19440234647236718,0.2479298639638112,0.32945038282203476,0.024439751657333152,0.029333880547877708,0.02062621066946791,0.00807481199473888,0.07754743786147153,0.07740046939328978,0.05086342665346187,0.32945038282203476,0.3075418448675728,0.0680684733124835,0.07270827116483707,0.0,0.0,0.06253637045195257,0.13831566254250452,0.3494373568203282,0.3494373568203282,0.049911051551860264,0.0,0.0228258663382281,0.08034473730984105,0.014867550468257325,0.0,0.017032798588057757,0.1939799150683313,0.3494373568203282,0.21714145259923887,0.036967415755683866,0.0,0.0,0.0,0.08854984095420523,0.08838202065166958,0.05807991166124217,0.3494373568203282,0.3494373568203282,0.07772600426313558,0.08302409499592689,0.0,0.0,0.021356693465678575,0.02761853577579831,0.060744726329992005,0.329506621744008,0.3494373568203282,0.05180635429719575,0.008247032998600317,0.0,0.0,0.0,0.01967416520464424,0.22406141161752502,0.34938800448309154,0.2508147318908087,0.04270014942089601,0.0,0.0,0.0,0.024122049525022296,0.0075309204078574995,0.04796821539967182,0.3013697571982841,0.34938800448309154,0.16578164409961185,0.01690621651710725,0.029096195382441695,0.0,0.024668589445031346,0.03190148892762747,0.0701647339366233,0.34938800448309154,0.34938800448309154,0.059840241039895055,0.009525944243618092,0.0,0.0,0.01738618963787566,0.07404840641759922,0.10572863983099308,0.34938800448309154,0.34446608908252074,0.07382818513783392,0.024286487987619336,0.0075309204078574995,0.0,0.028370847808113678,0.008857398146235878,0.05641721850041041,0.31472620331847023,0.31472620331847023,0.1949820138313727,0.01988403577897986,0.034221127443341916,0.0,0.0,0.08798148603732885,0.09623237085905965,0.31472620331847023,0.31472620331847023,0.11450491956733871,0.019805744067972034,0.023097267371638933,0.0,0.020448550180924868,0.0870911100123493,0.1243514215693991,0.31472620331847023,0.31472620331847023,0.08683209949975386,0.028564250055766866,0.008857398146235878,0.0,0.0,0.03408787098467841,0.025485946530076287,0.31472620331847023,0.31472620331847023,0.31472620331847023,0.011203820557781385,0.0,0.0,0.0,0.08740771394822017,0.09560479054694425,0.3113823069397063,0.3113823069397063,0.1137581746568754,0.019676580721658343,0.022946638325126757,0.0,0.0,0.11941876447980913,0.3113823069397063,0.3113823069397063,0.06324473260957258,0.0638688206314622,0.030807336396495362,0.00879963454087603,0.0,0.0,0.03386556661328091,0.025319739689954608,0.3113823069397063,0.3113823069397063,0.3113823069397063,0.011130754736584529,0.0,0.0,0.020066253866578586,0.0,0.0987502932567301,0.245393181627681,0.3113823069397063,0.3113823069397063,0.027826887310587564,0.01759926908175206,0.0,0.0,0.1275095350888876,0.3192254892767024,0.3192254892767024,0.0675296423220916,0.06819601308779435,0.032894571957393336,0.009395820783666952,0.0,0.060190904165013624,0.12868027827659054,0.12669958344318527,0.25920246321472185,0.23951050781766242,0.13235470654745438,0.12537962513832732,0.0,0.0,0.021425767655933445,0.0,0.1054407490975667,0.262018876510977,0.3192254892767024,0.3192254892767024,0.029712193719302806,0.018791641567333903,0.0,0.01328769714793401,0.27484687240240885,0.3192254892767024,0.3192254892767024,0.10131198331588534,0.0,0.0,0.0,0.021425767655933445,0.04488861712500002,0.09596599059652992,0.09448884627960048,0.19330562134777857,0.17861993654999186,0.09870627180832064,0.09350445995429632,0.0,0.0,0.0,0.038265725459534286,0.011298654986346449,0.0387922685915936,0.056888354867407426,0.23991197303567363,0.3221966717297488,0.3221966717297488,0.22146402520617373,0.009909576173026898,0.2049727644803635,0.3221966717297488,0.3221966717297488,0.07555551610877081,0.0,0.0,0.0,0.015978711306274793,0.0228135572853188,0.0,0.04455954597210561,0.3221966717297488,0.3221966717297488,0.3221966717297488,0.0435345158688357,0.0,0.0,0.0,0.027738176555596256,0.008190203715945962,0.028119858757770698,0.04123740533648739,0.1739081275984766,0.3360185379441006,0.23889957154736247,0.16053552253642886,0.007183284000958683,0.060589740836944704,0.1473700179092997,0.2634284604062222,0.15972691231948885,0.24569435484594895,0.09787427909611351,0.041084146682002526,0.014366568001917365,0.016537161447796673,0.0,0.032300460492210824,0.29829647886885213,0.3360185379441006,0.3360185379441006,0.03155743352387675,0.0,0.0,0.0,0.0,0.0,0.1549419390909507,0.314700635694761,0.3360185379441006,0.15945378237352087,0.0,0.0,0.006734129700582293,0.05680120308012308,0.1381553081356539,0.24695688197257046,0.14973955423305285,0.2303316494256241,0.09175442453566576,0.03851524906399758,0.013468259401164586,0.0394860036586947,0.3528080479531045,0.3528080479531045,0.23743823918329876,0.04487123430976667,0.0,0.0,0.0,0.03223697089575338,0.0,0.0,0.0,0.1452537744239169,0.2950231255427718,0.3528080479531045,0.14948350247719633,0.0,0.0,0.0,0.15975489843603302,0.3528080479531045,0.3218987792505339,0.11139180704658964,0.013468259401164586,0.0,0.0,0.0,0.04088059438819915,0.3049238148509598,0.3049238148509598,0.24582422754659508,0.0464560238957354,0.0,0.0,0.0,0.0333755358705004,0.0,0.0,0.0,0.3049238148509598,0.16792884427061427,0.3049238148509598,0.23796043902856848,0.01896580846194029,0.0,0.0,0.1653972192512153,0.3049238148509598,0.3049238148509598,0.11532601074045261,0.013943939590676227,0.0,0.0,0.0,0.0,0.0,0.0,0.22886617841362172,0.2307829374412389,0.10812363125188523,0.2946641902055648,0.2151845438274346,0.016050679619416527,0.0,0.0,0.0,0.2686485599520056,0.21882390931567594,0.2686485599520056,0.2686485599520056,0.024713874313850304,0.0,0.014649123497112854,0.029835844514155673,0.13360133610195235,0.2686485599520056,0.2686485599520056,0.2281744977944236,0.11119393501903549,0.0,0.0,0.0,0.0,0.0,0.2686485599520056,0.2686485599520056,0.14089322047507455,0.2686485599520056,0.2686485599520056,0.020915242266743687,0.014364647378082358,0.0,0.024723143189369107,0.06475879203681881,0.2101994001048823,0.15928458739172896,0.21014914049728045,0.2686485599520056,0.085938323288445,0.01602617426349786,0.032640481430627796,0.14616016409637217,0.3024490137662973,0.3024490137662973,0.24962341705019003,0.12164641659347954,0.0,0.0,0.3024490137662973,0.3024490137662973,0.06044749143918823,0.0,0.0,0.0,0.0,0.023936309287231207,0.17754636364952844,0.015714956745379125,0.0,0.027047174608933345,0.07084626506700002,0.22995861949197702,0.17425769914031441,0.22990363536750014,0.3024490137662973,0.09401672019523054,0.3024490137662973,0.3024490137662973,0.19225251877399985,0.15764293786858033,0.0,0.0,0.004444860916213786,0.007027942412413012,0.10633508840250804,0.3602420117852018,0.3602420117852018,0.08358426977167512,0.0,0.0,0.0,0.0,0.033098130049200494,0.24550370582692638,0.18897883327654733,0.0977381136411783,0.012292336541116765,0.1340828393476015,0.13907191477772812,0.009717945617807679,0.10500755116878842,0.17395448519881418,0.1255641746077562,0.3602420117852018,0.3602420117852018,0.2658387637087663,0.21798207887026566,0.0,0.0,0.006146168270558383,0.009717945617807679,0.14703572478556295,0.23211313536588488,0.07616298825904994,0.08319167042577036,0.08046799484872547,0.20860787216659218,0.08579417254649085,0.006146168270558383,0.05454149649794015,0.0759173421922339,0.060414792770380234,0.08892270539761811,0.04882252448091336,0.13178042684554947,0.30516818951776564,0.23793852500467122,0.2087043128560074,0.03859759584702157,0.044008029726018,0.0,0.06577645467473665,0.20441440387981538,0.12876806293252088,0.30516818951776564,0.30516818951776564,0.05552964017795266,0.0,0.044008029726018,0.30516818951776564,0.11579278342563355,0.15988180072138752,0.112780419512605,0.30207396385190116,0.17909961313287792,0.036616892331827224,0.11579278342563355,0.20534895244864101,0.16538357247947943,0.057896391712816776,0.09214652839434873,0.20265211041154704,0.25028985576300383,0.06589021753820588,0.17758594109165815,0.11579278342563355,0.027292621691184314,0.0,0.056909112838542227,0.17685724221144078,0.11140880516690266,0.3046687080063626,0.3046687080063626,0.04804367420526999,0.0,0.03807529520805548,0.1293655616005693,0.0,0.04804367420526999,0.21599960444870614,0.3046687080063626,0.3046687080063626,0.3046687080063626,0.01669712169967599,0.10891517578660449,0.14308816786215153,0.0500913633187136,0.07972422971115267,0.1753325240073928,0.2165482118851562,0.057007539299287494,0.15364553182592686,0.1001827266374272,0.023613295899935514,0.3046687080063626,0.03339424339935198,0.18637175498218644,0.1488544494673572,0.044803078321066794,0.2864828061627239,0.09028442081416149,0.07701466243922346,0.11806646881779129,0.1118700348282408,0.0,0.04154620008696777,0.18678760385373422,0.30891123800906034,0.30891123800906034,0.30891123800906034,0.014438986411557527,0.09418537946128155,0.025829243734720436,0.028877972823115054,0.0,0.0,0.0,0.30891123800906034,0.30891123800906034,0.25310999109618953,0.08788359930929113,0.26998912067008185,0.028877972823115054,0.16116665411489084,0.1287232261833939,0.03874386560208065,0.24773858750809186,0.07807426625729846,0.06659912315738922,0.1020990425525706,0.26764044329083786,0.07219493051824473,0.02739604885797657,0.041063162344666344,0.09040235307152152,0.20689897295033224,0.15113038628161668,0.18793786409243732,0.053345764903521956,0.02419091812538497,0.027046269080345176,0.0,0.0,0.0,0.34150100115506127,0.34150100115506127,0.23705545288939958,0.08230922195361798,0.0,0.027046269080345176,0.017105561956839047,0.0,0.09114574186381309,0.34150100115506127,0.34150100115506127,0.08228269692527986,0.0,0.2506642516206244,0.06761567125897185,0.02565834221431303,0.038458563032332096,0.0846682134388474,0.19377555790144005,0.14154432233267106,0.17601713505875854,0.0499620912006196,0.17228066465027464,0.027046269080345176,0.034211123913678095,0.024935427050268424,0.06652502484480866,0.34150100115506127,0.3171802559948262,0.14131413884039576,0.10733588322018697,0.0,0.022378170084673472,0.014153197016820438,0.0,0.07541428016792186,0.3137322009062561,0.3137322009062561,0.06808096826033841,0.0,0.0,0.0,0.0,0.0,0.05545715693132005,0.3137322009062561,0.3137322009062561,0.2728840604671819,0.025515039283883056,0.14254557641172574,0.022378170084673472,0.028306394033640877,0.020631652595306985,0.055043019665367364,0.3137322009062561,0.26243596464514307,0.11692377329180884,0.088810055233664,0.03164751155396644,0.022378170084673472,0.03927165201630815,0.011189085042336736,0.0,0.308584436518113,0.3137322009062561,0.3137322009062561,0.088810055233664,0.0,0.0,0.0,0.0,0.05207097148449799,0.2934223088117859,0.2934223088117859,0.25622190024558883,0.023957104123139474,0.019371894511266773,0.0,0.0,0.04791420824627895,0.2790384753724999,0.2934223088117859,0.2934223088117859,0.08741584819805623,0.014857565397039202,0.029715130794078403,0.021011770542030593,0.03687374516553015,0.010505885271015297,0.0,0.2897424297173048,0.2934223088117859,0.2934223088117859,0.08338735899021742,0.029715130794078403,0.0,0.013289010094585765,0.0,0.04698374656978297,0.2934223088117859,0.2934223088117859,0.23108079966888131,0.059430257107437566,0.019913256154337363,0.0,0.0,0.049253205549178045,0.2868364079608542,0.2981118684928056,0.2981118684928056,0.08985874748100378,0.015272770838649048,0.0,0.0,0.027320762241106872,0.010799479855113413,0.15972248113735907,0.2981118684928056,0.2981118684928056,0.1976124045459655,0.015272770838649048,0.030545541677298095,0.0,0.013660381120553436,0.0,0.048296741446243636,0.2981118684928056,0.2981118684928056,0.23753852022471306,0.06109107874866001,0.019318696578497455,0.0,0.006830190560276718,0.035426081478218394,0.05875552365595771,0.2981118684928056,0.2981118684928056,0.24698512953329477,0.015272770838649048,0.0,0.0,0.02576208714718625,0.010183359406902199,0.15061016387874945,0.3208351351440856,0.3208351351440856,0.18633843164223277,0.01440144494695991,0.0,0.0,0.0,0.02322163200349998,0.05920377720093563,0.2910924533464157,0.3208351351440856,0.22912666756004377,0.0,0.018216546831057116,0.0,0.006440521786796562,0.033404990324611375,0.05540346595915551,0.3208351351440856,0.3208351351440856,0.23289439639141046,0.01440144494695991,0.028063855070252747,0.0,0.03574173808418408,0.0,0.03187895695434995,0.3208351351440856,0.3208351351440856,0.12764222255318372,0.03762307695045988,0.0,0.0,0.0,0.02303305037693399,0.05872298650535833,0.28872850716361176,0.3164894647046618,0.22726594219622762,0.0,0.02303305037693399,0.06534233921554077,0.0,0.03724939540949717,0.18212870494040906,0.3164894647046618,0.3164894647046618,0.05150965294544533,0.028568983171723124,0.02783595001017502,0.0,0.03545148134843032,0.0,0.031620069656731406,0.3164894647046618,0.3164894647046618,0.12660564691784726,0.037317541962795554,0.3164894647046618,0.11483514884320893,0.06163691830524657,0.17786800959554241,0.05872298650535833,0.21662589545462183,0.2423945201073947,0.1783800629434948,0.08461473072910713,0.016978913162537516,0.048167389261162125,0.0,0.02745855367243217,0.13425696618479138,0.31159426172628313,0.31159426172628313,0.03797056447499418,0.021059750075502245,0.024241592494627026,0.01793173059162237,0.04284822312647185,0.31159426172628313,0.31159426172628313,0.10586327672251226,0.09017646808321882,0.0,0.020254619427315084,0.31159426172628313,0.08465122892139727,0.04543592213731386,0.13111617609886492,0.04328790465017263,0.15968672006050444,0.1786821736863778,0.1314936384491482,0.06237411640273781,0.25419444667088414,0.31159426172628313,0.31159426172628313,0.31159426172628313,0.0,0.0,0.0,0.0,0.07737360847712844,0.017001596562780066,0.012576238514808666,0.030051169418416773,0.3281185770340049,0.3281185770340049,0.07424614212325459,0.06324435699292899,0.0,0.014205373187103265,0.0,0.0,0.025260661436404774,0.3281185770340049,0.3281185770340049,0.021530852843769228,0.0,0.0,0.0,0.17827671312251292,0.30857728658583317,0.3281185770340049,0.2352525482155553,0.0,0.0,0.0,0.0,0.054265200449442545,0.01868279115290599,0.14238018486080292,0.3281185770340049,0.3281185770340049,0.16521962693499156,0.0192930113405682,0.02488747367376725,0.0,0.0,0.0,0.0,0.02454610039995829,0.3567687194641249,0.3567687194641249,0.020921798779118015,0.0,0.0,0.0,0.0,0.0,0.17637389094283096,0.3567687194641249,0.34197569448200776,0.011571142322381918,0.0,0.0,0.0,0.018154301641911074,0.13835260495282178,0.33916134974295287,0.3567687194641249,0.16054597624056335,0.01874726022417731,0.024183469187280107,0.0,0.0,0.011571142322381918,0.025452596193520506,0.0780528182222004,0.07908154801585379,0.16007998900769513,0.3567687194641249,0.11720102633695016,0.02269287705238884,0.011571142322381918,0.0,0.0,0.2049273048337821,0.346302431566039,0.346302431566039,0.013444410605776343,0.0,0.0,0.0,0.019209121079735842,0.022689964254092775,0.1487594145498536,0.346302431566039,0.346302431566039,0.025104884589989378,0.015374271137826972,0.0,0.0,0.013444410605776343,0.029573152302068383,0.09068889724806968,0.09188416953519031,0.18599556050958593,0.346302431566039,0.13617486308542853,0.026366658400578027,0.013444410605776343,0.031858207712603705,0.013183329200289013,0.022372850531208396,0.03518011056114333,0.346302431566039,0.346302431566039,0.13970776437754398,0.01688289919695577,0.0,0.02361316976396141,0.027892061049858124,0.18286528025786747,0.3253055397069871,0.3253055397069871,0.030860646838935434,0.01889910906739273,0.0,0.0,0.0,0.023372413218677265,0.2467578493688376,0.31470113985848724,0.3253055397069871,0.0310217477695375,0.037233939862271984,0.026181162304797244,0.010249481439066278,0.03916229503529169,0.016205852895008924,0.027502243101297744,0.043245805966184936,0.3253055397069871,0.3253055397069871,0.17173837074048118,0.02075361819995601,0.0,0.0,0.011686206609338633,0.1358456929517085,0.3253055397069871,0.3253055397069871,0.08071717025295615,0.009167414624684343,0.0,0.0,0.0,0.024247100758031527,0.25599249767243254,0.32318992620860026,0.32318992620860026,0.032182703464147665,0.038627380194422606,0.027160964271310383,0.010633057307579073,0.10211585748054541,0.10192232676483316,0.06697787277505453,0.32318992620860026,0.32318992620860026,0.08963378689715971,0.09574355595330641,0.0,0.0,0.0,0.012123550379015764,0.14092957255746746,0.32318992620860026,0.32318992620860026,0.08373792392403098,0.009510495301261532,0.0,0.0,0.0,0.039212775977099795,0.14764145071300486,0.32318992620860026,0.32318992620860026,0.01714528957185305,0.040551290742258876,0.0,0.0,0.09640871971976583,0.09622600521304171,0.06323455654305768,0.3232858735409274,0.3232858735409274,0.08462425769705571,0.09039255879170956,0.0,0.0,0.023252119397237373,0.030069705896550388,0.06613587593263726,0.3232858735409274,0.3232858735409274,0.05640421526814768,0.008978964663447643,0.0,0.0,0.0,0.03702121905337193,0.13938993993681617,0.3232858735409274,0.3232858735409274,0.01618705906829326,0.03828492576865438,0.0,0.0,0.052712233000700194,0.22605630593075646,0.27393968927424556,0.3232858735409274,0.2421011778608347,0.07754795784653463,0.008978964663447643,0.03274146354522888,0.06486843330634444,0.021557813170656116,0.02787862434129029,0.06131677000604434,0.33260964303612894,0.34338918149275616,0.05229422376579858,0.008324696745859884,0.0,0.0,0.015193743801124112,0.06471070081621315,0.0923959705658494,0.34338918149275616,0.30102797764803985,0.06451825003924588,0.021223895747064528,0.006581250846037867,0.0,0.04887126422429268,0.20958431900547236,0.2539785961233032,0.34338918149275616,0.22446005336355535,0.0718972906710661,0.008324696745859884,0.03035569970992639,0.060141681796864035,0.0,0.006581250846037867,0.0,0.34338918149275616,0.34338918149275616,0.11234128009458724,0.010611947873532264,0.0,0.0,0.013643461403207028,0.058107992376122714,0.08296841612754804,0.3710092238631173,0.2703128108572318,0.05793517817167523,0.019058331260616686,0.005909737789319446,0.0,0.0,0.02274374212264694,0.01700445873818752,0.23254180194969537,0.30337638946827394,0.25254221561522633,0.00747529247775913,0.0,0.0,0.0,0.005909737789319446,0.0,0.3710092238631173,0.3710092238631173,0.10087862076784342,0.009529165630308343,0.0,0.0,0.0,0.0,0.0,0.3710092238631173,0.3710092238631173,0.055429619214246405,0.019058331260616686,0.0,0.0,0.0,0.023268435901291087,0.017396748347391893,0.23790649682267367,0.3103752247207641,0.2583683162042923,0.007647746044787577,0.0,0.0,0.013787170526490235,0.0,0.06784959174363313,0.16860534425779677,0.2881468394196229,0.28062582967824096,0.01911936543429734,0.012092148618524137,0.0,0.0,0.0,0.0,0.4189251620346473,0.4189251620346473,0.0567083699227927,0.019498003315895032,0.0,0.0,0.0,0.0,0.0,0.15554774343459316,0.4189251620346473,0.10563380346812969,0.13310130941774742,0.02716410467372144,0.0,0.013443227897099714,0.0,0.06615697708114378,0.16439921905452182,0.2809585638115034,0.27362517747415155,0.018642402825681192,0.01179049097362556,0.0,0.008337136099665061,0.1724479235397411,0.32721453012862,0.40345048255772276,0.06356645429436655,0.0,0.0,0.0,0.013443227897099714,0.0,0.0,0.0,0.15166736059825528,0.40345048255772276,0.10299860228253886,0.12978088814287436,0.026486453405931,0.0,0.06534783031239023,0.033209227075028144,0.0,0.016674272199330122,0.0,0.19734853798339408,0.40345048255772276,0.2980483968831055,0.01087029514815196,0.007300911481564983,0.1510143303278828,0.2865449587715028,0.3233943668663768,0.055665764652535914,0.0,0.0,0.0,0.011772365921575037,0.016807960240831216,0.0,0.0328293859515989,0.3031811337534969,0.3233943668663768,0.3233943668663768,0.03207419179200579,0.0,0.0,0.05722573302386861,0.02908164438573964,0.0,0.014601822963129967,0.0,0.17282004151172597,0.3233943668663768,0.26100389112675304,0.00951922359265925,0.009235003598816406,0.03775789810298532,0.0,0.04404964150875605,0.3233943668663768,0.22112895253974857,0.3233943668663768,0.12250740765506085,0.014601822963129967,0.01534587293154148,0.0,0.029973630233245667,0.27680807707525595,0.3323260489694989,0.3323260489694989,0.02928412874432585,0.0,0.0,0.0,0.0,0.0,0.1437803770956813,0.2920305266470363,0.3323260489694989,0.1479672004462253,0.0,0.0,0.008431671048667131,0.03447342200649142,0.0,0.04021786056056827,0.3323260489694989,0.20189343373839572,0.3323260489694989,0.1118507590516613,0.013331642659215109,0.03875281011273907,0.03427563987439175,0.07101115506271588,0.19827630398226548,0.3323260489694989,0.13939170685310123,0.07922332907481583,0.03807959178676934,0.0194394812049973,0.0,0.0,0.0,0.15714987917915377,0.31918515520839363,0.3775232359879898,0.16172601673681644,0.0,0.0,0.0,0.17283862734080396,0.3775232359879898,0.3482618917667806,0.12051465848888013,0.014571293214519158,0.0,0.0,0.0,0.042356262725732945,0.037462780205843815,0.07761416866400155,0.21671314155871765,0.3775232359879898,0.15235312587866937,0.08658995645833235,0.04162044480172701,0.02124707268390184,0.1824563557960959,0.08380919793657829,0.12503962781872394,0.06611155632358996,0.11569704943356675,0.2735561385309344,0.09031710747544676,0.06096841995976027,0.06565306808505694,0.0,0.20684453190036667,0.31877642148366425,0.31877642148366425,0.14422585104840144,0.017438187114256588,0.0,0.0,0.0,0.0,0.0,0.0,0.2862183400428816,0.288615424622829,0.135218608843085,0.31877642148366425,0.26910818961578514,0.020072860520819014,0.21835454312232017,0.1002986113859522,0.1496411055970824,0.0791189685508994,0.138460380069739,0.31877642148366425,0.10808694853562699,0.07296392294539109,0.07857027300442189,0.2250817445784497,0.1238876763650684,0.06111218328513685,0.10165890934390459,0.07737380275207037,0.06107248325465466,0.048849196746663465,0.06547031474104853,0.2193177987036208,0.0,0.0,0.0,0.263533637617429,0.263533637617429,0.1939890670993233,0.263533637617429,0.263533637617429,0.028797186421043768,0.01977798885346589,0.0,0.0340401011978938,0.0891632515130421,0.263533637617429,0.21931125150829073,0.263533637617429,0.263533637617429,0.11832432466652847,0.263533637617429,0.17773333839761302,0.08767354970826426,0.14584321754739923,0.11100300426266933,0.0876165947377691,0.07008066557194986,0.09392586854708328,0.263533637617429,0.048109076664628596,0.08159413285101065,0.09612868822922652,0.0740051112598275,0.09888994426732946,0.16573285293065546,0.10180092495631017,0.1728114451174302,0.263533637617429,0.020253332874832823,0.0,0.03485822070999519,0.09130620036625339,0.2858637702961716,0.2245821763225039,0.2858637702961716,0.2858637702961716,0.12116813051196747,0.2858637702961716,0.2858637702961716,0.24777378149003157,0.2031691812933412,0.0,0.0,0.0057285075089298565,0.009057565948796533,0.1370439624228704,0.04926532981733513,0.0835551655685789,0.09843904433116159,0.07578374949491727,0.10126666437416411,0.1697160749543076,0.10424760754907166,0.1769647939674552,0.2858637702961716,0.14079505978057896,0.2858637702961716,0.2858637702961716,0.12127291097631092,0.06481066519946503,0.0682802181757299,0.011457015017859713,0.0,0.0,0.3217816835620783,0.3217816835620783,0.3180494057674818,0.26079368443271966,0.0,0.0,0.007353273611893432,0.011626546805681346,0.17591349072730122,0.2777000755797313,0.09112137304326368,0.0995304859779858,0.09627188145132788,0.2495783867460694,0.10264411862303736,0.007353273611893432,0.0652534277124575,0.09082748217313628,0.1807285049649686,0.3217816835620783,0.3217816835620783,0.15566932481619403,0.08319279558202314,0.08764641152049658,0.014706547223786864,0.0,0.0,0.05283926572194051,0.051253525436307255,0.12894358290489805,0.08283053447302624,0.11958964364915825,0.160416682864484,0.1812473809292348,0.11626546557747494,0.09228227867447693,0.23030406565992442,0.12426839239035095,0.1715845647745519,0.12103553443761693,0.23030406565992442,0.1922090508865816,0.03929711515510054,0.12426839239035095,0.2203797459988005,0.17748904613729424,0.062134196195175476,0.09889131782786566,0.21748550497128757,0.23030406565992442,0.07071314088396569,0.19058458357865643,0.12426839239035095,0.029290341948293473,0.10489277150252632,0.12426839239035095,0.06549519486961135,0.04987965373475765,0.23030406565992442,0.2124600637477545,0.22969862794085233,0.20374539933893615,0.11716135895984252,0.21718206237163207,0.09553032357009547,0.21088165342965826,0.23030406565992442,0.009262419287854155,0.20388111464229858,0.22398070653691074,0.20711400792835813,0.029290341948293473,0.17664620899392958,0.06183914131958674,0.09842171546289981,0.2164527377908756,0.23770068991849203,0.07037734741976011,0.18967956003219755,0.12367828263917348,0.029151251741471484,0.23770068991849203,0.04122609567828863,0.23008096667269543,0.18376483942137556,0.05531061061805643,0.23770068991849203,0.11145855668093148,0.09507668146217498,0.14575624552028021,0.21615073614039096,0.09507668146217498,0.2098802457696769,0.23770068991849203,0.009218435103009405,0.20291295024009545,0.22291709577909338,0.20613049157852034,0.029151251741471484,0.23770068991849203,0.03323754014258822,0.23770068991849203,0.219989371231827,0.23770068991849203,0.16490438271315452,0.10429468578732941,0.0,0.0,0.25731922280652125,0.03217110442123799,0.17954547192459072,0.1434023217748113,0.04316206520456496,0.25731922280652125,0.08697755163633215,0.07419382789031032,0.11374201989129985,0.25731922280652125,0.08042775933798858,0.030520187616279844,0.045745845518598546,0.10071148547731826,0.23049292636303662,0.1683647071790359,0.20936956646702864,0.05942910825680638,0.23944432723656,0.02593717297355972,0.23957848971773138,0.17167041692936238,0.25731922280652125,0.12868441768495195,0.08138716926355474,0.0,0.0,0.0,0.18273750442430306,0.1785381282060227,0.2421392121416434,0.25731922280652125,0.25731922280652125,0.25731922280652125,0.11986036002964817,0.0,0.26185466922938544,0.07063424129196472,0.026803808959851315,0.04017547072133121,0.08844806102558027,0.2024262905099719,0.14786329309460058,0.1838750774453192,0.05219255151367661,0.17997179958829257,0.02825369711929049,0.035738412950642756,0.02604862065542446,0.06949490509152736,0.29275885600703855,0.29275885600703855,0.1476228335083528,0.11212768480287535,0.0,0.16048594523633658,0.15679791817305305,0.21265443271625042,0.29275885600703855,0.29275885600703855,0.29275885600703855,0.10526521764826857,0.0,0.0,0.0,0.017869206475321378,0.0,0.18321384069584487,0.29275885600703855,0.29275885600703855,0.04571544027680527,0.0,0.1647358163681937,0.025861806521985664,0.03271288416627438,0.023843406571214205,0.063611632210559,0.30884689718403135,0.30328968438361004,0.13512543658626847,0.10263522249448448,0.036574117437401195,0.025861806521985664,0.045385116942162566,0.012930903260992832,0.0,0.30884689718403135,0.30884689718403135,0.30884689718403135,0.10263522249448448,0.0,0.0,0.01635644208313719,0.0,0.16770339400965556,0.30884689718403135,0.30884689718403135,0.04184528015977466,0.0,0.0,0.012930903260992832,0.0,0.02948699589215208,0.15131198005967184,0.30884689718403135,0.30884689718403135,0.11746039315794228,0.0,0.03318776825472079,0.023467296045327997,0.041182968963445206,0.011733648022663998,0.0,0.3085897511791997,0.3085897511791997,0.3085897511791997,0.09313236292710635,0.03318776825472079,0.0,0.01484202073381572,0.0,0.052474468435024436,0.3085897511791997,0.3085897511791997,0.258085891685009,0.0663755315050863,0.0,0.011733648022663998,0.0,0.0267568339241977,0.13730220385982725,0.3085897511791997,0.29955538250791053,0.10658489063765561,0.0,0.0,0.0,0.0,0.050224129969525695,0.12155986332931991,0.3085897511791997,0.3085897511791997,0.1132765443718044,0.0,0.03128328037452019,0.0,0.013990307886230152,0.0,0.049463208732731634,0.31536928552274657,0.31536928552274657,0.2432755721422073,0.06256655603186119,0.019785283493092654,0.0,0.006995153943115076,0.036281695416040566,0.06017459240040769,0.31536928552274657,0.31536928552274657,0.25295033681690116,0.015641640187260095,0.0,0.0,0.0,0.04734200646889002,0.11458412200641248,0.31536928552274657,0.31536928552274657,0.10677614325379851,0.0,0.04017948877749784,0.0,0.0,0.05185813946988781,0.18459350466793312,0.31536928552274657,0.31536928552274657,0.05350264247476347,0.0,0.019279427192537547,0.0,0.006816306735961689,0.03535407038466647,0.05863609047751593,0.32136108849589523,0.32136108849589523,0.24648307939038833,0.015241725662785182,0.029701296057188346,0.0,0.03782716030208157,0.0,0.033738997586940704,0.32136108849589523,0.32136108849589523,0.1350897598337508,0.03981826959591422,0.03915220768959854,0.0,0.0,0.05053226680321278,0.17987394695169304,0.32136108849589523,0.32136108849589523,0.05213472430459143,0.0,0.014459570394403161,0.0,0.02044891963331336,0.0,0.09237508806445664,0.32136108849589523,0.32136108849589523,0.17656730058119866,0.07030171632491095,0.02756961175661256,0.0,0.035112276628451594,0.0,0.03131752441840403,0.2841126924791614,0.2841126924791614,0.125394266423238,0.03696048251449285,0.2841126924791614,0.11373639011647944,0.061047167670890974,0.176166143662352,0.05816111677703606,0.21455318866176226,0.24007525551843995,0.17667329761242595,0.08380512517945603,0.013421796179316013,0.0,0.01898128533001096,0.0,0.08574525869229192,0.2841126924791614,0.2841126924791614,0.163894932953898,0.06525610940241185,0.2841126924791614,0.19863656573672814,0.038500649463963615,0.17511485223111614,0.1748536293760942,0.2841126924791614,0.2841126924791614,0.0,0.0,0.282019765304905,0.08178763717635644,0.04389891041027156,0.12668076264649003,0.04182355631175157,0.15428481888098922,0.17263769206367888,0.12704545615591764,0.060264117444530745,0.24559552698127318,0.282019765304905,0.282019765304905,0.282019765304905,0.0,0.0,0.0,0.0,0.07475620493388087,0.2513679099865642,0.14283920345805914,0.02768574900423617,0.12592478083577427,0.1257369359422725,0.2698879977696695,0.2615205178017152,0.0,0.0,0.282019765304905,0.282019765304905,0.2720972677519389,0.08375096362891356,0.0,0.0,0.01819921216938111,0.0231995346829751,0.13384591747877322,0.23772900771397676,0.3036824096916129,0.3036824096916129,0.3036824096916129,0.0,0.0,0.0,0.0,0.07236173491363829,0.024913188740784204,0.18986158916801854,0.3036824096916129,0.3036824096916129,0.22031760221615268,0.025726907129232854,0.03318702884603088,0.0,0.0,0.3036824096916129,0.3036824096916129,0.263381887526335,0.08106838802527999,0.0,0.0,0.017616284398098984,0.022456444656788054,0.12955878122007408,0.22846959987968798,0.10491314334676155,0.10207686893678629,0.060366458491764405,0.09383965343523445,0.050541555134483905,0.08002235940732944,0.027853792189293042,0.12792810133036175,0.02859928895177199,0.21795308926350893,0.3163821020910136,0.3163821020910136,0.25291530652703487,0.029533403310184735,0.03809730810832179,0.0,0.0,0.01822854160448126,0.04009662103612801,0.12296011963817177,0.12458072401075025,0.25218121585345765,0.3163821020910136,0.18463205491290008,0.03574911118971499,0.01822854160448126,0.26227345570413935,0.12043585960157835,0.11717993631366101,0.06929814594848914,0.10772396065602705,0.05801957165751081,0.09186229041592872,0.03197497757162364,0.14685605977885824,0.14150108446479034,0.3163821020910136,0.3163821020910136,0.2672047231001681,0.11541809142266826,0.011304861705703472,0.0,0.0,0.01822854160448126,0.01422795341170884,0.03129668124018903,0.09597426341995277,0.09723919640319208,0.19683541713446867,0.3303411165080437,0.14411115999334861,0.027903312264554506,0.01422795341170884,0.033714910114447105,0.013951656132277253,0.023676744513321652,0.03723041409250456,0.3303411165080437,0.3303411165080437,0.14784995944438498,0.017866837771650497,0.0,0.11044607304055398,0.3303411165080437,0.3303411165080437,0.20856173983348908,0.09008747179348513,0.00882380220889523,0.0,0.0,0.01422795341170884,0.0,0.0,0.1056497548300588,0.3303411165080437,0.3303411165080437,0.2340562966231063,0.0,0.012478740787404932,0.011504830099086396,0.02867215096346916,0.011864898629631823,0.02013539975948357,0.03166183892138981,0.3292122659769937,0.33285448399851797,0.12573595310626906,0.015194484223437383,0.0,0.0,0.008555900000020327,0.09945760871620105,0.33285448399851797,0.33285448399851797,0.05909599753413846,0.006711800108415343,0.0,0.0,0.0,0.0,0.0898476581861896,0.33285448399851797,0.33285448399851797,0.19904835717929284,0.0,0.010612288108612141,0.00978404582098286,0.00474595945185273,0.0,0.0,0.33285448399851797,0.33285448399851797,0.18544831488882949,0.04230649430002345,0.0,0.007504020866329561,0.0,0.008902946008066275,0.10349182674991714,0.3405626082856611,0.3405626082856611,0.061493060383828985,0.006984045393472714,0.0,0.0,0.0,0.028795956335924414,0.10842070376723852,0.3405626082856611,0.3307960607920655,0.012590667137827463,0.029778896507133425,0.0,0.0,0.00493846594235747,0.0,0.0,0.3405626082856611,0.3405626082856611,0.19297050394911106,0.044022538195020694,0.0,0.007808400357201004,0.01481539782707241,0.0,0.3405626082856611,0.3405626082856611,0.10418240832066439,0.0,0.010476067795853562,0.0,0.0,0.0,0.031951474665524685,0.12030166073406329,0.32693418331118074,0.32693418331118074,0.013970377555214958,0.0330421273811954,0.0,0.0,0.04549373630449657,0.19509979726804266,0.2364259542374672,0.32693418331118074,0.20894745901700904,0.06692841764407131,0.0077493710175559,0.028257795656847697,0.05598524728188722,0.016438898670672587,0.0,0.32693418331118074,0.32693418331118074,0.11559892441905925,0.0,0.011624056199722278,0.0,0.0,0.09092180539278892,0.24897981609881292,0.32693418331118074,0.32693418331118074,0.038746855741002645,0.00866406044240769,0.0,0.009878548588795529,0.03399377421185638,0.043838170857097986,0.18799990815386775,0.22782216232018077,0.31686230141299143,0.20134363876459113,0.0644928213466172,0.007467363164653533,0.027229464420301122,0.053947884592140484,0.0,0.005903469116696546,0.0,0.31686230141299143,0.31686230141299143,0.10077161516610826,0.00951905769966314,0.0,0.0,0.0876130641978275,0.2399191757971698,0.31686230141299143,0.31686230141299143,0.03733681645271932,0.008348766068548903,0.0,0.00951905769966314,0.03275670461539292,0.21604577641140857,0.12011352659629172,0.09431391449317938,0.31686230141299143,0.31686230141299143,0.03948132552319248,0.024340626245341838,0.0965335826095349,0.0,0.0,0.005101864367742409,0.0,0.345133976864193,0.345133976864193,0.0870883039333168,0.00822650891067442,0.0,0.0,0.0,0.0,0.0,0.345133976864193,0.345133976864193,0.04785227522239354,0.01645301782134884,0.0,0.0,0.18670992033433323,0.10380386672851981,0.08150746454727156,0.345133976864193,0.2776360082087181,0.034120339057643716,0.021035525260634392,0.08342573420316246,0.0,0.020815489163939955,0.01650997919452079,0.11715243748978962,0.345133976864193,0.345133976864193,0.05953610209115225,0.003226702240466413,0.005101864367742409,0.0,0.0,0.0,0.0,0.37183088743217985,0.37183088743217985,0.04763128833471361,0.016377036038154952,0.0,0.0,0.0,0.0,0.0,0.13064983929945936,0.37183088743217985,0.0887254237378575,0.11179631605063152,0.022816055263622168,0.0,0.020719361024901715,0.016433734357657732,0.11661141509483208,0.37183088743217985,0.37183088743217985,0.059261158050465106,0.0032118009869256657,0.0050783034164030485,0.0,0.1780860904399173,0.06561942689599412,0.05017018528167167,0.09178994863068048,0.3696940088443165,0.2522807255612013,0.025694407895405325,0.045526918229069874,0.018727856918479054,0.0,0.0,0.0,0.13799868629889922,0.3750961962339949,0.09371608861357526,0.1180846821608569,0.024099422316824638,0.0,0.05945850643158732,0.030216321371181288,0.0,0.015171541519687288,0.0,0.179562951958103,0.3750961962339949,0.2711874661833776,0.00989063463759865,0.18810315160423802,0.0693104159629174,0.05299217892165986,0.09695298818886312,0.3750961962339949,0.2664711177040304,0.02713967773559038,0.04808773543493403,0.0197812692751973,0.1508705524530759,0.037470943572759624,0.05294083827272296,0.018313670676881385,0.004797662623621879,0.28884257327634866,0.3750961962339949,0.20422912086636477,0.07063844175169581,0.054335495470556675,0.027612849557359372,0.0,0.013864344649706732,0.0,0.16409160855772986,0.3114232228927454,0.24782165286026475,0.009038446570643625,0.00876858136539325,0.035850901210768026,0.0,0.041824874408867035,0.3114232228927454,0.2099606342153971,0.3114232228927454,0.11632005991036934,0.013864344649706732,0.13787137806575478,0.03424240545156949,0.04837939684012708,0.016735744468420043,0.004384290682696625,0.26395557631470085,0.3114232228927454,0.18663251295351935,0.06455215514474173,0.02021058132928208,0.037397910547776476,0.16007613187853828,0.3114232228927454,0.3114232228927454,0.3114232228927454,0.08656971310509774,0.0,0.03798984514883548,0.008051013697651361,0.03291708027711213,0.0,0.03840217963846593,0.30385206001326887,0.19277872572491306,0.30385206001326887,0.10680112969539755,0.012729770533268273,0.037003270554472695,0.03272822724365125,0.06780527594068625,0.1893248953934522,0.30385206001326887,0.13309871017687816,0.07564670204439612,0.03636044543325915,0.018561863781605892,0.018556669584173888,0.03433749172608442,0.14697646936453546,0.30385206001326887,0.30385206001326887,0.30385206001326887,0.07948537134656934,0.0,0.03488098597933369,0.1049495077230291,0.011736267982989587,0.0,0.07579779061360081,0.30385206001326887,0.30385206001326887,0.30385206001326887,0.022948920171194744,0.040493441072845124,0.04112081053205359,0.03637006165590153,0.07535030993884814,0.2103920284833848,0.3399430461914251,0.14790927291648728,0.08406429095404189,0.04040645502729479,0.020627335698923614,0.1771344484673343,0.08136464190688995,0.12139245801326232,0.064183207077661,0.11232238499609057,0.2655770225822279,0.08768272801473186,0.05919008628872351,0.06373809207518849,0.11662776716339023,0.01304222153475533,0.0,0.08423219190805836,0.3399430461914251,0.3399430461914251,0.3399430461914251,0.025502561912351195,0.04499934987357686,0.09257129253318871,0.0,0.0,0.0,0.05842530418379004,0.1544772735960917,0.3399430461914251,0.3399430461914251,0.08961676304603373,0.2613760632479256,0.12006004463396024,0.1791242926377859,0.09470746169217961,0.16574067358958722,0.3402253380756197,0.12938288662442524,0.0873397121300467,0.09405065886220772,0.2694286982338341,0.14829676850412482,0.07315287172480162,0.12168835664437082,0.09261845287335542,0.07310534975649322,0.05847375811784118,0.07836966834727915,0.26252910521417827,0.13659635503682938,0.0,0.0,0.0,0.08621121489215998,0.2279435873890171,0.3402253380756197,0.3402253380756197,0.1322367101863536,0.15739288494013284,0.09945381663845425,0.021235110331380664,0.0304287682985116,0.06294336007792659,0.11975669470564582,0.1552309092204393,0.19825048421455388,0.21872763677779128,0.24701765925596847,0.23465943829386113,0.11575445616029967,0.1925552505635134,0.1465560871362043,0.11567925911789372,0.09252675815712101,0.12400932629315654,0.24701765925596847,0.06351790276792361,0.10772786667664364,0.12691768571483125,0.09770816210212506,0.1305633427239693,0.21881532483536031,0.1344066795988573,0.22816111489048135,0.24701765925596847,0.24701765925596847,0.15737211932511666,0.033601669899714325,0.04814938146615226,0.09959929450386958,0.18949865863580576,0.24563177155475543,0.24701765925596847,0.24701765925596847,0.10699316896043048,0.20176688327764583,0.24701765925596847,0.16618702762437268,0.08878307305229914,0.06322686162519003,0.06304155854115816,0.046711762237895374,0.0,0.06058650716779129,0.1027561503474479,0.12106034582685064,0.09319886214098361,0.12453775321736975,0.20871684468233134,0.12820371740969236,0.21763131999541124,0.3188829483877257,0.17314977754567024,0.3188829483877257,0.3188829483877257,0.149141437139832,0.07970416205911664,0.0839710186303587,0.014089838129060915,0.0,0.0,0.10205535944425725,0.19245520061624682,0.3016536751034794,0.15851738016518158,0.08468567218781144,0.06030889777717938,0.06013214655996853,0.044555981767641195,0.0,0.3188829483877257,0.3188829483877257,0.17344998619821664,0.06309219380251078,0.050063555396817366,0.0,0.0,0.026826252685549626,0.21913532771882158,0.1712519952865977,0.32838152818907673,0.32838152818907673,0.14750679470766426,0.07883057650287682,0.08305066683036338,0.013935408564012916,0.0,0.0,0.050068635747941445,0.048566043846494183,0.12218241862924081,0.07848731057621806,0.11331895372288543,0.15200522476033987,0.1717436639594729,0.11016907912189726,0.08744345202026257,0.32838152818907673,0.32838152818907673,0.17154891354707485,0.06240068124164254,0.049514841280028414,0.0,0.0,0.026532227552247878,0.2167335277097448,0.32838152818907673,0.1639097055156462,0.16793304379794952,0.0734825285115738,0.18270347741086523,0.0,0.0,0.011016908147123151,0.32838152818907673,0.061650791686519886,0.07303882491360923,0.03849484151800856,0.029316797504232443,0.24497967136536777,0.12487353460292618,0.13500551142859119,0.1197514851767362,0.06886166159475407,0.12764889223086048,0.05614800709145099,0.12394582295680515,0.18175053215627243,0.0054439926970081725,0.11983125193069284,0.13164479956728048,0.12173138697020607,0.01721541669663752,0.16386824224114724,0.012173137918251205,0.0,0.0,0.3736423651404498,0.3022582439567925,0.28397712027188415,0.3736423651404498,0.20056030527849408,0.04489231274475444,0.01962859463464638,0.05019113244162362,0.20295465776415675,0.3736423651404498,0.17633133547702637,0.13124350488618675,0.01962859463464638,0.08978462548950888,0.14992746559844894,0.06594752413832397,0.1455780992898835,0.21347146991355945,0.0063941332630035475,0.1407454117891244,0.15462077902440644,0.14297717757878595,0.020220025018940865,0.21283118824335587,0.023054375133232656,0.2129504391799511,0.15259003728750614,0.2941301300981632,0.11438173474552393,0.07234135860321475,0.0,0.0,0.0527273723809629,0.023054375133232656,0.058950995586230896,0.23837635359145076,0.315791606048239,0.20710646031966917,0.15414944634424727,0.023054375133232656,0.1054547447619258,0.13698518998803558,0.16363788407964522,0.2418897803472398,0.19918591994658297,0.315791606048239,0.315791606048239,0.1880488361833795,0.028595433686380983,0.03889399542740486,0.19911255602691702,0.021568340609612942,0.19922412030934225,0.1427544177116457,0.2447091773540811,0.10700893866143736,0.06767839308154384,0.0,0.0,0.0,0.15195737567821355,0.14846533833412404,0.20135351712147403,0.2447091773540811,0.2447091773540811,0.2447091773540811,0.09967119675477443,0.0,0.12815542468880656,0.15309014449836708,0.22629809493267247,0.18634683183645254,0.2447091773540811,0.2447091773540811,0.17592762009836016,0.02675223466535934,0.036386973674153535,0.2447091773540811,0.2447091773540811,0.03383919654077192,0.08579726888018235,0.03589188863008979,0.11579509940597672,0.2447091773540811,0.2447091773540811,0.08580589463161552,0.0,0.13640112599413276,0.13326657708776032,0.1807404631441371,0.2938435716029315,0.2938435716029315,0.2938435716029315,0.08946761159736959,0.0,0.0,0.0,0.015187497448864593,0.0,0.15571814797751296,0.2938435716029315,0.2938435716029315,0.03885472662351194,0.0,0.23448262767864733,0.23906416247556314,0.030374994897729185,0.07701399178714628,0.03221754785741648,0.10394087074144084,0.2518853153091157,0.2779849735563295,0.07702173449922443,0.0,0.0,0.0,0.0,0.2938435716029315,0.2938435716029315,0.10685216120787702,0.04620829060712481,0.03911953044908982,0.0,0.0,0.01554195909272874,0.0,0.1593524604043912,0.3467334220032891,0.3060375529174496,0.0397615587278289,0.0,0.0,0.012286997899229967,0.0,0.02801866577058109,0.14377727089876688,0.3467334220032891,0.31368218549494864,0.11161135265221615,0.0,0.0,0.0,0.0,0.0,0.3466342620766217,0.3467334220032891,0.10934598830741754,0.04728674785157217,0.040032542821066525,0.010989824855475255,0.012286997899229967,0.019812188333062454,0.06996909797440036,0.3467334220032891,0.3467334220032891,0.058558477703967195,0.024573995798459935,0.0,0.0,0.01111143727129404,0.0,0.025337975125288847,0.13002135588625915,0.3357350830299393,0.2836705886852946,0.10093291737578135,0.0,0.0,0.0,0.0,0.04756084966787693,0.11511379866533204,0.3357350830299393,0.3357350830299393,0.10726972674355831,0.0,0.009938371480618081,0.01111143727129404,0.01791665382181627,0.06327479254475171,0.3357350830299393,0.3357350830299393,0.05295588532255546,0.02222287454258808,0.0,0.06956860036432656,0.0,0.031818314126126956,0.06318216434757758,0.1999431148768935,0.3357350830299393,0.3357350830299393,0.12903103127374146,0.03620242243180901,0.0,0.0,0.0,0.04410413918216769,0.1067473569874612,0.32125713103089365,0.32125713103089365,0.09947339022259694,0.0,0.037431488386019354,0.0,0.0,0.04831139978004866,0.1719685798984583,0.32125713103089365,0.32118998561015577,0.04984343010200366,0.0,0.06451237214227476,0.0,0.029505767129060594,0.058590100674720466,0.18541130002146777,0.32125713103089365,0.32125713103089365,0.1196530886612682,0.03357123955551504,0.07372842530545687,0.02060772165969396,0.026066934303730614,0.0,0.0,0.12791432772281586,0.32125713103089365,0.32125713103089365,0.1848718242532296,0.044321560325703085,0.0,0.0,0.057204153831359184,0.20362310227935773,0.33376878058708265,0.33376878058708265,0.05901818734333398,0.0,0.016368699476672126,0.0,0.023148835751709958,0.0,0.10457157539365647,0.33376878058708265,0.33376878058708265,0.19987987207002858,0.07958380752875893,0.08729973054225135,0.02440101684699682,0.030865115202858184,0.0,0.0,0.15145971579388337,0.33376878058708265,0.33376878058708265,0.2189014667720955,0.08184349738336064,0.031873235369830805,0.019672728247199754,0.036601523969627875,0.021824932635562837,0.26232025637286444,0.1944350865438794,0.12015694458264377,0.11128575769369493,0.015431054922531575,0.0,0.021822806166511798,0.0,0.09858142520942849,0.2765852995347584,0.2765852995347584,0.18843019802623123,0.075025026067015,0.2765852995347584,0.22837269427695253,0.04426424216954802,0.201329752473343,0.20102942424834164,0.2765852995347584,0.2765852995347584,0.0,0.0,0.07715527461265788,0.03004744795098586,0.018545819751362182,0.03450488705157116,0.020574739896708768,0.24729382374886125,0.18329730493260746,0.11327402117809059,0.1049110005052202,0.13703117873119933,0.11525518479928813,0.27408564830279303,0.2765852995347584,0.2765852995347584,0.20232323337549046,0.029097075706249104,0.02300325885194748,0.03128781519509407,0.2733933035935319,0.18120071366315754,0.03512115271168997,0.1597436810267483,0.1595053877015514,0.2733933035935319,0.2733933035935319,0.0,0.0,0.2733933035935319,0.2733933035935319,0.2733933035935319,0.10624348226635295,0.0,0.0,0.02308687078451373,0.029430101396796065,0.16979215216062885,0.1087264283447344,0.09144841858231635,0.21747133664353965,0.22299664051864668,0.26246554104303305,0.16053195148548152,0.02308687078451373,0.01825177451160757,0.02482509767755622,0.14120483085962637,0.26811533161801426,0.24325434437506474,0.1335278811779392,0.06563730170414007,0.1065204169108455,0.11621593960431857,0.08251208416206313,0.08276683352049755,0.30917561984345565,0.30917561984345565,0.30917561984345565,0.09780367061804987,0.0,0.0,0.021252886837324195,0.027092221394362414,0.15630413620871236,0.27563352420307946,0.1265707973888812,0.12314901912323808,0.07282815615953299,0.11321136116126594,0.06097505737200081,0.09654170598671677,0.0336037656983598,0.15433682832580284,0.1299877458124887,0.24681668015622008,0.22393060982342355,0.12292064068751991,0.06042317984302686,0.09805860601902602,0.1069839319567149,0.07595745667638922,0.07619196915481134,0.0,0.27334045279058883,0.2588788165135149,0.30917561984345565,0.30917561984345565,0.03831418738153553,0.0,0.032319067129552084,0.0,0.24193150019437398,0.1110948422606573,0.10809144870926328,0.06392337480358314,0.09936887947132432,0.053519567864964986,0.08473744196472317,0.029494995106598882,0.13546588906432402,0.13052624617229713,0.31204796506384846,0.31204796506384846,0.24648029799694937,0.10646625268459008,0.010428055498822657,0.0,0.0,0.016814734090751945,0.0,0.23991880522745862,0.22722540964035248,0.31204796506384846,0.31204796506384846,0.03362946818150389,0.0,0.028367378090679508,0.0,0.02331784067977754,0.29608373518216896,0.31204796506384846,0.31204796506384846,0.026381125234418386,0.017758338169159362,0.0,0.0,0.010428055498822657,0.11675875990071044,0.3364297958843462,0.3364297958843462,0.22048235338119582,0.0952365367063375,0.009328137933355614,0.0,0.0,0.015041170324509651,0.0,0.0,0.11168830197559265,0.3364297958843462,0.3364297958843462,0.24743408423975644,0.0,0.013191979210748645,0.012162403408806224,0.020858350264201502,0.26485378044969476,0.3364297958843462,0.3364297958843462,0.023598529471919927,0.015885246096723853,0.0,0.0,0.009328137933355614,0.17292937293657926,0.23622038520273472,0.06516389865972239,0.04890407556560156,0.047197058943839854,0.022520115737522294,0.07362384215988603,0.054251371327017406,0.017943031909519326,0.0,0.0,0.11054483895800966,0.3840978008793037,0.3840978008793037,0.24490085811299964,0.0,0.013056919942325789,0.012037884920684395,0.005839232027829813,0.0,0.0,0.3840978008793037,0.3840978008793037,0.22816792911772307,0.052052159106723464,0.0,0.009232636609035757,0.1711589248313694,0.2338019647441843,0.06449675172597098,0.04840339643601312,0.0467138562226385,0.022289555159180144,0.07287008246228946,0.05369594667046596,0.01775933144090328,0.0,0.01869466434004492,0.026984961200937137,0.0901529509554263,0.3840978008793037,0.1503479178330141,0.03565173036467953,0.014598080069574531,0.0,0.00551558749295676,0.0,0.0,0.36338177141808836,0.36338177141808836,0.21552152237445515,0.049167122728147716,0.0,0.008720909661597801,0.016546762478870283,0.0,0.36338177141808836,0.36338177141808836,0.11635742658281077,0.0,0.011700327426495086,0.0,0.0,0.0,0.017658496241893435,0.02548929615888699,0.0851561449130663,0.36338177141808836,0.14201475317980503,0.03367570207255076,0.013788968732391901,0.0,0.0,0.0,0.03367570470258782,0.31535442607182546,0.36338177141808836,0.1113727278518409,0.045903709615812235,0.0,0.0,0.01748176093498107,0.0,0.32504844962467333,0.32504844962467333,0.12293236922496689,0.0,0.012361471145318235,0.0,0.0,0.09668976599322127,0.2647747704923906,0.32504844962467333,0.32504844962467333,0.041204905670161496,0.009213697122582276,0.0,0.010505230810991575,0.03615029485579788,0.0,0.0,0.03557859851311844,0.32504844962467333,0.32504844962467333,0.11766600296999731,0.04849756431550651,0.0,0.0,0.0,0.013030135463650451,0.07313795844020866,0.07768933887421348,0.10294149748999863,0.32504844962467333,0.32504844962467333,0.13003098910891683,0.0,0.09775429073199694,0.26768985970061726,0.2984896886574808,0.2984896886574808,0.04165855907385139,0.00931513710872582,0.0,0.010620890187865367,0.03654829854101446,0.24105311042487804,0.13401668697749414,0.10523076554680726,0.2984896886574808,0.2984896886574808,0.0440512954205575,0.027158057720860107,0.10770736061126958,0.0,0.0,0.013173593268188176,0.0739431849841286,0.07854467472409571,0.10407485187967001,0.2984896886574808,0.2984896886574808,0.13146259051256087,0.0,0.012145452407982224,0.0,0.02951527118772878,0.24010462003616523,0.2984896886574808,0.2984896886574808,0.046581693110140154,0.02374903271086652,0.0,0.1949105935891014,0.10836314023738199,0.08508743546354569,0.3535165095472894,0.28983033716028567,0.03561897261419282,0.02195944761621136,0.08708995936063776,0.0,0.021729747093920174,0.017235130512537764,0.12229800693319724,0.3535165095472894,0.3535165095472894,0.06215104680987848,0.003368425458585251,0.005325948458159678,0.0,0.00982056333591985,0.0,0.023865442005720716,0.1941436637438415,0.3535165095472894,0.3535165095472894,0.03766500020879109,0.019202980018316527,0.0,0.0,0.0,0.020497017398946583,0.19815570774668892,0.3535165095472894,0.019677059472113866,0.0,0.0,0.0,0.020709461169945303,0.016425882204961637,0.11655569734879187,0.3686974564965113,0.3686974564965113,0.0592328426565423,0.003210266366051923,0.005075876967672963,0.0,0.1780009996659793,0.06558807347694744,0.05014621361783377,0.0917460907541365,0.3686974564965113,0.2521601840740216,0.025682130928415384,0.04550516515055849,0.018718908618050555,0.0,0.0,0.019534612349075362,0.18885161973796136,0.3686974564965113,0.018753154250491136,0.0,0.0,0.0,0.0,0.024686853570047105,0.126204527143698,0.3686974564965113,0.3686974564965113,0.005075876967672963,0.0,0.0,0.0,0.19002813341614924,0.07001971449920842,0.05353448233193107,0.09794517113360544,0.32890717055957996,0.2691980898499259,0.027417415697855153,0.048579848487260796,0.019983703860936664,0.15241450887777316,0.037854408093356676,0.053482616280763666,0.018501086372268032,0.004846760223589737,0.29179848706790723,0.32890717055957996,0.20631913020314352,0.07136133083906133,0.0,0.026354889650265622,0.13473188783651727,0.32890717055957996,0.32890717055957996,0.0054188427448549304,0.0,0.0,0.0,0.0,0.0,0.031183951352340346,0.32890717055957996,0.32890717055957996,0.20229769701210393,0.0,0.0,0.0,0.1304453456391176,0.032398039950789936,0.045773584272237995,0.015834323282601998,0.004148143882437759,0.24973839290503166,0.3136413232779497,0.17658010677247266,0.061075244969189986,0.019121998373065767,0.03538358313397626,0.15145410631574358,0.3136413232779497,0.3136413232779497,0.3136413232779497,0.08190689254217765,0.0,0.0359436349352578,0.0,0.0,0.026689068793388858,0.3136413232779497,0.3136413232779497,0.17313832654805547,0.0,0.0,0.0,0.0,0.0,0.0,0.05586041901490169,0.3136413232779497,0.3136413232779497,0.16759770995837758,0.02947810073343386,0.0,0.015376371446080731,0.02845262857712853,0.12178719767204454,0.2982556859886899,0.2982556859886899,0.27953680120254576,0.06586292808688399,0.0,0.028902977142040102,0.086962943782159,0.00972487089230168,0.0,0.06280733608906705,0.2982556859886899,0.2982556859886899,0.2982556859886899,0.019015864847843827,0.03355355271277076,0.0,0.0,0.0,0.04491845125960703,0.2982556859886899,0.2982556859886899,0.1347685838872576,0.023703915122213936,0.0,0.0,0.24172835145664404,0.2982556859886899,0.19845298804977213,0.1535662171580226,0.18320565549132625,0.0,0.019015864847843827,0.0,0.09277720142336664,0.010375066279396234,0.0,0.06700657334918696,0.30183091437839815,0.30183091437839815,0.30183091437839815,0.020287247033027284,0.03579691053582912,0.07364031450024194,0.0,0.0,0.0,0.0464772356216597,0.12288642298774935,0.30183091437839815,0.30183091437839815,0.07128999103947438,0.0,0.2578900733743611,0.30183091437839815,0.2117213613592046,0.16383350472569072,0.1954546070105069,0.0,0.020287247033027284,0.0,0.30183091437839815,0.30183091437839815,0.21718529274422976,0.0,0.02164623193984293,0.01989328204759217,0.0,0.009581873430452498,0.06005015320588343,0.12843168750312198,0.0,0.0,0.0,0.0810581790949624,0.21431889288695574,0.3476401752516701,0.3476401752516701,0.12433262830853413,0.14798516262308586,0.09350924112183563,0.019965840621727196,0.02860997323219685,0.05918109564303635,0.11259857107237853,0.14595241299410674,0.18640061244036255,0.2056538001132428,0.3476401752516701,0.3476401752516701,0.3476401752516701,0.0,0.0377519041707633,0.03469468864557103,0.0,0.016711174883837564,0.1047298964350197,0.2585271902489807,0.11131125451906089,0.05983618915736152,0.03756889005779073,0.0,0.0,0.04190868704824001,0.08213903988997738,0.2414432766315871,0.22506659513980157,0.14221565284217955,0.030365502109703152,0.043512127488157325,0.09000691323998483,0.17124809379311232,0.22197504170527732,0.2574236685872583,0.2574236685872583,0.0966886856364064,0.1823347690195502,0.2574236685872583,0.15018159969412972,0.08023239916711516,0.05713749958855289,0.056970042994702104,0.042212964981089326,0.0,0.2574236685872583,0.16929024917959357,0.09100322708762953,0.05713749958855289,0.0,0.0,0.06373777839303084,0.12492302409515744,0.2574236685872583,0.2574236685872583,0.2574236685872583,0.2574236685872583,0.1844213038341543,0.05220891063701709,0.021106482490544663,0.0,0.2574236685872583,0.2574236685872583,0.08062068884897396,0.15203386603840324,0.23829740263616878,0.12522400051348553,0.06689915419041659,0.047642229756431995,0.04750260156871084,0.03519789614196191,0.0,0.2886853958208765,0.2886853958208765,0.13702031372280002,0.04984095056888861,0.039548714974883194,0.0,0.0,0.02119193918401655,0.1731103703719421,0.2886853958208765,0.22780694042619118,0.21767437372740406,0.1537736546491754,0.04353268753118693,0.017598948070980953,0.0,0.23826592296304402,0.2886853958208765,0.09602686639621304,0.2886853958208765,0.2886853958208765,0.2886853958208765,0.16637562681752371,0.16258739267699165,0.07334194141542819,0.02119193918401655,0.0,0.25968886065670227,0.30377439635857983,0.09650443986925963,0.03510335720682046,0.027854458090946707,0.0,0.0,0.014925642520672662,0.1219229388286279,0.30377439635857983,0.09220702126791436,0.09447034080349208,0.04133742445556425,0.10277941366771264,0.0,0.0,0.006197535897174041,0.2579620100619995,0.0676324458920338,0.30377439635857983,0.30377439635857983,0.2808867637053914,0.11717960817404258,0.1145115263116317,0.051655282219969186,0.014925642520672662,0.0,0.09994056889903309,0.30377439635857983,0.2704401042311919,0.24467269957515686,0.30377439635857983,0.0,0.0,0.0,0.0,0.10653499016976374,0.007914072371311667,0.0,0.0,0.319227474596347,0.19650591602294779,0.18462088384448636,0.3346931467249609,0.13038945105572153,0.029185655692347844,0.012761057956373487,0.032630555671726284,0.13194608164523894,0.3346931467249609,0.11463757000591844,0.08532480309588848,0.012761057956373487,0.05837131138469569,0.028534593378757862,0.0176964035412836,0.005005298693000066,0.015828144742623333,0.11679626337247177,0.03493440472261585,0.0709840560438345,0.32377343807502396,0.3346931467249609,0.17930673778502298,0.2197691016581373,0.09407819884719215,0.11032790600751156,0.04247136849908063,0.07420619833123628,0.23665877645155806,0.3346931467249609,0.12040973363872665,0.04037335616998876,0.017652738160466176,0.04513878530077571,0.1825248062147994,0.2896574790808443,0.15858144470348343,0.11803225193353004,0.017652738160466176,0.08074671233997752,0.10488957851799442,0.12529754999200665,0.18521503755733174,0.15251668586758058,0.24595780245460266,0.25200752653515124,0.1439890193224304,0.021895527444723978,0.029781137563977628,0.24804016276295465,0.2896574790808443,0.1301410758054195,0.15261976265615224,0.05875186446093112,0.10265156646911767,0.2896574790808443,0.2896574790808443,0.16656624452005642,0.18175431702550165,0.0858015091503685,0.059196580384445606,0.0,0.1517756498574054,0.19595926594449606,0.2896574790808443,0.1321769777858911,0.02496474201329333,0.13721330480488453,0.163910382339929,0.24229258770872436,0.19951761463307774,0.25019569600147634,0.25019569600147634,0.1883619848225016,0.028643052280176818,0.03895876371837282,0.25019569600147634,0.25019569600147634,0.036230912585839846,0.09186132256882404,0.03842868662471554,0.12397936574503773,0.25019569600147634,0.25019569600147634,0.09187055797858873,0.23776538006914888,0.11224288241132419,0.07743913687577941,0.0,0.19854821422769695,0.25019569600147634,0.25019569600147634,0.17290983715805966,0.032658103918852724,0.25019569600147634,0.132114698942645,0.08649686273171116,0.0,0.09607171656178885,0.014321526140088409,0.06340409931574795,0.15198650325781532,0.1120276338398242,0.31440288247587844,0.31440288247587844,0.041094668591160365,0.10419308645255856,0.043587478993102904,0.14062276061535986,0.31440288247587844,0.31440288247587844,0.10420356165388518,0.0,0.0,0.0,0.0,0.31440288247587844,0.31440288247587844,0.14456147788242824,0.06251571053945376,0.052925248042340785,0.31440288247587844,0.14985020750459438,0.09810848401108149,0.0,0.10896869748275727,0.016244094571236167,0.07191567263254683,0.17238966771569258,0.12706658919485014,0.2905831932873527,0.016244094571236167,0.057013818883942746,0.14619685633715793,0.08717495798620581,0.1473512761764798,0.030821000577364872,0.0,0.022972618792410134,0.0,0.0,0.0,0.0,0.39143926132447276,0.39143926132447276,0.15958219145626754,0.06901142845568795,0.05842446542247129,0.01603881734761669,0.01793194319726737,0.028914388910598277,0.10211460120129218,0.39143926132447276,0.39143926132447276,0.08546166480355595,0.03586388639453474,0.0,0.32077634695233376,0.01793194319726737,0.06293786072241202,0.1613874945113344,0.09623290408570012,0.16266186476901406,0.0340234679878617,0.0,0.025359597204476676,0.03207763469523338,0.0,0.0340234679878617,0.03586388639453474,0.19246580817140024,0.2779588217338005,0.18145847044224875,0.10759165535965219,0.0,0.014739047592401541,0.01647875641205172,0.026571195682444926,0.09383933580418241,0.3666265320404395,0.3666265320404395,0.07853593675674936,0.03295751282410344,0.0,0.10317333314681078,0.0,0.04718797713786016,0.09370196406181894,0.296524545464089,0.3666265320404395,0.3666265320404395,0.19135876683108768,0.053689805037301086,0.029478095184803082,0.0,0.03126624008884053,0.03295751282410344,0.17686857110881848,0.25543331615227344,0.1667532570467309,0.09887253495824753,0.0,0.11791238073921233,0.0,0.09379872026652158,0.07274074822853865,0.10317333314681078,0.24374638670679086,0.2196682674651005,0.09887253495824753,0.053689805037301086,0.07678772594331897,0.0,0.03512009688710549,0.06973857020293511,0.22069118868306647,0.33471310455467174,0.33471310455467174,0.1424205664012828,0.03995914360242747,0.08775740107807882,0.024528939652551134,0.031026926169805357,0.0,0.0,0.152253746300657,0.33471310455467174,0.33471310455467174,0.22004906197048524,0.08775740107807882,0.0,0.06981058192053127,0.05413798769045245,0.07678772594331897,0.1814105464198029,0.1634901791585206,0.07358681634227904,0.03995914360242747,0.0,0.0,0.0,0.0,0.03336296547024514,0.273274399086176,0.33471310455467174,0.33471310455467174,0.022614564083114543,0.08096961652888089,0.022631696166116745,0.028627081968891372,0.0,0.0,0.1404773534950221,0.3352628668199503,0.3352628668199503,0.20302889495824836,0.07590901549582584,0.02956210322070725,0.018246256344190186,0.03394754304263382,0.020242404132220223,0.24329938287711927,0.18033657491758487,0.1114443500078157,0.10321641395242798,0.0,0.0,0.0,0.0,0.030782435295555157,0.25213740413166336,0.3352628668199503,0.3352628668199503,0.020865392084121113,0.0,0.0,0.0,0.08361425855205662,0.3352628668199503,0.3352628668199503,0.1849583230938725,0.16201357530697708,0.032006051575842624,0.08098727280519853,0.031539786184718845,0.019466917474404252,0.03621860870545985,0.021596606081386274,0.25957593265702705,0.19240095915100733,0.11889989506157286,0.11012151613531664,0.14383697693301822,0.12097945526620128,0.28769840147061504,0.29500796748994407,0.2975870575437106,0.21237183042210983,0.030542212698818016,0.024145739995145257,0.03284175757788065,0.0,0.0,0.0,0.08920799095506887,0.2975870575437106,0.2975870575437106,0.19733189888122316,0.172852164342103,0.034147232887410554,0.026995757601732843,0.0,0.02710247129273777,0.2761492665639466,0.2975870575437106,0.2850244266982187,0.038933834948808504,0.11397109732872535,0.034147232887410554,0.1366218541984694,0.1149109071312458,0.24804670798304523,0.24804670798304523,0.24804670798304523,0.20171887556635065,0.029010160107714913,0.02293454603587145,0.03119435565943617,0.1774330869460378,0.24804670798304523,0.24804670798304523,0.16778649856758998,0.08247755398504514,0.13384985683711653,0.1460329139647333,0.10368181962400654,0.10400192882132908,0.025641601608178168,0.0,0.02574296234756749,0.24804670798304523,0.24804670798304523,0.24804670798304523,0.03698084341859068,0.10825410109485081,0.03243434596791821,0.18074785945129543,0.07853384114859384,0.14319184946892177,0.12201757389287642,0.0670925979108856,0.16390596440575542,0.24804670798304523,0.24804670798304523,0.24804670798304523,0.1240825755317841,0.23560412688567442,0.2137577402671127,0.11733651958644169,0.05767823520501906,0.09360393406197727,0.10212379432177932,0.07250681051770934,0.072730669406369,0.0,0.26092295983196995,0.24711829644276287,0.27705198366038886,0.27705198366038886,0.0365736248443471,0.0,0.030850854926004576,0.0,0.12640066353235757,0.05492031640685569,0.10013697999103718,0.08532937734083637,0.04691922172572553,0.11462278292364017,0.23689830296276462,0.2578442605356187,0.20229875904693392,0.27705198366038886,0.27705198366038886,0.04627101528198895,0.0,0.0,0.0,0.16514491448177357,0.27705198366038886,0.27705198366038886,0.0,0.24067310405701597,0.22793980074602221,0.3005894336266479,0.3005894336266479,0.03373519840329245,0.0,0.028456564430496115,0.0,0.023391151398026097,0.29701461517170186,0.3005894336266479,0.3005894336266479,0.02646406684405112,0.01781416994809466,0.0,0.0,0.010460841049125242,0.3005894336266479,0.2585805713770718,0.042679988311329235,0.0,0.0,0.0,0.15232825510317152,0.3005894336266479,0.2809552077868874,0.13461566377888168,0.12238636534199884,0.056138767140977756,0.14823810538306154,0.033353863318396175,0.06300038212095357,0.08975808164942348,0.09344708437546458,0.07235022777392942,0.036008309144811096,0.3325651443252778,0.3325651443252778,0.3325651443252778,0.04073875133098204,0.027423110890698883,0.0,0.0,0.016103405599923494,0.29853244585722044,0.3325651443252778,0.11249412241616949,0.08442436957392783,0.08147750266196407,0.03887705782970614,0.1270987415276028,0.09365554444763115,0.030975519722768248,0.20722718410060684,0.18840141741446614,0.08641994777527175,0.22819755363238792,0.051344895388259267,0.09698270927543824,0.1381734783927899,0.14385232456564429,0.11137584995499597,0.25102611274571407,0.15769069495202068,0.23996761580787254,0.08240357674854731,0.030554063498236528,0.12624061871596565,0.021604984515599137,0.1461773440682492,0.13237212372495333,0.3018981732127492,0.33992618384235873,0.11376240849497443,0.08537619043658926,0.0823960998307981,0.0393153672290888,0.12853168363205106,0.09471143981953686,0.03132474526099502,0.0,0.03297452948273426,0.047597345559433756,0.15901602110434349,0.33992618384235873,0.26519073886942646,0.06288420121576746,0.025748781197124405,0.0,0.253856242154912,0.15946853817501894,0.24267306903472838,0.08333261470172394,0.030898537436549283,0.12766388613526122,0.02184856436230935,0.14782538297496275,0.1338645192220364,0.05799293565336518,0.09742982291868428,0.23874468652376482,0.33992618384235873,0.33992618384235873,0.07052210395489036,0.0,0.0,0.0,0.0,0.02488681824484367,0.0359230747627463,0.12001392824465172,0.381044341890967,0.20014701716714117,0.0474605008980772,0.019433339845368054,0.0,0.0,0.0,0.047460504604692616,0.381044341890967,0.381044341890967,0.15696199707569244,0.06469391630656249,0.0,0.0,0.04376892321832573,0.07353306726860813,0.18018742689111555,0.33842537443201226,0.381044341890967,0.053225044023396825,0.0,0.0,0.0,0.0,0.0,0.010993156920470117,0.05677368719937993,0.381044341890967,0.06344423833144458,0.13602684044797816,0.03035584774930762,0.0,0.0,0.0,0.03781525038583026,0.34717384255793954,0.34717384255793954,0.12506308708505376,0.051546368163365885,0.0,0.0,0.0,0.013849276129793232,0.07773578293437179,0.08257328631859308,0.10941292421176423,0.34717384255793954,0.34698192385903676,0.13820539921654917,0.0,0.0,0.0,0.008759051024442696,0.04523574316483531,0.34717384255793954,0.05055065844800672,0.10838251876119073,0.024186720998341658,0.0,0.0,0.0,0.0,0.09180769741511834,0.34717384255793954,0.34717384255793954,0.2566851447912268,0.03530886449632307,0.0,0.0,0.01078707581188878,0.060547697652275634,0.06431558524848045,0.0852207362472715,0.2886084002540753,0.2702610795643318,0.10764693439494069,0.0,0.009945192114817003,0.0,0.024168308632947163,0.1966074620938318,0.3510682325921872,0.3510682325921872,0.038142991421984865,0.01944667723496352,0.0,0.0,0.0,0.0,0.0715081844603681,0.3510682325921872,0.3510682325921872,0.19992973572763553,0.027501754935348493,0.0,0.0,0.01944667723496352,0.0,0.3365410762082405,0.3510682325921872,0.0,0.0,0.0,0.0,0.008826339715346465,0.0,0.021449329472672286,0.1744887610996334,0.41149636679134954,0.33403477899272627,0.033851834752231864,0.017258890288781595,0.0,0.0,0.0,0.01842192067055431,0.1780946299394104,0.41149636679134954,0.01768497443163075,0.0,0.0,0.0,0.0,0.017258890288781595,0.0,0.2986795863256073,0.41149636679134954,0.0,0.0,0.0,0.0,0.0,0.018415014166466025,0.019736295973278004,0.2338201185062402,0.41149636679134954,0.03738897540397093,0.0,0.0,0.0,0.0,0.0,0.01837585101413614,0.1776492497557716,0.41090951323121844,0.017640747735055525,0.0,0.0,0.0,0.0,0.023222469691468066,0.11871828048903492,0.41090951323121844,0.41090951323121844,0.004774784226954901,0.0,0.0,0.0,0.0,0.018368961781877212,0.019686939318740364,0.23323537966625282,0.41090951323121844,0.03729547281640189,0.0,0.0,0.0,0.0,0.018368961781877212,0.1655420563712698,0.41090951323121844,0.1569915396165979,0.0,0.0,0.0,0.0,0.0,0.025808282824941593,0.1319375156931496,0.36193919076017106,0.36193919076017106,0.0053064546275453425,0.0,0.0,0.0,0.0,0.0,0.030537188612068736,0.36193919076017106,0.36193919076017106,0.19810199354297434,0.0,0.0,0.0,0.0,0.020414338662756614,0.18397510114188323,0.36193919076017106,0.17447248761128833,0.0,0.0,0.0,0.0,0.0,0.03227993175525325,0.2302098872343163,0.36193919076017106,0.19026334404371,0.02790198669643303,0.0,0.0,0.0,0.0,0.0,0.031574162477166316,0.3387482919830307,0.3387482919830307,0.20482908923398388,0.0,0.0,0.0,0.0,0.0,0.0,0.06608495634197599,0.3387482919830307,0.3387482919830307,0.19827433343562845,0.03487369114602721,0.0,0.0,0.033376085236261704,0.23802729438274975,0.3387482919830307,0.19672425692491155,0.02884947506401204,0.0,0.0,0.0,0.010116882005612738,0.012268521799756167,0.050726395151313296,0.3387482919830307,0.3387482919830307,0.08210942592375202,0.038465789689380726,0.021107563436505543,0.010116882005612738,0.0,0.0,0.0,0.05909462925131543,0.3094542538609645,0.3094542538609645,0.1773012932595033,0.031184825760266797,0.0,0.0,0.3094542538609645,0.3094542538609645,0.2610843745443866,0.2020314239249159,0.24102501275995378,0.0,0.025017235714156802,0.0,0.009046739596939754,0.010970783478565489,0.04536066422152609,0.3094542538609645,0.3094542538609645,0.07342406428920382,0.03439695970729089,0.01887484996167919,0.009046739596939754,0.024135723652844075,0.019625134387743493,0.02210303974473826,0.09346936440047685,0.05089899648624671,0.3094542538609645,0.3094542538609645,0.08839996382550434,0.02081559731145938,0.0,0.2846742413567782,0.2846742413567782,0.2846742413567782,0.22129813974581788,0.26401035007213913,0.0,0.027403003045620614,0.0,0.2846742413567782,0.2846742413567782,0.2846742413567782,0.0,0.029238652184204822,0.0268708547616188,0.0,0.012942717480098615,0.08111275662547383,0.026437425634234808,0.021496684267707657,0.02421089493511815,0.10238306528363054,0.05575297653458841,0.2846742413567782,0.2846742413567782,0.09683022159687454,0.022800675623788,0.04683469663557474,0.16705958429405163,0.24791353949365988,0.2846742413567782,0.1614618711805496,0.0,0.0,0.005374171066926914,0.0,0.28587535644636913,0.28587535644636913,0.28587535644636913,0.0,0.04279980495973943,0.039333801560116184,0.0,0.01894566754675789,0.11873359077722843,0.28587535644636913,0.12619495858249302,0.0678370344946065,0.04259231957556715,0.0,0.0,0.04751240159092521,0.09312205474376761,0.2737272562975836,0.06855705484379457,0.24454333870776584,0.28587535644636913,0.28587535644636913,0.23634935534734655,0.0,0.0,0.007866760479780377,0.0,0.04960207174312981,0.28484778307186387,0.28587535644636913,0.2708111809291717,0.09557163777142587,0.10480891619741506,0.04751240159092521,0.04411428279501079,0.0145055890320969,0.27559728506645514,0.14248376499397053,0.07659320300421492,0.04808998807179854,0.0,0.0,0.05364513716413789,0.10514192573860362,0.27559728506645514,0.27559728506645514,0.22994794961899176,0.21972015351934363,0.15521887316446067,0.04394182293337097,0.01776434913177874,0.0,0.2405052293267598,0.27559728506645514,0.05600453467277134,0.27559728506645514,0.27559728506645514,0.27559728506645514,0.10790769242505902,0.11833728662768439,0.05364513716413789,0.049808401010988324,0.016377920021245117,0.27559728506645514,0.15164960378549372,0.06852346847220091,0.0554482204506084,0.04402327329965807,0.00888217456588937,0.08495525877546944,0.11938832630613448,0.27559728506645514,0.25892148163057205,0.15080359921312614,0.14409604445388366,0.10179505743709018,0.028817760999034932,0.011650148614891364,0.0,0.15772723467266853,0.314935474190174,0.06356784848878995,0.30804931299115546,0.3401369361649643,0.26400593682852436,0.11013730880403791,0.10762957421972058,0.04855088575454659,0.014028636253471881,0.0,0.3401369361649643,0.09945427262121653,0.04493880329568985,0.03636384332962976,0.02887117747182225,0.005825074307445682,0.05571503819299628,0.07829680299749553,0.2546751540201519,0.08413557799296986,0.3401369361649643,0.3401369361649643,0.02821612819286379,0.015845915537625772,0.0,0.0,0.0,0.008237899066369982,0.0529691420436378,0.25668806171961345,0.33560297110716625,0.21998806473212393,0.09177404762053376,0.08968442916462718,0.04045596673498431,0.01168963310941254,0.0,0.07827258233992672,0.33560297110716625,0.21180633209962776,0.1916255253977637,0.29595411821970236,0.0,0.0,0.0,0.0,0.07010760136736573,0.33560297110716625,0.3060431055875158,0.023511635798604415,0.013203916301682024,0.0,0.0,0.0,0.006864389092304311,0.14723642541339982,0.33560297110716625,0.3087221787703056,0.08242836858395124,0.12391014884353181,0.01793288381747973,0.0,0.0,0.006864389092304311,0.026213915079871298,0.01625717996022608,0.004598224798443096,0.014540864018897091,0.10729738773749213,0.03209323877894247,0.06521102272104302,0.297441400273639,0.32293732238452166,0.16472397328936295,0.201895590085216,0.08642695140991336,0.1013550927686928,0.03901723190454259,0.06817111271342718,0.21741165141065852,0.32293732238452166,0.11061697955525256,0.060119311216845155,0.014540864018897091,0.013794674007727912,0.010281943525799581,0.11406936050315074,0.07741931872186793,0.17978607588483705,0.11860564853993459,0.2971235547431972,0.15324909971042686,0.04528726399086436,0.0,0.020563887051599162,0.0,0.19244674920202193,0.32293732238452166,0.32293732238452166,0.32293732238452166,0.17873425583627528,0.219067433415516,0.09377783048805505,0.10997565636306063,0.04233576795163504,0.07396927634183086,0.23590318366567145,0.2980692842837767,0.12002529521876983,0.13096960684399017,0.0618273618142896,0.04265622399698872,0.0,0.10936740054172385,0.1412054934276284,0.23738449842235115,0.09524487284676753,0.017989242291196392,0.1662834088284529,0.04913908562689328,0.0,0.022312909140506612,0.0,0.2088149394399951,0.2980692842837767,0.2980692842837767,0.2980692842837767,0.17718369875282378,0.1808146344785901,0.17557427559798264,0.2980692842837767,0.24812660092031277,0.04487008421510612,0.07645338687157559,0.13085772900872217,0.03944910985414086,0.20988100723965267,0.09907939166383006,0.06835731948247085,0.0,0.17526310674676074,0.22628418838933645,0.2632007909992669,0.15263151756501972,0.028828064636797126,0.2632007909992669,0.11662070431440279,0.07635278385743882,0.0,0.08480472907101326,0.012641942786694154,0.05596826679999422,0.1341620061814966,0.09888938676496643,0.2632007909992669,0.2632007909992669,0.2632007909992669,0.2632007909992669,0.2632007909992669,0.07190506787740769,0.12251784387352638,0.20970172111885207,0.063217864895612,0.05144265635986426,0.0,0.01599093279374055,0.04316228977552047,0.0678437832568106,0.08632457955104093,0.2632007909992669,0.2632007909992669,0.2632007909992669,0.32314832087279943,0.20936815162265157,0.13707549891294496,0.0,0.1522492037656557,0.022695971609241798,0.10047935002902418,0.24085990062690474,0.17753526909133513,0.32314832087279943,0.022695971609241798,0.07965873438189093,0.20426375174298395,0.12179936301252456,0.20587668743376658,0.04306257581822645,0.0,0.03209695077900533,0.09235456036680666,0.0,0.02870838468546294,0.07748888915761708,0.12179936301252456,0.15497777831523415,0.32314832087279943,0.32314832087279943,0.32314832087279943,0.07104962842397265,0.0,0.0,0.0,0.32314832087279943,0.10993721463250797,0.07353804369277238,0.045391943218483596,0.0,0.32115829913932864,0.03304392765775171,0.11597817892719849,0.2973953594895954,0.17733232176353408,0.29974369386366223,0.0626964407866326,0.0,0.0467311705282531,0.05911077392117802,0.0,0.0626964407866326,0.06608785531550342,0.32115829913932864,0.32115829913932864,0.32115829913932864,0.1982635588999569,0.0,0.10344385436206155,0.0,0.0,0.0,0.32115829913932864,0.16006176909967834,0.10706683272757817,0.06608785531550342,0.0,0.07388846740147254,0.18545744877157275,0.020898814182756978,0.03304392765775171,0.32115829913932864,0.06608785531550342,0.041797628365513956,0.0,0.0,0.05165342258536725,0.0,0.054786725595384465,0.05775028293360359,0.3099205355122035,0.32314061659633014,0.2921958287915984,0.17325084264324295,0.0,0.206613690341469,0.0,0.1643601767861534,0.12746103789506477,0.18078697904878538,0.32314061659633014,0.32314061659633014,0.17325084264324295,0.09407874459769706,0.06456677823170906,0.16206033752452745,0.018262242378258804,0.028875141466801795,0.32314061659633014,0.05775028293360359,0.03652448475651761,0.0,0.0,0.040835616573443305,0.05775028293360359,0.1278357012659875,0.0697107549614612,0.32314061659633014,0.0985858995070469,0.16660835405385957,0.0,0.0,0.12302185223224246,0.0,0.09786327976638012,0.07589280721611369,0.10764412070321216,0.25430859575218323,0.22918710461773711,0.10315695696419547,0.05601633365613346,0.0,0.0,0.0,0.0,0.046769546017642376,0.3482045182067457,0.3482045182067457,0.3482045182067457,0.03170200492211751,0.024314328734015952,0.034385653543510794,0.0761158891511893,0.041507153672602895,0.3482045182067457,0.058699982277526735,0.09920188869961462,0.0,0.0,0.10859066623360596,0.027722599513188114,0.032621093255460046,0.06582148240661885,0.3482045182067457,0.3482045182067457,0.2132084458052924,0.0964118796447246,0.03170200492211751,0.0,0.0,0.0,0.0,0.029494136277358016,0.24158501062949947,0.3163216177024853,0.3163216177024853,0.019992138753831386,0.0,0.0,0.0,0.08011485487701825,0.3163216177024853,0.3163216177024853,0.17721749220244423,0.15523302243653134,0.030666542065772153,0.06848020092251741,0.0174826184478283,0.020571740628613513,0.04150880086255756,0.31072488806979165,0.2969034308283051,0.13445499243659303,0.060799929850186944,0.019992138753831386,0.024244029928297578,0.0349652368956566,0.02742898827551497,0.019992138753831386,0.19074096717300726,0.3163216177024853,0.3163216177024853,0.1489566483143888,0.03998427750766277,0.0,0.0,0.0,0.08300096851680713,0.3114260274424382,0.3114260274424382,0.1836016992541801,0.16082524555279945,0.03177129505417922,0.025117413841517163,0.0,0.025216702477126873,0.2569350159623917,0.3114260274424382,0.26519264937616693,0.03622484907716668,0.10604107726147582,0.03177129505417922,0.025117413841517163,0.03622484907716668,0.0284171093587909,0.02071234956160926,0.19761235335812352,0.3114260274424382,0.3114260274424382,0.15432276693368013,0.04142469912321852,0.030140896609820594,0.05181097069683662,0.0606388011388516,0.059063692930612234,0.3114260274424382,0.3114260274424382,0.11897923205170759,0.0975671215773835,0.01588564752708961,0.0251022040386851,0.0,0.02520143255024778,0.2567794294454796,0.26921368020830666,0.26503206246483224,0.036202913187764946,0.10597686428607067,0.031752056006061354,0.176945641572362,0.07688180069941239,0.1401796610434484,0.11945080822047524,0.06568123582839522,0.16045803318145604,0.26921368020830666,0.26921368020830666,0.26921368020830666,0.030122644846422117,0.05177959666072729,0.0606020814265789,0.05902792702216017,0.26921368020830666,0.26921368020830666,0.11890718440094086,0.0975080399899459,0.015876028003030677,0.18355894776271736,0.0726464980083753,0.18972460768445681,0.12170215831490244,0.0502044080773702,0.16454792361074788,0.26921368020830666,0.26921368020830666,0.11823690238864995,0.1198653716393948,0.05208077198879341,0.094959598992925,0.08091759363351135,0.04449335780381851,0.10869644264143168,0.2246499530289618,0.24451294202482599,0.19183930889050804,0.31807096149783726,0.26584286601668006,0.043878665569567335,0.0,0.0,0.0,0.15660642907658834,0.31807096149783726,0.2888458992205658,0.1243453147294193,0.049211720643107235,0.12852201618052111,0.08244268864778184,0.03400914528696568,0.11146698975361351,0.31807096149783726,0.20807416619056296,0.08009527739913572,0.0,0.0,0.0,0.0,0.0,0.027419049572947145,0.31807096149783726,0.31807096149783726,0.12190638221176571,0.330517672018074,0.26488885847924765,0.04372120195840081,0.0,0.0,0.0,0.1560444289898903,0.330517672018074,0.2878093426669076,0.1378997243370465,0.1253720820408891,0.05750831883931888,0.15185449668136725,0.03416755842572253,0.06453732859705298,0.0919478043566234,0.09572680335807159,0.07411527147491274,0.0,0.0,0.0,0.0,0.0,0.02732065317678362,0.330517672018074,0.330517672018074,0.12146890721296759,0.0,0.0,0.0,0.018293427051511026,0.03416755842572253,0.2423601111482864,0.330517672018074,0.330517672018074,0.0,0.22378850896189928,0.203458211684344,0.09332651669775131,0.24643480293276632,0.055448312110271986,0.1047334402483546,0.14921612162904987,0.1553488137426004,0.12027686186042123,0.27108779056029486,0.1702931285470045,0.25914551304578787,0.08898916256436665,0.03299590419410386,0.1363296034518227,0.023331626552158966,0.15785964575556008,0.142951130302217,0.0,0.0,0.0,0.029687214991488697,0.055448312110271986,0.3025873075712569,0.3025873075712569,0.3025873075712569,0.0,0.1985199571045533,0.04442176584266806,0.058605425727670316,0.08224954925213676,0.20942920359398104,0.11365533501002693,0.23124421418650412,0.27227773875263833,0.08021222737833547,0.27634909817862735,0.17359820006174226,0.2641750433659342,0.09071627597652453,0.033636293057620725,0.1389755063888854,0.023784449839674968,0.16092340659526586,0.14572554470632498,0.0631313822835163,0.10606256308974824,0.25989858770350854,0.3101738735097576,0.3101738735097576,0.0767706937759705,0.0,0.0,0.0,0.20237285863341398,0.04528390933708644,0.05974284756514709,0.08384585935961254,0.21349383321855,0.11586117275254003,0.23573223241587607,0.27756214104254145,0.08176899687399149,0.044848390743494296,0.028030244214683937,0.047568899679349935,0.11948502149084965,0.14748203282626904,0.3101738735097576,0.24471655099516984,0.10646217028533202,0.07629798066161848,0.048182086335187106,0.08094730998874057,0.19835548879456866,0.36652826491695667,0.36652826491695667,0.058591655397537995,0.0,0.0,0.0,0.0,0.0,0.012101582513151262,0.06249810361023705,0.36652826491695667,0.06984123766325508,0.14974224834535269,0.03341658806041982,0.0,0.034228444818346075,0.021392778011466298,0.03630474651936663,0.09119137603196398,0.11255879059659968,0.36652826491695667,0.1867685065843573,0.08125229156369349,0.05823087913597606,0.021392778011466298,0.015426551469358743,0.024203165026302525,0.05981594767034005,0.36652826491695667,0.36652826491695667,0.18653817906719283,0.024993691761978618,0.02705996192599257,0.0,0.0,0.009206174380594371,0.047544892551616424,0.34602272590942484,0.05313111836288521,0.11391512216782049,0.02542138076192841,0.0,0.0,0.0,0.0,0.09649420576793581,0.34602272590942484,0.34602272590942484,0.26978815367804104,0.03711127641873851,0.0,0.01627437111178436,0.01173561579766884,0.018412348761188743,0.04550446558499411,0.34467057395687534,0.34602272590942484,0.14190730867346116,0.01901373514790694,0.020585632329672993,0.026038993778854977,0.0,0.037216163618115035,0.15853076574090946,0.34602272590942484,0.28556974430224263,0.20552108779041844,0.06786509104566095,0.030878446942464517,0.0,0.0,0.0,0.07658741885364409,0.3633949854666183,0.3633949854666183,0.21413076736631748,0.02945520768480949,0.0,0.0,0.020827976908450656,0.0,0.36044562674223424,0.3633949854666183,0.0,0.0,0.0,0.0,0.02066714065572706,0.0,0.02953845661988394,0.12582581576128654,0.2987025203815842,0.22665661056792138,0.16312201866002313,0.05386450007117265,0.02450821301353611,0.031419936754299924,0.0,0.02593604681281763,0.1830456199369479,0.3633949854666183,0.2171121583492205,0.12565087227558763,0.04086062714554902,0.035159812012133154,0.0,0.020129306049251505,0.0,0.3483545409475119,0.39699105497718873,0.0,0.0,0.0,0.0,0.0,0.021477710898889155,0.02301874195138471,0.2727079578774374,0.39699105497718873,0.04360733026176501,0.0,0.0,0.0,0.030365960446154375,0.0,0.025066026638002264,0.17690538648479254,0.39699105497718873,0.20982916879708186,0.12143593564118564,0.039489964521873186,0.03398038223958378,0.014980398765467695,0.036070728581829775,0.049705384534209036,0.22728332812427166,0.39699105497718873,0.13798528827007256,0.026579632523258206,0.027068630541215468,0.01029429415519015,0.0,0.02421562165569193,0.025953098480041733,0.30747190711082484,0.4025833001844823,0.04916625500757266,0.0,0.0,0.0,0.0,0.02421562165569193,0.21823246478452996,0.4025833001844823,0.20696040264239676,0.0,0.0,0.0,0.0,0.016890052690611567,0.04066891114676098,0.05604166998045126,0.25625668901188664,0.4025833001844823,0.15557521704850225,0.029967920136397527,0.030519254077383238,0.011606578263765464,0.03705192596710106,0.030519254077383238,0.06986501101476623,0.2371361189945528,0.4025833001844823,0.03665022634873785,0.003981023529244194,0.0062945510857113415,0.026705517132846912,0.0,0.02975737816493235,0.2681750679290162,0.37489529379299225,0.2543233890156552,0.0,0.0,0.0,0.0,0.0,0.047053502552679365,0.3355701492420007,0.37489529379299225,0.2773412537709309,0.04067190142159386,0.0,0.0,0.0,0.045531276810436214,0.03750359985818818,0.08585365194516449,0.2914048323771464,0.37489529379299225,0.04503764804375397,0.004892082653404345,0.007735062089226623,0.032817087403800474,0.06269189914337701,0.048236372744653505,0.1890112138565281,0.2884153286022782,0.1389415914073908,0.05734940221978888,0.012472412556471062,0.020207473820954204,0.014262749208198427,0.0,0.05637806022284225,0.3232039296262311,0.3232039296262311,0.3232039296262311,0.04873182193306355,0.0,0.0,0.0,0.017089187630673384,0.020723684517692628,0.08568577592261546,0.3232039296262311,0.3232039296262311,0.13869721768815768,0.06497546348758032,0.03565437570514963,0.017089187630673384,0.0751155062565773,0.05779533892264281,0.2264674257918568,0.3232039296262311,0.16647554343172632,0.06871429068370492,0.014944061293749937,0.024211973906805198,0.017089187630673384,0.07356133268870782,0.3232039296262311,0.3232039296262311,0.1598772210678995,0.0,0.013106809076279646,0.011723086082272821,0.024211973906805198,0.0,0.017004514949095415,0.020621003806460966,0.08526122417812912,0.31769693768116725,0.31769693768116725,0.1380100074121127,0.06465352619897628,0.03547771712627577,0.017004514949095415,0.04536620837421412,0.03688797356201972,0.04154551656234156,0.17568773669223361,0.0956712346332058,0.31769693768116725,0.31769693768116725,0.16615914388414255,0.03912560230834933,0.0731968545500266,0.31769693768116725,0.31769693768116725,0.15908506913396236,0.0,0.0130418680916405,0.011665001101499732,0.02409200958776962,0.0,0.2082982702562623,0.1315800243793371,0.17004307672388605,0.0,0.053614609896798504,0.021029380216892435,0.14359954042936632,0.31769693768116725,0.2032541542311675,0.04317928859613446,0.03510975488677522,0.03954277674526741,0.16721854784204343,0.0910593148208465,0.28318085510951707,0.28318085510951707,0.1581492896095332,0.03723951668242245,0.07649341166263754,0.2728523609969822,0.28318085510951707,0.28318085510951707,0.263709819156854,0.0,0.0,0.008777438721693806,0.0,0.19825706065801596,0.12523708834770403,0.16184599389638765,0.0,0.05103006834088617,0.020015639612041277,0.13667719257746538,0.28318085510951707,0.1934561008827716,0.28318085510951707,0.28318085510951707,0.13458335382527453,0.06507780518156091,0.031403118979006876,0.10089549783667637,0.04441071600087042,0.12551692571165268,0.1728943737339777,0.07221319218125224,0.25758479787361205,0.2617792972591466,0.2617792972591466,0.24895383062328094,0.0,0.0,0.00828629362309429,0.0,0.05224734270654149,0.2617792972591466,0.2617792972591466,0.2617792972591466,0.10066845871938289,0.11039835980290459,0.05004623076203916,0.04646689080609727,0.015279169895261218,0.2617792972591466,0.2617792972591466,0.12705268836804962,0.06143635053220622,0.0296459448811511,0.09524984985160231,0.041925696602761374,0.11849357587017849,0.1632199998161055,0.2617792972591466,0.2617792972591466,0.23167548389212378,0.038689094486103304,0.051880403542014425,0.050415392857871416,0.07654292518483204,0.11218604186536016,0.2617792972591466,0.05175620833317263,0.26567407363445356,0.26567407363445356,0.26567407363445356,0.0997221571884351,0.10936059546018402,0.04957578723493304,0.04603009371525508,0.01513554296337582,0.26567407363445356,0.1401459459135741,0.06332549552783061,0.05124209434313227,0.040683807440204736,0.008208400979845674,0.07851082234452585,0.110331906602793,0.26567407363445356,0.26567407363445356,0.26567407363445356,0.22949769287516478,0.03832541007284295,0.05139271846247179,0.049941479140986914,0.07582340798741932,0.1111314729912693,0.26567407363445356,0.26567407363445356,0.26567407363445356,0.15900455476893224,0.26567407363445356,0.12617941240670108,0.03137687876419637,0.03114868978749283,0.1324495347823531,0.0989499604539971,0.363559622566151,0.09119033834936645,0.04120471217116277,0.03334226966338379,0.026472190412847367,0.005341052556175997,0.05108551950621122,0.07179090217881853,0.23351348164523517,0.07714451699445331,0.4156615751941778,0.3367615936011948,0.02587157101451106,0.014529234001187767,0.0,0.0,0.0,0.007553388942989986,0.19189817567690579,0.2027269287530471,0.10346128140881818,0.1798323746162426,0.08210257696064292,0.02041634648938485,0.02026786820228532,0.08618242798451947,0.06438488330601404,0.08014293054528127,0.4156615751941778,0.4156615751941778,0.09118445215716525,0.0,0.0,0.0,0.0,0.014529234001187767,0.07305144591856516,0.39826663804633583,0.31889397070405284,0.024498898229290366,0.013758353713618554,0.0,0.0,0.0,0.007152627372213561,0.1534189382969897,0.39593510340946225,0.3216855391774759,0.08588956678482247,0.12911318260017005,0.018685892354125433,0.0,0.0,0.007152627372213561,0.0758907720804692,0.39826663804633583,0.39826663804633583,0.08634646161375392,0.0,0.0,0.0,0.0,0.013758353713618554,0.01620006476276057,0.07535825875436562,0.1631751222181976,0.19112953080173276,0.12458946390489656,0.08681803319573078,0.04987148605190606,0.0,0.0,0.058369859916459606,0.014117729871953288,0.01339325373373029,0.009982742501908597,0.11074998130489956,0.07516644314708947,0.17455436284818115,0.11515426491840833,0.2884773613870262,0.14878960356276974,0.04396942016870291,0.0,0.019965485003817195,0.0,0.18684661492183888,0.29537358123697727,0.29537358123697727,0.29537358123697727,0.0,0.016999997480311425,0.0,0.007058864935976644,0.2119925799100831,0.061024347158350534,0.09695484244164146,0.29537358123697727,0.29537358123697727,0.16005632014667256,0.29537358123697727,0.12129862675625822,0.16847060997593682,0.2258333169947331,0.2778297642427645,0.05003786424946577,0.10091976223434365,0.019965485003817195,0.13022112353303805,0.038482173205396035,0.0,0.017473854535691863,0.0,0.16352873817021846,0.2771197365749099,0.28506378238423075,0.28506378238423075,0.13875744120169864,0.14160092710938368,0.13749705754141586,0.27853520854379693,0.19431478448707426,0.03513900046120145,0.05987275583575263,0.10247829662956624,0.0308936859292089,0.14008178890852707,0.28506378238423075,0.10616093517952606,0.14744600152192489,0.19765002100997228,0.2431574732662618,0.04379329432792109,0.088325289604654,0.017473854535691863,0.05003750639340663,0.0,0.0,0.0,0.06699459751548965,0.24508303452905514,0.28506378238423075,0.28506378238423075,0.2316894754006603,0.1857573604463967,0.18956399187533976,0.18407005964395853,0.2932385665363694,0.2601330865532528,0.047041282383618876,0.08015285515775895,0.13718974434877412,0.04135799495126161,0.03365449189914714,0.0,0.010461487727267271,0.028237362422291676,0.0443843342391087,0.05647472484458335,0.2315603807331892,0.20052465341514986,0.2030632448588376,0.06698621011213293,0.0,0.0,0.0,0.08968700698765653,0.2932385665363694,0.2932385665363694,0.2932385665363694,0.2932385665363694,0.0,0.013335832623160678,0.021566909064246933,0.024811596606131105,0.033594364691594554,0.2932385665363694,0.2932385665363694,0.19933871602774708,0.0,0.05705063116052262,0.0,0.0177341699142926,0.04786758787884088,0.07523971211833734,0.09573517575768176,0.31087962576247885,0.31087962576247885,0.31087962576247885,0.04388983206903011,0.0,0.0,0.0,0.31087962576247885,0.06791204958265006,0.045427012919771616,0.028040185562377938,0.0,0.0,0.02260671979485999,0.03655992721518593,0.042060276848688134,0.05694870434638221,0.31087962576247885,0.31087962576247885,0.31087962576247885,0.0,0.044907309345666266,0.02260671979485999,0.07202827003352867,0.019827405306220482,0.0694886563661051,0.31087962576247885,0.31087962576247885,0.2796883499862512,0.045679178040182414,0.06491527784321172,0.0,0.0,0.0,0.32058086552684867,0.10044535054556475,0.06718884594126696,0.04147285033340072,0.0,0.046368055602294074,0.11638218518968108,0.01311486639427543,0.02073642516670036,0.32058086552684867,0.04147285033340072,0.02622973278855086,0.0,0.0,0.06642017811277999,0.03343648010087727,0.10653344844059502,0.02932573363094473,0.10277723158891222,0.32058086552684867,0.32058086552684867,0.32058086552684867,0.06756181088740958,0.17884514433291535,0.11638217634567634,0.20983784462039737,0.2746050561361528,0.20401944465009395,0.02073642516670036,0.32058086552684867,0.32058086552684867,0.03823607725646484,0.051638844801869484,0.12961168029687742,0.014605670682851233,0.023093593790373262,0.2990928365123287,0.046187187580746525,0.029211341365702467,0.0,0.0,0.03265927345882488,0.046187187580746525,0.10223969847345665,0.05575286478686614,0.2990928365123287,0.07884646103957141,0.13324906667647504,0.0,0.0,0.19917498225477542,0.1296116704475494,0.23369071122696375,0.2990928365123287,0.22721091712822575,0.023093593790373262,0.2990928365123287,0.2990928365123287,0.0425824812714638,0.2598701856623866,0.2990928365123287,0.1752680432695508,0.023093593790373262,0.2990928365123287,0.0788464561149074,0.0876340216347754,0.046187187580746525,0.17321958003142732,0.03126982428527326,0.0442222097102605,0.097890034518831,0.05338092678282843,0.2929089173478722,0.07549203399553375,0.1275801467660682,0.0,0.0,0.13965473154910196,0.03565308444216355,0.041952869242270346,0.08465075106810169,0.2929089173478722,0.2929089173478722,0.2742000698189345,0.12399201180848334,0.04077086125839135,0.24881432383635618,0.2929089173478722,0.16781147696908139,0.02211110485513025,0.2929089173478722,0.07549202928038361,0.08390573848454069,0.0442222097102605,0.16585016311463452,0.2734050766438332,0.20037652942352305,0.16900075099933434,0.15098405856076721,0.09888386557556048,0.06633331220781569,0.11187432112282104,0.26533328655246385,0.12507928771079274,0.10533320247415537,0.0268909869412779,0.03164253742963315,0.0638469932449848,0.3008609719886381,0.3008609719886381,0.20681269551193443,0.09351975074620966,0.03075101957763527,0.03729108967008233,0.0537819738825558,0.04219005109162934,0.03075101957763527,0.29338928105779305,0.3008609719886381,0.3008609719886381,0.22911849827257025,0.06150203915527054,0.2062130797584998,0.15113201902089243,0.12746714791427108,0.11387823551942727,0.07458217934016466,0.05003124583079792,0.08438010218325868,0.20012501177403527,0.09433981786096372,0.08295854867210598,0.0268909869412779,0.0632850748592663,0.0,0.1342479228122964,0.3008609719886381,0.3008609719886381,0.22196348097836555,0.023584956243418654,0.031018280368928588,0.044735199733835704,0.03509317762278979,0.025578328639046095,0.24403767917755573,0.28563826305961215,0.28563826305961215,0.1905780142120147,0.05115665727809219,0.03722193644271431,0.06398298906889965,0.07488475313694926,0.0729396027196793,0.28563826305961215,0.28563826305961215,0.14693117695737906,0.12048869166913494,0.01961768325140115,0.06900392411367985,0.022367599866917852,0.05263976495511782,0.0,0.11166580932814292,0.28563826305961215,0.28563826305961215,0.1846265567877435,0.01961768325140115,0.10698956785843113,0.10327602143068709,0.19474991754537213,0.047361274080633196,0.1737023700660001,0.28563826305961215,0.27139206243530983,0.20829890365827422,0.09035931273807836,0.03306881358897282,0.056843940444664204,0.06652931520511299,0.06480119940301846,0.2743294869488593,0.2743294869488593,0.13053699419131104,0.10704488979282381,0.01742879528813659,0.2015120736277009,0.07975174533241527,0.2082807707206861,0.13360533270600874,0.05511468931495469,0.18064166145034488,0.2743294869488593,0.2743294869488593,0.12980115472470716,0.09505196165493253,0.09175276267956327,0.17302024922016945,0.04207683139535499,0.15432113008187315,0.2743294869488593,0.24111087116631708,0.1850574761596303,0.08027726535834451,0.2743294869488593,0.1060812279181477,0.03546067292604697,0.0,0.03858028252046829,0.012324019367645787,0.09760670108365826,0.2743294869488593,0.2743294869488593,0.13962013501091694,0.05525698411123599,0.14430991059089832,0.09257010885141893,0.03818689483318832,0.12515981155000366,0.3518285501741092,0.2336344014169519,0.08993433703986892,0.0,0.0,0.0,0.0,0.0,0.030787258945593116,0.3518285501741092,0.3518285501741092,0.13688159927968893,0.33666436085186763,0.07349969209001096,0.024569366253755085,0.0,0.026730826383231824,0.0085388493950336,0.06762801125479175,0.1969256201518135,0.1984611428356691,0.1183793739828838,0.013768480612555839,0.0,0.0,0.0,0.0170776987900672,0.11085861957375442,0.3518285501741092,0.3518285501741092,0.0,0.0,0.0,0.0,0.0,0.02512278035309024,0.3411922309174631,0.3411922309174631,0.1116970614097354,0.0,0.0,0.0,0.016821770209759525,0.031418870551024644,0.22286289421158514,0.3411922309174631,0.3411922309174631,0.0,0.09659901896963177,0.011235248803288937,0.0,0.0,0.0,0.013935611364340246,0.09046199126463247,0.3411922309174631,0.3028936191950192,0.0,0.0,0.0,0.0,0.02181268170282008,0.10322243763854841,0.3411922309174631,0.3411922309174631,0.01895448100655603,0.0,0.0,0.0,0.022312031307909742,0.04167330873340034,0.2956005111837365,0.3460103653266146,0.3460103653266146,0.0,0.14920171863314202,0.03338608321859779,0.04404610179917681,0.06181632458623273,0.15740078510965727,0.08541998276974538,0.1737963008042856,0.204635882255626,0.06028513382126619,0.0,0.0,0.0,0.0,0.028931868108650678,0.13691200340698131,0.3460103653266146,0.3460103653266146,0.02514081267131424,0.062254179303621066,0.009241946393835186,0.0,0.04333243376938947,0.07882308836739269,0.3460103653266146,0.3460103653266146,0.11874532903846527,0.09357666858008584,0.1777749018852789,0.03977975403295117,0.05248124148643908,0.07365458748666863,0.18754414751975648,0.10177851297592595,0.20707952030683416,0.24382509949265785,0.07183016287210453,0.0393971717253834,0.024623232328364626,0.041787009040602834,0.10496189121276285,0.12955593004210536,0.3525829135122822,0.21497181557175032,0.09352193769843707,0.06702413613049882,0.07417629447595012,0.01101184442407691,0.0,0.051630900986769236,0.09391826668741374,0.3525829135122822,0.3525829135122822,0.14148589850398138,0.11149726174723015,0.03585196740184878,0.0,0.028715375634986436,0.1566002784346417,0.3525829135122822,0.3525829135122822,0.11345808237186512,0.061750910081344375,0.0,0.036508305117639035,0.022817690698524393,0.038722903426718566,0.09726537673391045,0.12005601459785117,0.3334033100920942,0.19920863074365544,0.0866642778442782,0.06210947397835351,0.022817690698524393,0.01645407061130759,0.025815269676500562,0.06380011946318467,0.3334033100920942,0.3334033100920942,0.1989629617593281,0.026658451171391182,0.028862349771039585,0.033223059109368236,0.0,0.02660977043116666,0.14511728878536617,0.3334033100920942,0.3334033100920942,0.10513856979803195,0.05722291646354655,0.0,0.0,0.0,0.022817690698524393,0.17650884792713567,0.3334033100920942,0.3334033100920942,0.16757859233485783,0.0,0.0,0.02121389089478637,0.015297554136184482,0.024000777360532178,0.05931576473923641,0.3211301280230362,0.3211301280230362,0.1849783406494722,0.02478469368552072,0.026833685630141005,0.033942225431658195,0.0,0.04851183674590838,0.20664727041030695,0.3211301280230362,0.3211301280230362,0.2678998717072833,0.08846318098061022,0.04025052642209721,0.0,0.0,0.02121389089478637,0.16410247169021563,0.3211301280230362,0.3211301280230362,0.15579990197357949,0.0,0.0,0.0,0.0,0.19365772754125818,0.06854418034074351,0.05539110509742646,0.3211301280230362,0.11322758889914772,0.02121389089478637,0.013416842815070502,0.030453266286611515,0.0,0.04352525103135525,0.18540576739369843,0.32644545425193594,0.32644545425193594,0.24036214560172972,0.07936995210840009,0.03611312999427382,0.046297633360425146,0.0,0.038217059300551366,0.26971979817600256,0.32644545425193594,0.31991722911304576,0.18514798618226505,0.0602085977847416,0.05180838199288993,0.0,0.0,0.1737514340993487,0.0614984477230905,0.04969739172930845,0.32644545425193594,0.1015887989630935,0.019033291429132196,0.012037710603143313,0.0,0.049646643594526065,0.04064224219744071,0.166794681277907,0.24100919793387596,0.32644545425193594,0.08425493655968538,0.013725101513484425,0.026917138868800157,0.04195524449858613,0.0,0.03463257083767432,0.2444219986470509,0.33656920526486395,0.28991126743470286,0.1677824213653595,0.05456145935820397,0.04694912408731995,0.02069772480952799,0.049837259044591256,0.06867563318890783,0.3140268729130161,0.33656920526486395,0.19064789723494302,0.03672385015363794,0.03739947612104643,0.01422315058953012,0.0,0.044990141382107544,0.036830288820377,0.151150525980451,0.2184042485931305,0.33656920526486395,0.07635242251056616,0.012437784568452202,0.02439250260701742,0.08475578716081823,0.0,0.13906266749364865,0.32513573516433364,0.33656920526486395,0.09231751192143725,0.0,0.0,0.0,0.019979924883664457,0.048108896087954524,0.06629395284165844,0.3031363780315519,0.3576150798763404,0.18403620209643753,0.03545026200999956,0.036102457176497314,0.0137298897827186,0.04383021836452131,0.036102457176497314,0.08264614075759143,0.28051788419514556,0.3576150798763404,0.043355031676373515,0.00470931337701586,0.00744607848019374,0.031591033850965185,0.08181644487559592,0.0,0.1342399551744968,0.31385998342136384,0.3576150798763404,0.08911592798779598,0.0,0.0,0.0,0.0,0.0,0.043429880304351375,0.3576150798763404,0.3576150798763404,0.0137298897827186,0.0,0.0,0.0,0.053437259494865615,0.04401566874474845,0.1007611514317135,0.3420039308501484,0.37559731064006496,0.05285791776875607,0.005741536555381174,0.00907816668071471,0.0385153972897289,0.07357762657740162,0.05661206423397064,0.221830837829168,0.338495334119079,0.16306720115884227,0.06730746649283172,0.014638103584971245,0.023716269297735255,0.0167393116103872,0.0,0.0,0.052949172289160774,0.37559731064006496,0.37559731064006496,0.0167393116103872,0.0,0.0,0.0,0.0,0.02029939751111179,0.029414498286772006,0.21611419841777454,0.37559731064006496,0.20865276978854527,0.014638103584971245,0.0,0.0,0.09051754389905604,0.06964596777423782,0.272903374781231,0.34591547339566003,0.2006104739443332,0.08280379289742365,0.01800826209659937,0.029176511218682442,0.020593235253915838,0.08864469525345352,0.34591547339566003,0.34591547339566003,0.19265920044578683,0.0,0.015794291020102193,0.014126842937860472,0.029176511218682442,0.0,0.0,0.02497296652269019,0.03618665433765641,0.265870582573242,0.34591547339566003,0.2566912949974808,0.01800826209659937,0.0,0.0,0.0,0.01800826209659937,0.203601373077455,0.34591547339566003,0.19520250975838935,0.0,0.0,0.02233650062577382,0.0,0.07899135881397308,0.32164280276611706,0.32164280276611706,0.17167876755302414,0.0,0.014074305355938366,0.012588441036686892,0.025999212474308406,0.0,0.2247878478835041,0.14199633279864435,0.183504247141499,0.0,0.05785891913066727,0.022694135267967108,0.15496735335567213,0.32164280276611706,0.219344423008392,0.0,0.016047176752329497,0.1814293463336406,0.32164280276611706,0.17394511251492276,0.0,0.0,0.019904073566210323,0.0,0.32164280276611706,0.32164280276611706,0.2678441746325864,0.16158869628356512,0.0,0.019904073566210323,0.0,0.009952036783105161,0.0,0.17975071281967864,0.11354680548195993,0.14673844489234733,0.0,0.04626665566949801,0.018147275440607357,0.12391903072935305,0.29760793996412643,0.1753978996640989,0.2864661692173811,0.29760793996412643,0.12202064180445625,0.059003103502597916,0.028471788104306468,0.09147738595662289,0.04026518819301381,0.11380052136716676,0.15675551134495178,0.29760793996412643,0.29760793996412643,0.21418053408188265,0.12921376139348184,0.0,0.015916213644234907,0.0,0.007958106822117453,0.0,0.2278128075233669,0.29760793996412643,0.29760793996412643,0.29760793996412643,0.0,0.025909718243308944,0.0,0.0,0.02164839140017314,0.280526429983272,0.28355620841648893,0.11949060206022691,0.05777970232483917,0.027881439172946068,0.0895806460383117,0.03943030874203981,0.1114409218951827,0.15350526066633885,0.28355620841648893,0.28355620841648893,0.21788632266222735,0.036386346898205794,0.048792518552655616,0.04741470427008169,0.07198714431993478,0.1055088078609815,0.28355620841648893,0.22308921773761367,0.28355620841648893,0.28355620841648893,0.28355620841648893,0.0,0.02537249260715464,0.0,0.0,0.021199522341372054,0.28355620841648893,0.22973603269303544,0.0994140971236872,0.02216286459875353,0.0,0.011021106662395164,0.022423572724173998,0.04675859400058073,0.16597743820645355,0.3401126429721717,0.24732483791725118,0.18329722118682873,0.0306100731523215,0.04104678511313921,0.039887696620472174,0.06055930153759363,0.08875945518449754,0.3121591938163846,0.2355483764748409,0.2488402965117805,0.1269951461387791,0.22073802280325222,0.10077807482672961,0.025060359496169863,0.024878107531841945,0.10578595091280223,0.07903021838929777,0.3401126429721717,0.1932658089071508,0.08363226992369807,0.018644545673429352,0.0,0.009271523797078098,0.018863866805414672,0.03933574279554989,0.1396287882195997,0.3401126429721717,0.3401126429721717,0.01658540548724302,0.0,0.0,0.014949882773595536,0.0,0.013111914731198354,0.226666293538099,0.18658124932596407,0.19710996993762106,0.10059467774526419,0.1748497556414829,0.07982775932164021,0.019850670394463896,0.019706305998048512,0.08379456983671438,0.06260097013724882,0.07792240886624595,0.3907589947337368,0.3907589947337368,0.08865800283183713,0.0,0.0,0.0,0.0,0.014126672242341352,0.3907589947337368,0.3907589947337368,0.013137537701169556,0.0,0.0,0.011842016688542527,0.0,0.010386135825749607,0.17954562396629983,0.1245388044649529,0.3515827135055291,0.12074593731123982,0.19507910101712728,0.10481651187244699,0.051648372216026604,0.039412611996097024,0.0051930679128748035,0.05475913138395192,0.10127388425798839,0.4158368886374747,0.4158368886374747,0.11522667802464777,0.0,0.0,0.0,0.0,0.018360096799332176,0.021618484550613187,0.10056326172147674,0.21775214546225088,0.2550564376940865,0.16626077982037718,0.11585597569158733,0.06655195312599053,0.0,0.0,0.16186009458025521,0.4158368886374747,0.1569305961892288,0.2535396246729606,0.1362275043359766,0.0671261495380331,0.05122362570244848,0.006749305705565432,0.07116912855409137,0.027835889137914915,0.0596460059403073,0.07939132848330714,0.19918467485119404,0.2927829790575869,0.0764243812347255,0.023688834611386086,0.0,0.021990063959191355,0.0,0.018680881179161356,0.0,0.00775681392196962,0.2329534578314293,0.06705816160392489,0.10654130352044235,0.26250111305514406,0.26250111305514406,0.17588197304715283,0.26250111305514406,0.1332920923225685,0.18512823021216462,0.2481627050804249,0.26250111305514406,0.054985384414665946,0.1108982568445918,0.021939582842444308,0.045096383705571744,0.0,0.009811679439834195,0.018726604516129026,0.07978590963293462,0.26250111305514406,0.26250111305514406,0.2218693878420469,0.0,0.26250111305514406,0.1014177556598034,0.06767084968774023,0.11571700892478759,0.18842252038549964,0.26250111305514406,0.18502615081953935,0.1674823105441318,0.18369427543595732,0.149660088175168,0.2585112244034789,0.11341984595942738,0.15752783970553635,0.2111646331950551,0.2585112244034789,0.04678772552567532,0.09436466176885831,0.018668655154592432,0.053458894816033574,0.0,0.0,0.0,0.07157545209517054,0.2585112244034789,0.2585112244034789,0.2585112244034789,0.2475315855679404,0.2585112244034789,0.08629758918217639,0.05758194063720555,0.09846499592318937,0.16033099087148175,0.2585112244034789,0.15744097912149527,0.14251271423419698,0.15630767032417026,0.2585112244034789,0.09385769164887221,0.07952460305022555,0.046724767366416876,0.08279687906483715,0.23952151735080837,0.2585112244034789,0.09307853622065007,0.08535001610351323,0.05491321213137366,0.0,0.0,0.0,0.0735226195346306,0.26896417577411813,0.2897292564516374,0.2897292564516374,0.25426553456228196,0.0,0.010932300910265631,0.017679881433515055,0.02033977538764754,0.027539615566251077,0.2897292564516374,0.2897292564516374,0.16341168101469689,0.0,0.2897292564516374,0.09641103411157245,0.08168802239530341,0.04799588676516354,0.0850493187251497,0.24603755722178858,0.26557962510200206,0.09561068222512754,0.08767191233258875,0.197084859237734,0.0,0.0,0.0,0.0,0.2897292564516374,0.2897292564516374,0.12802390421233859,0.10022481564249495,0.0,0.0138509960817898,0.022400039156640364,0.025770069037730627,0.03489211561529114,0.2978521320295513,0.2978521320295513,0.20703917428103935,0.0,0.0275144280742565,0.0138509960817898,0.04413127136823001,0.012148127446201182,0.042575265929318803,0.2978521320295513,0.2978521320295513,0.17136330590794638,0.027987347204515733,0.24970238520589888,0.0,0.0,0.0,0.0,0.2978521320295513,0.2978521320295513,0.162203602898948,0.12698274042738295,0.24586081004888505,0.019207875785069148,0.0,0.0,0.09310669450624973,0.12837303705174288,0.2978521320295513,0.2978521320295513,0.13811670508924406,0.037204092222329524,0.018728855064960585,0.05967283366534765,0.0164262928750444,0.057568854993086505,0.28014098426597894,0.28014098426597894,0.23171174844399453,0.03784355770161857,0.10017695574347392,0.06518942503357786,0.11753697061360326,0.15381518272745567,0.11427789641006815,0.011615143111380993,0.28014098426597894,0.20525773099938002,0.021417264826574165,0.28014098426597894,0.0259722491841064,0.0,0.0,0.1258957678341777,0.1735817403307092,0.28014098426597894,0.28014098426597894,0.18675680336573303,0.2242042838709889,0.0,0.0,0.0,0.0,0.05626269292226379,0.2562362357551316,0.28014098426597894,0.28014098426597894,0.148562432716663,0.09667592210716355,0.17430733604261447,0.22810792726886697,0.16947412875968268,0.017225258086277628,0.28555547682051746,0.28555547682051746,0.03176180530900349,0.19383431862517156,0.24818702913565527,0.1307305093784665,0.017225258086277628,0.23880445416137105,0.058810706038044114,0.06536525468923325,0.034450516172555255,0.129202583137223,0.28555547682051746,0.0,0.0,0.0,0.0,0.08343757773120995,0.28555547682051746,0.28555547682051746,0.28555547682051746,0.28555547682051746,0.017225258086277628,0.17047835200047765,0.11048647846025059,0.12325391182522376,0.017225258086277628,0.08715366802130724,0.12057680109406416,0.0,0.25522302124136437,0.25522302124136437,0.18145825528177537,0.02390922588747352,0.25522302124136437,0.08163119810585442,0.09072912764088768,0.04781845177494704,0.1793374433056465,0.25522302124136437,0.21667156552891195,0.18274424354955865,0.16326239621170885,0.1069253071776777,0.07172767511312259,0.12097217358691423,0.25522302124136437,0.13525099552082143,0.25522302124136437,0.02390922588747352,0.23662957074360255,0.153358873218977,0.1710804914842843,0.02390922588747352,0.1209721633897223,0.16736457356442072,0.0,0.25522302124136437,0.25522302124136437,0.25522302124136437,0.04781845177494704,0.11761783789544546,0.0,0.07560760976647038,0.0,0.0,0.24526852629888118,0.17975546277297128,0.15160861550134588,0.13544604947502398,0.08870757003553771,0.05950684577422423,0.10036115718592681,0.2380274169361494,0.11220717970538771,0.09867037047567666,0.03198396893899176,0.07527086577449184,0.0,0.15967362606396787,0.2830848143549036,0.2830848143549036,0.26400195339446936,0.028051797041300213,0.2830848143549036,0.2830848143549036,0.26344800483128206,0.039671231926118336,0.09757832703909149,0.0,0.0627257242986809,0.0,0.0,0.21609445467880656,0.1045710478287667,0.07527086577449184,0.14656792045110872,0.2830848143549036,0.2830848143549036,0.11414851224104038,0.0,0.0,0.07361033389765298,0.02386076612078515,0.05615377276597548,0.0,0.1191201459217695,0.277885921276938,0.277885921276938,0.19695144393716477,0.020927276716249117,0.11413173837259222,0.11017029130995362,0.20775059739266669,0.050522912191924486,0.185298004767197,0.277885921276938,0.277885921276938,0.22220405644671007,0.0963913178394702,0.16121136350916399,0.07801237301121189,0.05615377276597548,0.10934299233983662,0.277885921276938,0.277885921276938,0.08515737864848315,0.0,0.0,0.132355717690855,0.029595638631281583,0.03743584956251906,0.10542350221742976,0.277885921276938,0.277885921276938,0.25413099068174216,0.06519737412722011,0.04025442125553137,0.10019396421598895,0.09671628928614787,0.1823800830322743,0.04435305138102454,0.16266940225101395,0.26873878272382506,0.25415418658506217,0.19506848487305312,0.08462000481243123,0.26873878272382506,0.11181987798005116,0.03737898021637373,0.0,0.04066735056275349,0.01299070880832242,0.1028869067544309,0.26873878272382506,0.26873878272382506,0.11619243017929566,0.02598141761664484,0.03286418155848325,0.09254917833823126,0.26873878272382506,0.26873878272382506,0.22309650014631582,0.05723546721906265,0.035338549121587785,0.22657523884962655,0.0,0.0,0.01299070880832242,0.0,0.13103142738456858,0.26873878272382506,0.26873878272382506,0.24133760004118943,0.2880701376923991,0.10267434152960976,0.034321824080769996,0.0,0.03734124483242088,0.011928223290812034,0.09447198113482254,0.2750924228993527,0.2772374493067501,0.16536836997214963,0.019233681673470504,0.0,0.0,0.0,0.023856446581624068,0.15486235988141872,0.2880701376923991,0.2880701376923991,0.20804407835205918,0.0,0.0,0.011928223290812034,0.0,0.12031461462331046,0.2880701376923991,0.2880701376923991,0.2215990539265844,0.18708533280426184,0.0,0.0,0.0,0.005334463547488697,0.0865765094911022,0.2806246619107774,0.2880701376923991,0.21639307626028637,0.13764464234374382,0.01600918746035974,0.0,0.0,0.0,0.019856953647624985,0.12889994708163316,0.3331453672022479,0.3331453672022479,0.0,0.0,0.0,0.0,0.031081048271167956,0.14708239961602534,0.3331453672022479,0.3331453672022479,0.027008377380922325,0.1557207930751194,0.0,0.0,0.0,0.004440149753023994,0.0720621040545992,0.23357841180903116,0.3331453672022479,0.18011514289295996,0.09892702227425644,0.0,0.0,0.0,0.179300416470573,0.3331453672022479,0.3331453672022479,0.07184313182556823,0.0,0.0,0.0,0.0,0.0,0.026379297992274217,0.12483267665360799,0.33676976016459126,0.33676976016459126,0.022922715765673105,0.05676168372354992,0.008426557767927436,0.0,0.03950934584799343,0.07186876868462916,0.33676976016459126,0.33676976016459126,0.10826879232729979,0.08532068569952753,0.08396194932980282,0.0,0.0,0.0,0.15217694959805103,0.33676976016459126,0.33173008592050834,0.060975143649930945,0.0,0.04522165370104151,0.0,0.0,0.0,0.33676976016459126,0.33676976016459126,0.11350103498891384,0.037146953443471,0.0,0.0521752299406792,0.00774567560911905,0.0,0.03631691431960845,0.06606163323020427,0.3504410069793708,0.3504410069793708,0.09952046458996794,0.0784266093435549,0.02521809233303893,0.0,0.02019824982055635,0.11015184290111656,0.3504410069793708,0.3504410069793708,0.07980584064225406,0.04343527747378864,0.0,0.04156765665446059,0.0,0.0,0.0,0.3504410069793708,0.3504410069793708,0.1043299319289694,0.034145407788611505,0.0,0.10546982461315584,0.0309827024364762,0.004898795232561223,0.0,0.2548218572888847,0.3504410069793708,0.059698344588680355,0.0,0.0,0.026940369310469087,0.0,0.021577695188228017,0.11767469516704904,0.3439251263519141,0.3439251263519141,0.08525620382545723,0.0464017024282801,0.0,0.0,0.0,0.018502721624962123,0.14312991269312664,0.33167943889027085,0.3439251263519141,0.13588842469827164,0.0,0.0,0.11267291707335957,0.033098675143698096,0.005233359883001936,0.0,0.2722249904188105,0.3439251263519141,0.06377546045922036,0.0,0.0,0.0740108864998485,0.0,0.0,0.023404297582593235,0.3439251263519141,0.3439251263519141,0.11027247014233058,0.07498718767702071,0.026959883546771504,0.0,0.0,0.022869828403391045,0.17691216508754284,0.34819898198089755,0.34819898198089755,0.16796150414239183,0.0,0.0,0.0,0.0,0.20877447799770213,0.07389467826617103,0.05971488563484945,0.34819898198089755,0.12206603406683968,0.022869828403391045,0.014464149665790123,0.09147931361356418,0.0,0.0,0.028928299331580247,0.34819898198089755,0.34819898198089755,0.13629954127239516,0.09268604637669645,0.03332309283939368,0.22234019535678481,0.04091079335565097,0.16661508905863934,0.34819898198089755,0.16569144614759662,0.018858943173603555,0.0,0.010227698338912742,0.0,0.0,0.0,0.211651569973796,0.0749130105257204,0.06053780814894757,0.38192423484824617,0.12374820906512263,0.023184994320341698,0.014663478095891257,0.0,0.06047599040076259,0.04950747263142061,0.20317735124742928,0.2935801674687956,0.38192423484824617,0.10263333763739473,0.016718937017335338,0.032788533402991905,0.2254042345926113,0.041474579295522764,0.1689111883731928,0.38192423484824617,0.1679748168679578,0.019118835640358912,0.0,0.010368644823880691,0.0,0.17289228850267382,0.0725805104505248,0.22963676257035082,0.38192423484824617,0.056411527629387635,0.010368644823880691,0.0,0.0,0.0,0.0,0.052532332669949604,0.04300455444693995,0.17648954793462246,0.2550177503595843,0.34969655029653385,0.0891522172694652,0.014522866933842228,0.02848168559243646,0.0989643301855962,0.0,0.16237526903287816,0.34969655029653385,0.34969655029653385,0.10779370987813063,0.0,0.0,0.0,0.15018249648337856,0.06304689671181712,0.19947345590629276,0.34969655029653385,0.049001746250189174,0.009006699941829859,0.0,0.0,0.0,0.05688672143525737,0.0,0.06871620474850654,0.1585295213067527,0.34969655029653385,0.34969655029653385,0.07510086691328582,0.0346624618816848,0.0,0.08513329330940426,0.0,0.13968205896856964,0.32658390458451353,0.3470273230983091,0.09272869833760942,0.0,0.0,0.0,0.0,0.0,0.04519053283193314,0.3470273230983091,0.3470273230983091,0.014286501152125035,0.0,0.0,0.0,0.04893635850690586,0.0,0.059112579279752775,0.13637378447665716,0.31732039762966147,0.3470273230983091,0.06460493511883389,0.029818112532721524,0.0,0.038114841272801646,0.012493183029214181,0.01960091801206962,0.017668029085010237,0.3470273230983091,0.3470273230983091,0.024986366058428362,0.0,0.0,0.0,0.0,0.04514682066156305,0.35854963127260037,0.35854963127260037,0.01427268201937268,0.0,0.0,0.0,0.0,0.017308169690870703,0.02508011025650345,0.18426858318202738,0.35854963127260037,0.17790663708090154,0.012481098548000634,0.0,0.0,0.038077973319915547,0.012481098548000634,0.01958195831821648,0.01765093904758271,0.35854963127260037,0.35854963127260037,0.024962197096001268,0.0,0.0,0.11274807053211414,0.035702444460556426,0.09882198074171109,0.35854963127260037,0.35854963127260037,0.06626367374566361,0.00979097915910824,0.0,0.0,0.0,0.01927829042977371,0.027934880358299566,0.20524314974446808,0.3682179732375317,0.19815704839310672,0.01390177280373537,0.0,0.0,0.0,0.01390177280373537,0.15717341384018566,0.3682179732375317,0.15068977377292306,0.0,0.0,0.017243027409548736,0.0,0.12558173902473238,0.03976631299879795,0.11007049732064257,0.3682179732375317,0.3682179732375317,0.07380620656189157,0.010905447727422577,0.0,0.0,0.08159450528698514,0.055703352499800386,0.11551084288179009,0.3682179732375317,0.36510642283024236,0.0,0.0,0.0,0.0,0.0,0.01208142910163549,0.13659261180430118,0.318569827540025,0.13095796082136263,0.0,0.0,0.014985168876450444,0.0,0.318569827540025,0.318569827540025,0.201651695874785,0.1216551925554261,0.0,0.014985168876450444,0.0,0.007492584438225222,0.0,0.07091025329106637,0.04840937292320886,0.10038547446060452,0.318569827540025,0.3172981909753334,0.0,0.0,0.0,0.0,0.2674972579335797,0.318569827540025,0.318569827540025,0.318569827540025,0.08773198452882207,0.0,0.0,0.0,0.017085721089416493,0.28273324134240413,0.28273324134240413,0.1840225716319596,0.11101965341433115,0.0,0.013675110943257043,0.0,0.006837555471628521,0.0,0.195735335476936,0.28273324134240413,0.28273324134240413,0.27157337442527907,0.0,0.02226146741967869,0.0,0.0,0.01860016212132532,0.24411167531167896,0.28273324134240413,0.28273324134240413,0.28273324134240413,0.08006213554184098,0.0,0.0,0.0,0.01559202524640896,0.2715527511236872,0.26420521001152386,0.22197941993365514,0.10194166798963933,0.012231390888005806,0.00966976365674573,0.05652517436766474,0.07027088483296481,0.057201252386309014,0.22265027319352296,0.2813827891405203,0.2813827891405203,0.2813827891405203,0.0,0.02532257035043226,0.0,0.0,0.021157810712439728,0.2813827891405203,0.22928401004866789,0.09921849253113595,0.022119257522644254,0.0,0.01099942181949527,0.022379452685536035,0.0466665930068346,0.1656508653147571,0.2813827891405203,0.2813827891405203,0.25250309746648586,0.11595933954587928,0.01391329018909903,0.01099942181949527,0.06429776966231547,0.0799336086531693,0.06506681299925052,0.2813827891405203,0.2813827891405203,0.16577912102818926,0.12922234168825825,0.08082436621101402,0.01773603459127249,0.0,0.017391612736373786,0.2813827891405203,0.326945766695586,0.14112943625013558,0.0610712012300173,0.013614897714758854,0.0,0.006770390138123055,0.013775053656929154,0.02872433172017157,0.10196181247552563,0.4467939745378829,0.4467939745378829,0.012111241712283585,0.0,0.0,0.010916925967266044,0.0,0.009574777580357642,0.1655196353914211,0.21609497427252652,0.1848076309015435,0.10204075673565392,0.07953924143910113,0.04974920508505468,0.010916925967266044,0.0,0.010704926612388385,0.2253798679334867,0.4467939745378829,0.2775854311045949,0.05236390905517263,0.009574777580357642,0.0,0.0,0.0,0.014362165860085785,0.0,0.4086172161436151,0.4086172161436151,0.010837797723468188,0.0,0.0,0.009769059044978651,0.0,0.00856803167902001,0.14811597111591235,0.10273815399925042,0.2900377847594512,0.09960923228355711,0.16093029645208368,0.08646826974676942,0.04260726960835736,0.03251339225684651,0.004284015839510005,0.04517348706822409,0.4086172161436151,0.2483985395355531,0.046858073501617935,0.00856803167902001,0.0,0.0,0.0,0.012852047061750988,0.0,0.3442105494993232,0.014963424065146702,0.06185042355540692,0.04377750458657079,0.007663480394547363,0.0,0.11991467518923977,0.17356572519602162,0.31752044668752427,0.21829258014877184,0.2993892222572794,0.21164441325249697,0.2993892222572794,0.18372319308131627,0.09052966647590867,0.0690827312819725,0.00910244962170207,0.0959822292165359,0.037540865624774294,0.08044157249533052,0.10707109730166865,0.26863036693582526,0.2993892222572794,0.10306972456221894,0.03194794147036044,0.0,0.029656894812379323,0.2993892222572794,0.03179348975907169,0.1314164992812958,0.09301611968565208,0.016282956653644737,0.0,0.2547883412909293,0.2993892222572794,0.2993892222572794,0.09362700075845723,0.0,0.00575689443525435,0.05951612000779113,0.2771471724323698,0.13199245644823812,0.08692346650497736,0.058810661767952764,0.0
